-2500.00,0.00,0.00,0.00,-2677.34,-797.85,6.46,2.46,0.00,0.00,0.00,0.00,0.00,0.00,0.00,0.00
-2499.59,0.00,0.29,0.00,-2676.25,-797.45,6.22,2.43,1.45,0.00,1.03,0.00,4.29,1.48,-0.93,-0.14
-2498.60,0.00,0.99,0.00,-2672.78,-796.49,5.48,2.34,2.73,0.00,1.89,0.00,8.86,2.01,-1.89,-0.21
-2496.99,0.00,2.08,0.00,-2666.60,-795.65,4.16,2.22,4.03,0.00,2.68,0.00,13.06,0.89,-2.81,-0.22
-2494.73,0.00,3.53,0.00,-2659.74,-795.74,2.65,2.12,5.35,0.00,3.38,0.00,15.62,-1.16,-3.48,-0.21
-2492.35,0.00,5.00,0.00,-2650.76,-797.25,1.18,2.02,6.44,0.00,3.87,0.00,17.31,-4.21,-2.14,-0.19
-2488.26,0.00,7.35,0.00,-2642.74,-799.85,0.46,1.93,7.97,0.00,4.43,0.00,17.81,-6.99,-1.15,-0.18
-2483.65,0.00,9.80,0.00,-2635.84,-800.66,0.17,1.85,9.39,0.00,4.82,0.00,14.43,2.45,-0.26,-0.19
-2478.43,0.00,12.37,0.00,-2630.45,-797.71,0.24,1.77,10.74,0.00,5.11,0.00,12.80,11.39,0.54,-0.20
-2472.73,0.00,14.97,0.00,-2624.44,-789.09,0.77,1.68,12.04,0.00,5.31,0.00,11.94,22.54,1.49,-0.17
-2467.25,0.00,17.31,0.00,-2618.04,-773.51,1.85,1.60,13.15,0.00,5.44,0.00,12.23,34.60,2.44,-0.13
-2460.73,0.00,19.90,0.00,-2612.06,-751.55,3.37,1.55,14.33,0.00,5.55,0.00,10.86,47.68,3.25,-0.06
-2452.28,0.00,23.04,0.00,-2607.53,-723.44,5.27,1.55,15.70,0.00,5.64,0.00,6.66,58.57,3.90,0.05
-2444.97,0.00,25.59,0.00,-2605.68,-690.30,7.44,1.59,16.77,0.00,5.69,0.00,0.83,68.26,4.42,0.09
-2436.36,0.00,28.41,0.00,-2606.37,-662.77,9.20,1.62,17.93,0.00,5.73,0.00,-4.03,74.39,4.72,0.09
-2428.25,0.00,30.94,0.00,-2609.17,-624.63,11.56,1.65,18.92,0.00,5.76,0.00,-6.99,82.57,5.01,0.04
-2418.79,0.00,33.73,0.00,-2612.43,-575.70,14.48,1.65,19.99,0.00,5.78,0.00,-3.96,89.45,5.27,-0.06
-2409.09,0.00,36.46,0.00,-2613.03,-533.43,16.94,1.61,21.01,0.00,5.79,0.00,0.95,93.96,5.42,-0.08
-2397.64,0.00,39.54,0.00,-2610.99,-484.22,19.75,1.57,22.11,0.00,5.81,0.00,6.41,97.76,5.54,-0.08
-2386.23,0.00,42.46,0.00,-2607.50,-436.34,22.42,1.54,23.11,0.00,5.81,0.00,7.79,101.84,5.62,-0.04
-2375.48,0.00,45.11,0.00,-2602.67,-375.44,25.73,1.53,23.99,0.00,5.82,0.00,8.57,105.78,5.69,-0.02
-2364.43,0.00,47.74,0.00,-2597.41,-323.66,28.52,1.50,24.84,0.00,5.82,0.00,12.97,106.48,5.73,-0.07
-2350.81,0.00,50.87,0.00,-2591.11,-280.02,30.88,1.47,25.80,0.00,5.83,0.00,17.28,106.45,5.76,-0.08
-2338.22,0.00,53.66,0.00,-2579.70,-220.31,34.12,1.43,26.63,0.00,5.83,0.00,22.68,105.82,5.78,-0.08
-2321.59,0.00,57.23,0.00,-2567.16,-167.97,37.00,1.39,27.64,0.00,5.83,0.00,27.24,104.72,5.80,-0.08
-2308.63,0.00,59.92,0.00,-2553.76,-120.55,39.65,1.35,28.37,0.00,5.83,0.00,31.11,103.34,5.81,-0.08
-2291.86,0.00,63.31,0.00,-2536.92,-69.03,42.57,1.31,29.24,0.00,5.83,0.00,35.31,101.46,5.81,-0.08
-2278.34,0.00,65.97,0.00,-2517.57,-17.72,45.55,1.27,29.89,0.00,5.83,0.00,39.77,99.00,5.82,-0.09
-2261.32,0.00,69.25,0.00,-2495.15,32.33,48.74,1.22,30.66,0.00,5.83,0.00,41.94,85.68,5.82,-0.10
-2246.85,0.00,71.97,0.00,-2470.92,75.30,51.96,1.15,31.27,0.00,5.83,0.00,45.26,71.58,5.83,-0.13
-2232.68,0.00,74.59,0.00,-2449.79,105.02,54.61,1.08,31.83,0.00,5.83,0.00,47.24,60.40,5.83,-0.15
-2213.27,0.00,78.10,0.00,-2430.49,127.33,56.96,1.02,32.54,0.00,5.83,0.00,48.11,51.14,5.83,-0.15
-2197.11,0.00,80.97,0.00,-2404.89,151.20,60.06,0.94,33.08,0.00,5.83,0.00,48.13,40.00,5.83,-0.16
-2184.17,0.00,83.24,0.00,-2379.29,169.58,63.19,0.85,33.50,0.00,5.83,0.00,47.16,29.65,5.83,-0.17
-2166.49,0.00,86.29,0.00,-2354.75,182.54,66.28,0.76,34.03,0.00,5.83,0.00,45.31,20.23,5.83,-0.18
-2148.46,0.00,89.35,0.00,-2333.55,190.20,69.09,0.67,34.53,0.00,5.83,0.00,42.89,12.45,5.83,-0.18
-2127.97,0.00,92.78,0.00,-2308.29,194.81,72.71,0.56,35.07,0.00,5.83,0.00,38.82,3.50,5.83,-0.19
-2113.69,0.00,95.15,0.00,-2290.33,194.85,75.56,0.46,35.41,0.00,5.83,0.00,34.94,-2.64,5.83,-0.20
-2098.05,0.00,97.71,0.00,-2277.60,192.94,77.80,0.38,35.77,0.00,5.83,0.00,31.53,-6.78,5.83,-0.20
-2079.12,0.00,100.78,0.00,-2264.13,188.71,80.50,0.29,36.18,0.00,5.83,0.00,27.13,-11.03,5.83,-0.21
-2060.53,0.00,103.76,0.00,-2252.60,182.53,83.25,0.19,36.55,0.00,5.83,0.00,22.26,-14.73,5.83,-0.22
-2043.09,0.00,106.53,0.00,-2243.85,175.30,85.85,0.09,36.88,0.00,5.83,0.00,17.42,-17.37,5.83,-0.22
-2025.76,0.00,109.25,0.00,-2236.44,165.65,88.88,-0.03,37.18,0.00,5.83,0.00,11.63,-19.41,5.83,-0.23
-2008.78,0.00,111.91,0.00,-2232.15,155.72,91.78,-0.14,37.46,0.00,5.83,0.00,6.13,-20.29,5.83,-0.24
-1985.30,0.00,115.54,0.00,-2230.55,145.43,94.74,-0.26,37.82,0.00,5.83,0.00,0.74,-20.13,5.83,-0.24
-1962.74,0.00,119.01,0.00,-2231.19,137.12,97.21,-0.36,38.14,0.00,5.83,0.00,-3.33,-19.17,5.83,-0.24
-1945.45,0.00,121.64,0.00,-2233.93,128.23,100.07,-0.48,38.37,0.00,5.83,0.00,-7.42,-17.30,5.83,-0.24
-1926.19,0.00,124.56,0.00,-2238.96,119.79,103.17,-0.61,38.61,0.00,5.83,0.00,-11.05,-14.59,5.83,-0.24
-1908.26,0.00,127.26,0.00,-2242.72,112.10,105.91,-0.71,38.82,0.00,5.83,0.00,-5.62,-18.12,5.83,-0.21
-1887.77,0.00,130.33,0.00,-2243.26,102.88,108.57,-0.79,39.05,0.00,5.83,0.00,2.36,-22.17,5.83,-0.12
-1868.71,0.00,133.17,0.00,-2239.60,91.26,111.44,-0.81,39.24,0.00,5.83,0.00,11.61,-24.95,5.83,0.01
-1847.02,0.00,136.38,0.00,-2230.37,77.09,114.55,-0.78,39.45,0.00,5.83,0.00,22.01,-27.72,5.83,0.11
-1831.36,0.00,138.69,0.00,-2218.75,64.77,117.49,-0.71,39.59,0.00,5.83,0.00,23.85,-21.78,5.83,0.13
-1810.77,0.00,141.72,0.00,-2208.69,56.92,119.88,-0.66,39.76,0.00,5.83,0.00,24.95,-16.91,5.83,0.14
-1783.71,0.00,145.68,0.00,-2194.10,49.34,123.23,-0.58,39.97,0.00,5.83,0.00,25.68,-10.29,5.83,0.14
-1769.52,0.00,147.75,0.00,-2179.46,44.32,126.01,-0.51,40.07,0.00,5.83,0.00,34.66,-10.57,5.83,0.14
-1748.17,0.00,150.85,0.00,-2160.31,39.21,128.85,-0.45,40.22,0.00,5.83,0.00,43.17,-10.41,5.83,0.13
-1730.24,0.00,153.44,0.00,-2138.18,35.28,131.92,-0.38,40.33,0.00,5.83,0.00,40.97,-5.14,5.83,0.13
-1713.36,0.00,155.88,0.00,-2118.47,33.14,134.49,-0.32,40.43,0.00,5.83,0.00,47.88,-4.61,5.83,0.12
-1690.77,0.00,159.13,0.00,-2088.02,30.81,137.87,-0.25,40.56,0.00,5.83,0.00,56.28,-3.41,5.83,0.11
-1668.25,0.00,162.37,0.00,-2058.58,29.51,140.73,-0.20,40.68,0.00,5.83,0.00,62.75,-1.94,5.83,0.11
-1646.04,0.00,165.55,0.00,-2022.73,29.07,143.89,-0.15,40.79,0.00,5.83,0.00,69.15,0.21,5.83,0.10
-1626.81,0.00,168.29,0.00,-1984.60,29.91,146.96,-0.09,40.88,0.00,5.83,0.00,74.61,2.80,5.83,0.09
-1608.72,0.00,170.87,0.00,-1948.18,31.91,149.72,-0.05,40.96,0.00,5.83,0.00,78.80,5.47,5.83,0.09
-1588.55,0.00,173.74,0.00,-1906.73,33.67,152.71,-0.04,41.04,0.00,5.83,0.00,82.62,1.33,5.83,-0.04
-1570.69,0.00,176.28,0.00,-1868.35,32.83,155.37,-0.07,41.10,0.00,5.83,0.00,85.38,-4.64,5.83,-0.09
-1548.28,0.00,179.45,0.00,-1828.85,29.06,158.04,-0.11,41.18,0.00,5.83,0.00,87.28,-11.25,5.83,-0.09
-1527.61,0.00,182.38,0.00,-1782.31,20.93,161.12,-0.16,41.25,0.00,5.83,0.00,88.55,-18.68,5.83,-0.09
-1508.80,0.00,185.04,0.00,-1738.70,10.07,163.98,-0.20,41.31,0.00,5.83,0.00,88.98,-24.80,5.83,-0.09
-1483.11,0.00,188.66,0.00,-1687.11,-3.40,167.33,-0.21,41.39,0.00,5.83,0.00,91.12,-21.57,5.83,0.06
-1462.91,0.00,191.50,0.00,-1644.67,-11.92,170.01,-0.18,41.44,0.00,5.83,0.00,93.08,-15.79,5.83,0.09
-1441.79,0.00,194.47,0.00,-1597.52,-17.95,173.10,-0.13,41.49,0.00,5.83,0.00,85.70,-7.99,5.83,0.08
-1419.97,0.00,197.54,0.00,-1559.34,-20.15,175.80,-0.09,41.55,0.00,5.83,0.00,79.74,-2.22,5.83,0.09
-1400.46,0.00,200.28,0.00,-1517.68,-19.60,179.00,-0.05,41.59,0.00,5.83,0.00,73.15,3.46,5.83,0.09
-1377.68,0.00,203.47,0.00,-1484.79,-16.92,181.73,-0.00,41.64,0.00,5.83,0.00,67.88,7.47,5.83,0.09
-1353.63,0.00,206.84,0.00,-1453.95,-12.47,184.49,0.04,41.68,0.00,5.83,0.00,62.83,10.91,5.83,0.09
-1334.23,0.00,209.55,0.00,-1425.89,-6.62,187.21,0.09,41.72,0.00,5.83,0.00,58.11,13.80,5.83,0.10
-1313.01,0.00,212.52,0.00,-1396.71,0.72,190.24,0.12,41.75,0.00,5.83,0.00,54.70,14.30,5.83,0.06
-1292.02,0.00,215.45,0.00,-1367.54,8.27,193.45,0.15,41.78,0.00,5.83,0.00,51.77,13.21,5.83,0.02
-1270.92,0.00,218.39,0.00,-1345.60,14.00,195.98,0.16,41.82,0.00,5.83,0.00,49.57,13.23,5.83,0.03
-1270.92,0.00,218.39,0.00,-1298.18,27.70,201.86,0.20,41.82,0.00,5.83,0.00,44.77,14.00,5.83,0.04
-1230.04,0.00,224.09,0.00,-1298.18,27.70,201.86,0.20,41.87,0.00,5.83,0.00,44.77,14.00,5.83,0.04
-1213.42,0.00,226.40,0.00,-1277.70,34.09,204.59,0.21,41.89,0.00,5.83,0.00,42.99,13.32,5.83,0.02
-1191.04,0.00,229.52,0.00,-1255.15,40.93,207.72,0.21,41.92,0.00,5.83,0.00,41.22,12.20,5.83,-0.00
-1170.54,0.00,232.37,0.00,-1233.63,47.03,210.83,0.21,41.94,0.00,5.83,0.00,39.70,10.80,5.83,-0.02
-1147.74,0.00,235.54,0.00,-1215.87,51.61,213.49,0.19,41.96,0.00,5.83,0.00,38.54,9.43,5.83,-0.04
-1126.88,0.00,238.44,0.00,-1195.88,56.10,216.57,0.17,41.98,0.00,5.83,0.00,37.29,7.75,5.83,-0.04
-1107.59,0.00,241.12,0.00,-1176.04,59.79,219.73,0.15,42.00,0.00,5.83,0.00,36.06,6.02,5.83,-0.05
-1086.57,0.00,244.04,0.00,-1160.36,62.10,222.30,0.13,42.01,0.00,5.83,0.00,35.09,4.62,5.83,-0.05
-1066.49,0.00,246.83,0.00,-1144.03,63.91,225.06,0.10,42.03,0.00,5.83,0.00,34.06,3.16,5.83,-0.05
-1047.78,0.00,249.42,0.00,-1125.49,66.25,228.41,0.10,42.04,0.00,5.83,0.00,30.82,5.08,5.83,0.04
-1023.07,0.00,252.85,0.00,-1110.99,69.46,231.30,0.13,42.06,0.00,5.83,0.00,27.92,7.65,5.83,0.09
-1005.78,0.00,254.90,0.00,-1098.31,73.81,234.12,0.18,42.07,0.00,4.37,0.00,24.96,10.14,5.83,0.11
-985.18,0.00,256.66,0.00,-1086.49,79.63,237.09,0.24,42.08,0.00,2.98,0.00,21.73,12.36,5.83,0.12
-963.75,0.00,257.83,0.00,-1074.67,83.46,240.56,0.21,42.09,0.00,1.79,0.00,18.39,1.19,5.83,-0.20
-940.22,0.00,258.47,0.00,-1065.86,80.96,243.73,0.08,42.10,0.00,0.61,0.00,14.06,-9.01,5.83,-0.25
-920.62,0.00,258.51,0.00,-1060.00,73.79,246.93,-0.06,42.11,0.00,-0.32,0.00,7.67,-15.92,5.83,-0.27
-902.89,0.00,258.19,0.00,-1057.99,64.33,250.01,-0.20,42.12,0.00,-1.15,0.00,0.53,-19.10,5.83,-0.28
-880.64,0.00,257.29,0.00,-1059.35,55.07,252.82,-0.34,42.13,0.00,-2.12,0.00,-5.59,-19.12,5.83,-0.29
-858.47,0.00,255.92,0.00,-1063.06,46.89,255.44,-0.47,42.14,0.00,-2.98,0.00,-10.36,-17.33,5.83,-0.28
-839.52,0.00,254.43,0.00,-1068.21,40.27,257.87,-0.58,42.15,0.00,-3.59,0.00,-13.91,-14.63,5.83,-0.26
-818.44,0.00,252.47,0.00,-1076.31,33.76,260.40,-0.71,42.16,0.00,-4.16,0.00,-16.21,-10.36,3.99,-0.22
-795.69,0.00,250.08,0.00,-1082.19,27.59,262.24,-0.78,42.16,0.00,-4.63,0.00,-5.04,-11.29,2.43,-0.03
-772.51,0.00,247.42,0.00,-1083.94,23.78,263.05,-0.77,42.17,0.00,-4.98,0.00,-3.41,-7.28,1.49,0.08
-750.18,0.00,245.27,0.00,-1085.26,21.26,263.51,-0.70,42.18,0.00,-3.36,0.00,-1.86,-2.76,0.39,0.18
-728.59,0.00,243.92,0.00,-1086.04,21.09,263.40,-0.59,42.18,0.00,-2.10,0.00,-1.23,1.70,-0.70,0.22
-710.59,0.00,243.24,0.00,-1086.70,22.90,262.80,-0.48,42.19,0.00,-1.18,0.00,-1.60,5.37,-1.64,0.22
-687.96,0.00,242.93,0.00,-1087.64,25.97,261.89,-0.38,42.19,0.00,-0.09,0.00,-2.65,8.19,-2.41,0.21
-666.64,0.00,243.17,0.00,-1086.72,29.61,260.55,-0.29,42.20,0.00,0.92,0.00,5.73,7.53,-3.15,0.21
-646.27,0.00,243.86,0.00,-1081.62,33.30,258.86,-0.19,42.20,0.00,1.83,0.00,14.44,7.85,-3.78,0.19
-622.73,0.00,245.17,0.00,-1073.44,36.89,257.10,-0.11,42.20,0.00,2.78,0.00,22.31,8.65,-4.24,0.16
-603.13,0.00,246.64,0.00,-1060.86,40.52,255.06,-0.06,42.21,0.00,3.44,0.00,31.81,7.43,-4.63,0.08
-579.78,0.00,248.75,0.00,-1040.28,43.32,252.39,-0.05,42.21,0.00,4.09,0.00,41.53,2.97,-4.99,-0.04
-555.34,0.00,251.29,0.00,-1013.27,43.09,249.42,-0.09,42.22,0.00,4.61,0.00,50.96,-3.41,-5.25,-0.10
-536.52,0.00,253.01,0.00,-982.05,40.13,247.07,-0.13,42.22,0.00,3.30,0.00,60.89,-6.80,-3.50,-0.05
-516.74,0.00,254.25,0.00,-949.17,37.05,245.66,-0.13,42.22,0.00,2.14,0.00,67.98,-5.02,-2.23,0.06
-497.96,0.00,254.96,0.00,-913.26,35.61,244.85,-0.09,42.22,0.00,1.18,0.00,74.22,-0.93,-1.14,0.09
-475.48,0.00,255.27,0.00,-865.67,36.85,244.57,-0.04,42.23,0.00,0.09,0.00,80.44,4.41,0.10,0.09
-455.43,0.00,255.07,0.00,-817.86,39.70,244.98,-0.00,42.23,0.00,-0.85,0.00,86.67,5.30,1.23,0.04
-431.07,0.00,254.23,0.00,-768.97,41.33,245.97,-0.02,42.23,0.00,-1.94,0.00,90.26,0.36,2.24,-0.07
-410.65,0.00,253.07,0.00,-727.76,39.97,247.16,-0.05,42.23,0.00,-2.75,0.00,92.39,-5.88,2.96,-0.09
-391.97,0.00,251.70,0.00,-678.40,34.67,248.94,-0.10,42.23,0.00,-3.39,0.00,93.92,-13.36,3.68,-0.09
-371.69,0.00,249.91,0.00,-630.17,25.98,250.99,-0.14,42.24,0.00,-3.97,0.00,94.52,-19.83,4.23,-0.09
-348.31,0.00,248.17,0.00,-581.90,14.27,252.74,-0.19,42.24,0.00,-2.51,0.00,94.56,-25.36,2.83,-0.09
-322.47,0.00,247.10,0.00,-540.54,2.18,253.73,-0.22,42.24,0.00,-1.15,0.00,94.32,-29.39,1.80,-0.08
-300.50,0.00,246.80,0.00,-489.03,-12.92,254.36,-0.23,42.24,0.00,-0.10,0.00,95.65,-25.85,0.66,0.05
-279.02,0.00,247.04,0.00,-432.09,-22.94,254.34,-0.16,42.24,0.00,0.91,0.00,84.92,-7.33,-0.61,0.14
-256.77,0.00,247.81,0.00,-393.60,-23.27,253.80,-0.09,42.24,0.00,1.91,0.00,76.62,4.18,-1.53,0.15
-234.64,0.00,249.07,0.00,-357.67,-20.20,252.81,-0.03,42.25,0.00,2.79,0.00,70.64,7.69,-2.41,0.09
-213.07,0.00,250.70,0.00,-319.58,-14.82,251.16,0.02,42.25,0.00,3.51,0.00,64.36,10.94,-3.27,0.09
-190.47,0.00,252.18,0.00,-287.08,-8.19,249.81,0.07,42.25,0.00,2.18,0.00,58.92,13.76,-1.99,0.10
-167.39,0.00,253.01,0.00,-259.50,-0.79,249.13,0.12,42.25,0.00,0.99,0.00,54.17,16.14,-0.94,0.10
-148.31,0.00,253.23,0.00,-227.30,8.73,248.97,0.16,42.25,0.00,0.08,0.00,50.82,14.76,0.30,0.03
-126.21,0.00,252.97,0.00,-203.12,16.46,249.39,0.18,42.25,0.00,-0.96,0.00,46.50,16.23,1.28,0.08
-101.00,0.00,252.03,0.00,-184.11,23.76,250.13,0.22,42.25,0.00,-2.07,0.00,42.80,17.75,2.07,0.09
-76.34,0.00,250.51,0.00,-163.20,32.80,251.40,0.26,42.25,0.00,-3.02,0.00,40.49,18.04,2.90,0.06
-54.89,0.00,248.78,0.00,-142.45,41.98,252.56,0.28,42.25,0.00,-3.70,0.00,38.74,16.96,1.67,0.03
-32.78,0.00,247.24,0.00,-121.73,50.85,253.13,0.29,42.25,0.00,-2.36,0.00,37.25,15.60,0.53,0.00
-9.93,0.00,246.32,0.00,-102.98,59.50,253.10,0.31,42.25,0.00,-1.17,0.00,33.43,16.87,-0.53,0.07
11.89,0.00,246.02,0.00,-88.63,67.53,252.64,0.35,42.25,0.00,-0.12,0.00,29.99,18.29,-1.42,0.10
34.21,0.00,246.26,0.00,-75.81,76.19,251.78,0.39,42.26,0.00,0.93,0.00,26.54,19.51,-2.24,0.11
57.02,0.00,247.07,0.00,-63.30,86.46,250.40,0.45,42.26,0.00,1.95,0.00,22.76,20.47,-3.06,0.11
76.52,0.00,248.17,0.00,-52.69,97.11,248.64,0.51,42.26,0.00,2.72,0.00,19.11,21.02,-3.74,0.11
95.45,0.00,249.55,0.00,-43.85,108.01,246.55,0.56,42.26,0.00,3.38,0.00,15.58,21.21,-4.28,0.12
117.24,0.00,251.47,0.00,-36.52,115.57,244.90,0.56,42.26,0.00,4.00,0.00,16.05,12.07,-2.98,-0.15
140.20,0.00,253.20,0.00,-27.78,118.82,243.68,0.45,42.26,0.00,2.55,0.00,16.28,1.13,-1.72,-0.24
161.46,0.00,254.17,0.00,-20.11,116.88,243.11,0.33,42.26,0.00,1.42,0.00,14.18,-7.71,-0.67,-0.26
182.67,0.00,254.59,0.00,-13.68,110.57,243.07,0.18,42.26,0.00,0.39,0.00,9.64,-14.47,0.41,-0.27
203.46,0.00,254.52,0.00,-10.42,102.78,243.51,0.06,42.26,0.00,-0.59,0.00,4.55,-17.92,1.34,-0.27
221.37,0.00,254.07,0.00,-9.65,94.08,244.35,-0.07,42.26,0.00,-1.42,0.00,-0.77,-19.30,2.18,-0.28
248.47,0.00,252.76,0.00,-11.38,85.00,245.58,-0.20,42.26,0.00,-2.55,0.00,-5.99,-18.89,2.95,-0.27
270.01,0.00,251.23,0.00,-16.02,75.55,247.39,-0.34,42.26,0.00,-3.32,0.00,-10.67,-16.43,3.68,-0.24
291.73,0.00,249.34,0.00,-21.95,68.44,249.30,-0.45,42.26,0.00,-3.95,0.00,-13.55,-13.41,4.20,-0.21
308.24,0.00,248.03,0.00,-26.81,61.11,251.54,-0.55,42.26,0.00,-2.89,0.00,-6.65,-15.87,4.64,-0.20
327.63,0.00,246.98,0.00,-27.45,53.05,253.48,-0.61,42.26,0.00,-1.82,0.00,3.23,-16.09,3.14,-0.04
353.51,0.00,246.31,0.00,-23.09,44.64,254.71,-0.61,42.26,0.00,-0.53,0.00,13.19,-17.42,1.94,0.08
377.12,0.00,246.36,0.00,-16.42,37.51,255.38,-0.55,42.26,0.00,0.59,0.00,14.19,-12.48,0.91,0.14
397.82,0.00,246.90,0.00,-9.90,33.02,255.56,-0.49,42.26,0.00,1.53,0.00,14.69,-7.93,-0.00,0.16
415.29,0.00,247.70,0.00,0.67,29.01,255.27,-0.41,42.26,0.00,2.27,0.00,25.17,-7.39,-1.02,0.15
435.53,0.00,249.00,0.00,15.22,25.82,254.53,-0.34,42.26,0.00,3.04,0.00,34.48,-5.94,-1.92,0.14
456.03,0.00,250.65,0.00,33.95,23.46,253.40,-0.27,42.26,0.00,3.69,0.00,43.08,-4.11,-2.73,0.13
477.53,0.00,252.15,0.00,55.16,22.06,252.01,-0.22,42.26,0.00,2.38,0.00,50.53,-2.25,-3.38,0.12
501.46,0.00,253.10,0.00,80.76,21.56,250.73,-0.17,42.26,0.00,1.14,0.00,57.62,-0.07,-2.22,0.11
521.89,0.00,253.39,0.00,111.44,22.19,249.93,-0.11,42.26,0.00,0.15,0.00,64.40,2.40,-1.13,0.10
521.89,0.00,253.39,0.00,175.54,26.79,249.79,-0.02,42.26,0.00,0.15,0.00,74.62,7.55,0.72,0.09
546.90,0.00,253.10,0.00,217.85,30.91,250.49,0.01,42.26,0.00,-1.02,0.00,81.11,7.61,1.75,0.04
567.92,0.00,252.33,0.00,259.05,33.70,251.59,0.00,42.26,0.00,-1.95,0.00,84.95,3.60,2.60,-0.06
593.34,0.00,250.82,0.00,302.38,33.73,252.57,-0.04,42.26,0.00,-2.95,0.00,87.97,-3.04,1.47,-0.09
614.99,0.00,249.11,0.00,354.41,29.28,253.05,-0.09,42.26,0.00,-3.65,0.00,90.26,-11.37,0.28,-0.09
634.28,0.00,247.74,0.00,400.81,21.54,252.90,-0.13,42.26,0.00,-2.47,0.00,91.20,-18.12,-0.74,-0.09
657.22,0.00,246.77,0.00,443.56,11.66,252.32,-0.18,42.26,0.00,-1.27,0.00,91.47,-23.49,-1.64,-0.09
677.25,0.00,246.42,0.00,488.91,-1.35,251.26,-0.22,42.26,0.00,-0.30,0.00,91.34,-28.38,-2.51,-0.09
698.89,0.00,246.56,0.00,528.42,-13.05,249.95,-0.23,42.26,0.00,0.72,0.00,84.56,-23.34,-3.20,0.04
720.28,0.00,247.20,0.00,571.22,-21.40,248.04,-0.17,42.26,0.00,1.69,0.00,77.08,-9.06,-3.88,0.14
743.41,0.00,248.42,0.00,608.74,-22.22,246.44,-0.09,42.26,0.00,2.64,0.00,69.21,3.99,-2.52,0.16
764.82,0.00,249.97,0.00,642.87,-18.96,245.47,-0.03,42.26,0.00,3.39,0.00,63.74,7.87,-1.37,0.10
783.72,0.00,251.62,0.00,670.79,-14.70,245.09,0.02,42.26,0.00,3.93,0.00,59.25,10.52,-0.43,0.10
803.92,0.00,253.15,0.00,704.48,-7.33,245.23,0.07,42.26,0.00,2.66,0.00,53.66,13.67,0.77,0.10
842.58,0.00,254.60,0.00,704.48,-7.33,245.23,0.07,42.26,0.00,0.66,0.00,53.66,13.67,0.77,0.10
861.61,0.00,254.67,0.00,735.17,1.90,246.08,0.14,42.26,0.00,-0.24,0.00,48.30,16.47,1.92,0.10
881.33,0.00,254.32,0.00,760.27,9.31,247.25,0.15,42.26,0.00,-1.16,0.00,53.67,13.79,2.74,-0.03
902.62,0.00,253.47,0.00,785.84,15.54,248.83,0.14,42.26,0.00,-2.09,0.00,48.68,11.33,3.47,-0.03
920.64,0.00,252.41,0.00,809.64,20.78,250.80,0.12,42.26,0.00,-2.80,0.00,43.89,9.20,4.07,-0.03
940.67,0.00,250.90,0.00,832.26,25.23,253.19,0.10,42.26,0.00,-3.48,0.00,39.13,7.26,4.57,-0.03
959.28,0.00,249.24,0.00,852.96,28.79,255.25,0.09,42.26,0.00,-4.00,0.00,34.51,5.56,2.95,-0.04
980.18,0.00,247.64,0.00,869.46,31.25,256.41,0.07,42.26,0.00,-2.67,0.00,30.54,4.23,1.75,-0.04
1001.95,0.00,246.60,0.00,885.25,33.23,257.03,0.04,42.26,0.00,-1.50,0.00,26.38,2.99,0.58,-0.04
1021.48,0.00,246.15,0.00,895.81,34.31,257.07,0.03,42.26,0.00,-0.54,0.00,23.32,2.18,-0.28,-0.04
1042.55,0.00,246.15,0.00,906.96,32.63,256.60,-0.05,42.26,0.00,0.45,0.00,17.84,-7.50,-1.35,-0.22
1064.43,0.00,246.68,0.00,914.11,26.94,255.69,-0.17,42.26,0.00,1.46,0.00,11.62,-14.48,-2.24,-0.25
1089.24,0.00,247.88,0.00,918.17,18.05,254.26,-0.30,42.26,0.00,2.50,0.00,4.43,-18.37,-3.08,-0.26
1111.01,0.00,249.39,0.00,918.65,8.36,252.48,-0.43,42.26,0.00,3.28,0.00,-1.90,-18.97,-3.76,-0.26
1128.08,0.00,250.84,0.00,919.36,-3.08,250.20,-0.55,42.26,0.00,3.80,0.00,3.85,-22.01,-4.34,-0.19
1146.03,0.00,252.18,0.00,921.65,-12.74,248.33,-0.60,42.26,0.00,2.68,0.00,4.74,-15.05,-2.84,0.01
1168.20,0.00,253.23,0.00,924.64,-19.24,247.15,-0.56,42.26,0.00,1.48,0.00,5.91,-9.16,-1.57,0.14
1191.03,0.00,253.70,0.00,927.65,-22.24,246.67,-0.48,42.26,0.00,0.37,0.00,6.42,-3.82,-0.56,0.20
1211.58,0.00,253.62,0.00,931.16,-22.57,246.70,-0.36,42.26,0.00,-0.60,0.00,5.92,2.03,0.56,0.22
1230.02,0.00,253.15,0.00,933.88,-20.26,247.29,-0.25,42.26,0.00,-1.45,0.00,4.44,6.22,1.57,0.21
1251.27,0.00,252.17,0.00,938.72,-16.62,248.38,-0.14,42.26,0.00,-2.35,0.00,13.06,7.70,2.50,0.19
1272.23,0.00,250.79,0.00,946.67,-12.62,249.72,-0.06,42.26,0.00,-3.13,0.00,20.54,9.51,3.20,0.16
1291.49,0.00,249.21,0.00,957.13,-8.06,250.85,0.01,42.26,0.00,-3.73,0.00,27.32,11.53,2.15,0.15
1314.82,0.00,247.60,0.00,974.72,-0.89,251.67,0.08,42.26,0.00,-2.31,0.00,35.72,14.37,0.97,0.13
1333.95,0.00,246.80,0.00,997.40,6.20,251.86,0.11,42.26,0.00,-1.31,0.00,44.74,11.20,-0.16,-0.02
1355.79,0.00,246.43,0.00,1027.00,11.24,251.38,0.07,42.26,0.00,-0.26,0.00,54.03,5.99,-1.33,-0.10
1395.98,0.00,247.12,0.00,1027.00,11.24,251.38,0.07,42.26,0.00,1.61,0.00,54.03,5.99,-1.33,-0.10
1420.50,0.00,248.39,0.00,1058.66,12.72,250.36,0.01,42.26,0.00,2.62,0.00,61.59,-0.07,-2.31,-0.10
1441.38,0.00,249.88,0.00,1090.45,11.13,249.02,-0.03,42.26,0.00,3.35,0.00,67.35,-5.88,-3.08,-0.10
1462.13,0.00,251.70,0.00,1130.42,6.97,247.71,-0.07,42.26,0.00,3.95,0.00,74.76,-8.44,-1.76,-0.04
1479.68,0.00,253.08,0.00,1170.43,3.29,247.11,-0.07,42.26,0.00,2.83,0.00,79.52,-5.46,-0.67,0.06
1504.16,0.00,254.28,0.00,1212.84,2.06,247.06,-0.03,42.26,0.00,1.50,0.00,83.55,0.35,0.37,0.09
1527.54,0.00,254.76,0.00,1252.31,2.81,247.46,0.00,42.26,0.00,0.36,0.00,87.70,2.43,1.27,0.04
1551.18,0.00,254.62,0.00,1304.03,4.69,248.52,0.02,42.26,0.00,-0.76,0.00,92.06,3.86,2.31,0.02
1572.41,0.00,253.97,0.00,1350.19,6.83,249.87,0.03,42.26,0.00,-1.72,0.00,95.06,4.72,3.09,0.02
1591.45,0.00,253.00,0.00,1395.04,8.26,251.48,0.02,42.26,0.00,-2.50,0.00,96.12,1.13,3.71,-0.06
1616.35,0.00,251.23,0.00,1439.63,7.37,253.33,-0.02,42.26,0.00,-3.38,0.00,96.74,-4.52,4.21,-0.08
1616.35,0.00,251.23,0.00,1517.19,1.84,255.94,-0.06,42.26,0.00,-3.38,0.00,80.21,-7.07,1.93,-0.03
1638.03,0.00,249.31,0.00,1555.48,-1.85,256.61,-0.07,42.26,0.00,-4.00,0.00,72.38,-7.43,0.86,-0.02
1657.90,0.00,247.77,0.00,1592.65,-5.95,256.75,-0.08,42.26,0.00,-2.74,0.00,64.90,-7.57,-0.24,-0.02
1678.84,0.00,246.73,0.00,1628.61,-10.59,256.25,-0.10,42.26,0.00,-1.60,0.00,60.78,-8.57,-1.37,-0.03
1716.93,0.00,246.17,0.00,1628.61,-10.59,256.25,-0.10,42.26,0.00,0.24,0.00,60.78,-8.57,-1.37,-0.03
1737.72,0.00,246.55,0.00,1657.64,-15.09,255.33,-0.11,42.26,0.00,1.21,0.00,57.54,-9.60,-2.26,-0.04
1758.21,0.00,247.38,0.00,1685.03,-19.73,254.01,-0.13,42.26,0.00,2.11,0.00,54.73,-9.29,-3.04,-0.01
1781.42,0.00,248.81,0.00,1706.82,-23.37,252.65,-0.13,42.26,0.00,3.00,0.00,52.66,-8.62,-3.59,0.00
1781.42,0.00,248.81,0.00,1757.33,-30.70,248.47,-0.11,42.26,0.00,3.00,0.00,48.27,-5.92,-4.60,0.03
1802.52,0.00,250.50,0.00,1778.66,-33.01,246.73,-0.09,42.26,0.00,3.67,0.00,46.53,-4.45,-3.27,0.04
1840.73,0.00,252.74,0.00,1778.66,-33.01,246.73,-0.09,42.26,0.00,1.49,0.00,46.53,-4.45,-3.27,0.04
1863.10,0.00,253.20,0.00,1806.25,-35.04,245.24,-0.07,42.26,0.00,0.40,0.00,44.32,-2.43,-1.81,0.05
1884.25,0.00,253.13,0.00,1829.09,-35.83,244.62,-0.04,42.26,0.00,-0.60,0.00,42.51,-0.73,-0.70,0.05
1904.19,0.00,252.60,0.00,1849.75,-35.76,244.54,-0.02,42.26,0.00,-1.52,0.00,40.86,0.81,0.30,0.05
1923.89,0.00,251.68,0.00,1870.38,-34.92,244.99,0.01,42.26,0.00,-2.35,0.00,39.21,2.30,1.31,0.05
1948.27,0.00,250.03,0.00,1891.16,-33.22,246.00,0.04,42.26,0.00,-3.24,0.00,37.53,3.77,2.30,0.05
1971.69,0.00,248.02,0.00,1913.12,-30.46,247.70,0.07,42.26,0.00,-3.93,0.00,35.73,5.26,3.23,0.05
1993.14,0.00,246.41,0.00,1929.64,-27.69,249.38,0.09,42.26,0.00,-2.59,0.00,34.35,6.33,3.83,0.05
2011.05,0.00,245.54,0.00,1947.34,-24.03,251.00,0.12,42.26,0.00,-1.62,0.00,32.85,7.43,2.46,0.05
2032.39,0.00,245.01,0.00,1964.04,-19.86,251.94,0.15,42.26,0.00,-0.57,0.00,31.40,8.43,1.30,0.05
2055.49,0.00,245.03,0.00,1979.49,-15.37,252.30,0.17,42.26,0.00,0.52,0.00,30.04,9.31,0.27,0.05
2079.06,0.00,245.66,0.00,1993.94,-10.57,252.17,0.20,42.26,0.00,1.60,0.00,28.74,10.09,-0.72,0.05
2098.63,0.00,246.61,0.00,2009.35,-4.76,251.45,0.23,42.26,0.00,2.42,0.00,27.31,10.89,-1.77,0.06
2119.06,0.00,247.98,0.00,2021.74,0.46,250.42,0.26,42.26,0.00,3.17,0.00,26.14,11.50,-2.57,0.06
2138.07,0.00,249.56,0.00,2034.24,6.26,248.95,0.29,42.26,0.00,3.75,0.00,24.92,12.08,-3.31,0.06
2158.65,0.00,251.53,0.00,2045.84,12.92,247.64,0.33,42.26,0.00,4.27,0.00,21.80,14.38,-2.09,0.11
2178.05,0.00,253.15,0.00,2055.95,20.80,246.90,0.39,42.26,0.00,2.98,0.00,18.42,16.43,-0.99,0.13
2198.83,0.00,254.30,0.00,2063.56,28.64,246.67,0.45,42.26,0.00,1.82,0.00,15.36,17.77,-0.07,0.13
2222.60,0.00,254.95,0.00,2070.52,38.10,246.93,0.52,42.26,0.00,0.64,0.00,11.94,18.70,0.95,0.14
2242.45,0.00,255.01,0.00,2076.10,48.71,247.79,0.60,42.26,0.00,-0.30,0.00,8.37,19.09,2.00,0.14
2267.33,0.00,254.46,0.00,2079.08,56.96,248.83,0.66,42.26,0.00,-1.45,0.00,5.71,19.02,2.73,0.15
2288.18,0.00,253.50,0.00,2082.33,63.91,250.40,0.66,42.26,0.00,-2.34,0.00,7.31,9.84,3.45,-0.14
2308.72,0.00,252.15,0.00,2086.77,66.49,252.48,0.55,42.26,0.00,-3.10,0.00,8.53,0.47,4.09,-0.25
2327.05,0.00,250.67,0.00,2090.96,64.50,254.17,0.42,42.26,0.00,-3.68,0.00,7.49,-7.26,2.70,-0.27
2348.67,0.00,248.62,0.00,2093.99,59.17,255.21,0.28,42.26,0.00,-4.23,0.00,4.41,-12.86,1.54,-0.28
2369.03,0.00,246.95,0.00,2095.05,50.94,255.71,0.13,42.26,0.00,-2.90,0.00,-0.28,-16.15,0.39,-0.27
2386.71,0.00,245.97,0.00,2093.64,42.41,255.62,-0.00,42.26,0.00,-1.91,0.00,-4.75,-16.67,-0.64,-0.24
2403.25,0.00,245.40,0.00,2089.74,33.50,254.94,-0.13,42.26,0.00,-1.07,0.00,-8.78,-15.40,-1.71,-0.21
2423.72,0.00,245.15,0.00,2087.42,26.10,253.90,-0.22,42.26,0.00,-0.09,0.00,-1.72,-16.02,-2.53,-0.20
2445.68,0.00,245.40,0.00,2088.57,19.74,252.64,-0.28,42.26,0.00,0.94,0.00,6.36,-13.77,-3.20,-0.06
2466.32,0.00,246.11,0.00,2095.40,12.67,250.66,-0.28,42.26,0.00,1.86,0.00,17.35,-12.10,-3.90,0.06
2489.93,0.00,247.44,0.00,2106.28,7.37,248.66,-0.24,42.26,0.00,2.80,0.00,27.02,-10.06,-4.38,0.12
2512.42,0.00,249.16,0.00,2125.59,2.71,246.65,-0.16,42.26,0.00,3.56,0.00,38.17,-6.10,-2.76,0.13
2533.55,0.00,251.10,0.00,2145.73,0.87,245.64,-0.11,42.26,0.00,4.13,0.00,46.39,-2.04,-1.67,0.12
2552.84,0.00,252.66,0.00,2170.11,1.06,245.10,-0.05,42.26,0.00,2.87,0.00,53.91,2.41,-0.67,0.11
2571.49,0.00,253.67,0.00,2201.23,3.79,245.06,0.00,42.26,0.00,1.84,0.00,61.23,7.27,0.41,0.10
2595.21,0.00,254.33,0.00,2234.37,7.85,245.55,0.04,42.26,0.00,0.66,0.00,68.86,8.48,1.40,0.05
2614.32,0.00,254.41,0.00,2266.49,11.06,246.38,0.04,42.26,0.00,-0.25,0.00,73.85,5.73,2.21,-0.05
2635.47,0.00,254.01,0.00,2313.22,12.41,248.05,-0.00,42.26,0.00,-1.24,0.00,79.74,-0.95,3.17,-0.09
2657.36,0.00,253.09,0.00,2353.83,11.21,249.78,-0.03,42.26,0.00,-2.18,0.00,85.00,-3.44,3.80,-0.04
2676.10,0.00,251.95,0.00,2399.27,8.94,251.91,-0.05,42.26,0.00,-2.90,0.00,89.70,-5.05,4.34,-0.02
2698.45,0.00,250.19,0.00,2443.98,5.16,253.66,-0.08,42.26,0.00,-3.63,0.00,91.66,-10.17,2.95,-0.08
2716.26,0.00,248.55,0.00,2482.23,0.46,254.65,-0.10,42.26,0.00,-4.11,0.00,94.16,-12.25,1.98,-0.04
2737.82,0.00,246.85,0.00,2523.24,-4.34,255.28,-0.10,42.26,0.00,-2.72,0.00,95.55,-9.68,1.05,0.05
2760.55,0.00,245.76,0.00,2571.65,-7.51,255.52,-0.06,42.26,0.00,-1.50,0.00,96.90,-3.32,0.03,0.08
2782.15,0.00,245.29,0.00,2611.55,-7.28,255.34,-0.02,42.26,0.00,-0.44,0.00,89.18,3.61,-0.82,0.10
2805.58,0.00,245.39,0.00,2654.35,-2.43,254.63,0.04,42.26,0.00,0.67,0.00,78.65,13.87,-1.80,0.14
2826.25,0.00,245.97,0.00,2688.67,4.64,253.61,0.09,42.26,0.00,1.61,0.00,72.38,16.57,-2.59,0.09
2846.77,0.00,246.98,0.00,2723.00,13.52,252.11,0.14,42.26,0.00,2.46,0.00,66.19,18.84,-3.33,0.09
2869.27,0.00,248.54,0.00,2754.55,23.55,250.27,0.19,42.26,0.00,3.27,0.00,60.41,20.94,-3.94,0.09
2895.08,0.00,250.80,0.00,2784.92,35.26,248.60,0.24,42.26,0.00,4.02,0.00,54.69,22.95,-2.54,0.10
2920.42,0.00,252.67,0.00,2808.73,46.14,247.70,0.28,42.26,0.00,2.44,0.00,50.02,24.47,-1.51,0.10
2944.66,0.00,253.66,0.00,2831.87,58.47,247.24,0.33,42.26,0.00,1.17,0.00,45.27,25.86,-0.50,0.10
2966.49,0.00,253.96,0.00,2852.98,71.56,247.26,0.38,42.26,0.00,0.12,0.00,40.68,27.02,0.49,0.11
2987.99,0.00,253.74,0.00,2869.52,83.35,247.67,0.43,42.26,0.00,-0.89,0.00,36.85,27.84,1.33,0.11
3000.00,0.00,253.05,0.00,2886.97,97.67,248.60,0.48,42.26,0.00,-1.81,0.00,32.49,28.57,2.25,0.11
3000.00,0.00,252.15,0.00,2899.72,109.69,249.70,0.53,42.26,0.00,-2.52,0.00,29.03,28.98,2.92,0.11
3000.00,0.00,250.56,0.00,2914.48,125.89,251.56,0.59,42.26,0.00,-3.32,0.00,24.59,29.27,3.68,0.12
3000.00,0.00,248.41,0.00,2925.61,140.38,253.02,0.65,42.26,0.00,-4.02,0.00,20.79,29.28,2.41,0.12
3000.00,0.00,246.97,0.00,2937.65,159.78,254.08,0.73,42.26,0.00,-2.86,0.00,15.91,28.93,0.95,0.12
3000.00,0.00,245.87,0.00,2944.48,173.73,254.28,0.79,42.26,0.00,-1.71,0.00,12.52,28.41,-0.03,0.12
3000.00,0.00,245.30,0.00,2950.52,190.00,253.89,0.86,42.26,0.00,-0.62,0.00,8.65,27.52,-1.18,0.13
3000.00,0.00,245.25,0.00,2953.81,202.62,253.12,0.92,42.26,0.00,0.29,0.00,5.71,26.58,-2.05,0.13
3000.00,0.00,245.72,0.00,2955.89,216.20,251.79,0.99,42.26,0.00,1.35,0.00,2.60,25.31,-2.91,0.13
3000.00,0.00,246.59,0.00,2956.44,227.07,250.35,1.05,42.26,0.00,2.21,0.00,0.14,24.05,-3.53,0.14
3000.00,0.00,247.87,0.00,2955.76,238.84,248.39,1.12,42.26,0.00,2.99,0.00,-2.51,22.42,-4.11,0.14
3000.00,0.00,249.66,0.00,2954.28,247.69,246.62,1.18,42.26,0.00,3.70,0.00,-4.48,20.95,-4.49,0.14
3000.00,0.00,251.58,0.00,2951.31,257.94,244.74,1.26,42.26,0.00,4.22,0.00,-6.76,18.93,-3.01,0.15
3000.00,0.00,253.28,0.00,2947.39,266.81,243.57,1.33,42.26,0.00,2.87,0.00,-8.71,16.79,-1.83,0.15
3000.00,0.00,254.40,0.00,2942.72,274.36,242.96,1.40,42.26,0.00,1.68,0.00,-10.36,14.57,-0.81,0.15
3000.00,0.00,254.96,0.00,2936.16,281.92,242.86,1.49,42.26,0.00,0.58,0.00,-12.00,11.73,0.36,0.16
3000.00,0.00,254.99,0.00,2929.72,287.17,243.33,1.57,42.26,0.00,-0.39,0.00,-13.10,9.10,1.36,0.16
3000.00,0.00,254.59,0.00,2921.98,291.40,244.43,1.67,42.26,0.00,-1.27,0.00,-13.95,6.05,2.38,0.17
3000.00,0.00,253.81,0.00,2913.45,292.54,245.89,1.79,42.26,0.00,-2.10,0.00,-18.16,-1.22,3.18,0.29
3000.00,0.00,252.48,0.00,2903.10,289.22,247.85,1.96,42.26,0.00,-2.94,0.00,-18.97,-10.11,3.88,0.34
3000.00,0.00,250.88,0.00,2893.91,281.58,250.04,2.14,42.26,0.00,-3.61,0.00,-15.76,-17.93,4.40,0.31
3000.00,0.00,248.68,0.00,2887.48,271.10,251.85,2.28,42.26,0.00,-4.22,0.00,-10.14,-22.84,2.97,0.28
3000.00,0.00,247.02,0.00,2884.12,258.79,253.01,2.42,42.26,0.00,-2.89,0.00,-3.84,-25.80,1.80,0.25
3000.00,0.00,245.86,0.00,2883.73,248.06,253.54,2.52,42.26,0.00,-1.67,0.00,1.35,-27.02,0.94,0.24
3000.00,0.00,245.29,0.00,2886.79,232.31,253.72,2.65,42.26,0.00,-0.52,0.00,8.46,-27.35,-0.22,0.22
3000.00,0.00,245.31,0.00,2892.41,219.19,253.35,2.75,42.26,0.00,0.49,0.00,13.99,-26.49,-1.18,0.21
3000.00,0.00,245.84,0.00,2900.76,206.47,252.51,2.85,42.26,0.00,1.48,0.00,19.01,-24.82,-2.10,0.20
3000.00,0.00,246.81,0.00,2910.85,195.29,251.31,2.94,42.26,0.00,2.36,0.00,23.16,-22.64,-2.88,0.19
3000.00,0.00,248.12,0.00,2922.83,185.19,249.76,3.03,42.26,0.00,3.10,0.00,26.69,-20.02,-3.54,0.18
3000.00,0.00,249.78,0.00,2938.66,175.13,247.59,3.12,42.26,0.00,3.74,0.00,30.00,-16.65,-4.17,0.17
3000.00,0.00,251.85,0.00,2955.46,167.25,245.80,3.21,42.26,0.00,4.28,0.00,32.40,-13.17,-2.71,0.16
3000.00,0.00,253.60,0.00,2973.33,161.25,244.72,3.29,42.26,0.00,2.88,0.00,34.08,-9.64,-1.49,0.15
3000.00,0.00,254.74,0.00,2989.98,157.45,244.27,3.37,42.26,0.00,1.67,0.00,35.04,-6.51,-0.50,0.15
3000.00,0.00,255.29,0.00,2996.02,154.48,244.29,3.44,42.26,0.00,0.62,0.00,35.57,-3.38,0.50,0.14
3000.00,0.00,255.32,0.00,2996.11,152.70,244.83,3.51,42.26,0.00,-0.38,0.00,35.74,-0.36,1.49,0.14
3000.00,0.00,254.73,0.00,2996.18,151.43,245.87,3.58,42.26,0.00,-1.52,0.00,27.36,-1.49,2.42,0.14
3000.00,0.00,253.90,0.00,2996.27,149.51,247.34,3.65,42.26,0.00,-2.29,0.00,20.18,-3.64,3.21,0.15
3000.00,0.00,252.85,0.00,2996.44,146.17,249.30,3.74,42.26,0.00,-2.92,0.00,13.60,-6.93,3.90,0.16
3000.00,0.00,251.05,0.00,2996.69,140.89,251.59,3.83,42.26,0.00,-3.66,0.00,8.04,-11.27,4.43,0.18
3000.00,0.00,249.32,0.00,2996.99,134.37,253.52,3.89,42.26,0.00,-4.15,0.00,-0.54,-12.82,2.91,0.03
3000.00,0.00,247.77,0.00,2994.32,127.03,254.68,3.88,42.26,0.00,-2.91,0.00,-8.88,-15.10,1.69,-0.08
