-2500.00,0.00,0.00,0.00,-1855.66,105.90,3.30,0.75,0.00,0.00,0.00,0.00,0.00,0.00,0.00,0.00
-2499.60,0.00,0.28,0.00,-1858.10,106.54,3.01,0.81,1.42,0.00,1.01,0.00,-8.52,1.94,-1.03,0.24
-2498.62,0.00,0.97,0.00,-1864.10,107.33,2.27,0.94,2.71,0.00,1.88,0.00,-15.61,0.94,-1.93,0.28
-2496.94,0.00,2.11,0.00,-1872.88,106.92,1.15,1.07,4.06,0.00,2.70,0.00,-20.57,-2.64,-2.73,0.27
-2495.38,0.00,3.12,0.00,-1883.34,104.41,0.14,1.19,5.00,0.00,3.21,0.00,-23.09,-7.65,-1.64,0.25
-2492.74,0.00,4.76,0.00,-1895.39,98.81,0.00,1.32,6.28,0.00,3.80,0.00,-23.48,-13.59,-0.57,0.23
-2489.56,0.00,6.62,0.00,-1907.01,90.29,0.00,1.43,7.52,0.00,4.28,0.00,-22.09,-19.23,0.45,0.22
-2485.99,0.00,8.58,0.00,-1917.19,79.55,0.48,1.54,8.70,0.00,4.64,0.00,-19.63,-24.04,1.40,0.21
-2481.39,0.00,10.94,0.00,-1926.57,65.63,1.49,1.64,10.00,0.00,4.96,0.00,-16.35,-28.54,2.35,0.20
-2476.20,0.00,13.41,0.00,-1933.34,51.32,2.79,1.73,11.28,0.00,5.20,0.00,-12.73,-31.68,3.09,0.19
-2470.34,0.00,16.01,0.00,-1937.65,38.46,4.12,1.81,12.54,0.00,5.37,0.00,-9.60,-33.73,3.61,0.18
-2464.90,0.00,18.26,0.00,-1941.85,17.00,6.56,1.91,13.59,0.00,5.49,0.00,-4.64,-36.07,4.28,0.17
-2457.73,0.00,21.04,0.00,-1943.00,1.58,8.45,1.99,14.84,0.00,5.59,0.00,-1.21,-37.04,4.63,0.17
-2451.80,0.00,23.21,0.00,-1942.47,-17.39,10.90,2.07,15.78,0.00,5.64,0.00,2.81,-37.66,4.96,0.16
-2444.65,0.00,25.69,0.00,-1939.40,-39.35,13.88,2.16,16.82,0.00,5.69,0.00,7.23,-37.69,5.24,0.16
-2429.45,0.00,30.57,0.00,-1939.40,-39.35,13.88,2.16,18.78,0.00,5.75,0.00,7.23,-37.69,5.24,0.16
-2418.87,0.00,33.70,0.00,-1934.71,-58.35,16.59,2.24,19.99,0.00,5.78,0.00,10.85,-37.17,5.41,0.15
-2409.04,0.00,36.47,0.00,-1927.87,-77.88,19.51,2.32,21.01,0.00,5.79,0.00,14.37,-36.18,5.54,0.15
-2398.71,0.00,39.25,0.00,-1918.49,-98.24,22.73,2.41,22.01,0.00,5.81,0.00,17.82,-34.70,5.63,0.14
-2388.67,0.00,41.84,0.00,-1909.62,-113.87,25.35,2.47,22.91,0.00,5.81,0.00,20.32,-33.23,5.69,0.14
-2377.16,0.00,44.70,0.00,-1901.42,-126.33,27.53,2.53,23.86,0.00,5.82,0.00,22.20,-31.86,5.72,0.14
-2366.78,0.00,47.19,0.00,-1888.86,-142.75,30.60,2.60,24.66,0.00,5.82,0.00,24.53,-29.81,5.76,0.13
-2354.64,0.00,50.00,0.00,-1878.89,-155.59,33.48,2.67,25.54,0.00,5.83,0.00,16.18,-22.69,5.78,0.14
-2338.94,0.00,53.50,0.00,-1873.03,-165.66,36.46,2.74,26.59,0.00,5.83,0.00,7.43,-17.31,5.79,0.15
-2326.24,0.00,56.24,0.00,-1871.75,-173.58,39.50,2.83,27.37,0.00,5.83,0.00,-1.64,-13.70,5.81,0.17
-2311.29,0.00,59.37,0.00,-1874.25,-179.05,41.99,2.90,28.22,0.00,5.83,0.00,-9.28,-12.05,5.81,0.19
-2295.04,0.00,62.67,0.00,-1881.82,-183.58,45.11,2.96,29.08,0.00,5.83,0.00,-18.37,-5.74,5.82,0.03
-2279.92,0.00,65.66,0.00,-1895.73,-184.83,48.48,2.95,29.82,0.00,5.83,0.00,-28.55,0.90,5.82,-0.08
-2265.64,0.00,68.42,0.00,-1912.63,-182.50,51.46,2.89,30.47,0.00,5.83,0.00,-36.57,7.71,5.83,-0.12
-2249.92,0.00,71.39,0.00,-1932.27,-176.84,54.31,2.83,31.14,0.00,5.83,0.00,-42.97,14.80,5.83,-0.11
-2233.84,0.00,74.37,0.00,-1958.25,-167.19,57.49,2.79,31.78,0.00,5.83,0.00,-51.47,19.94,5.83,-0.05
-2216.83,0.00,77.46,0.00,-1987.95,-155.28,60.60,2.77,32.41,0.00,5.83,0.00,-58.83,24.11,5.83,-0.03
-2203.16,0.00,79.90,0.00,-2019.55,-142.06,63.56,2.75,32.88,0.00,5.83,0.00,-64.82,27.49,5.83,-0.02
-2188.56,0.00,82.47,0.00,-2056.92,-125.96,66.78,2.74,33.36,0.00,5.83,0.00,-70.25,30.61,5.83,-0.02
-2172.99,0.00,85.17,0.00,-2091.45,-111.77,69.56,2.75,33.84,0.00,5.83,0.00,-74.33,28.60,5.83,0.07
-2156.57,0.00,87.98,0.00,-2131.29,-97.07,72.58,2.78,34.31,0.00,5.83,0.00,-78.76,28.27,5.83,0.03
-2139.37,0.00,90.88,0.00,-2168.65,-82.98,75.34,2.77,34.78,0.00,5.83,0.00,-79.17,31.63,5.83,-0.06
-2123.00,0.00,93.61,0.00,-2203.51,-68.39,78.01,2.75,35.19,0.00,5.83,0.00,-73.44,31.83,5.83,-0.04
-2104.82,0.00,96.60,0.00,-2240.98,-50.52,80.99,2.72,35.62,0.00,5.83,0.00,-73.08,37.71,5.83,-0.09
-2085.45,0.00,99.75,0.00,-2281.48,-27.36,84.25,2.66,36.04,0.00,5.83,0.00,-71.96,44.45,5.83,-0.09
-2069.69,0.00,102.29,0.00,-2323.31,2.34,88.03,2.59,36.37,0.00,5.83,0.00,-58.80,46.78,5.83,-0.12
-2051.41,0.00,105.20,0.00,-2352.23,29.72,91.33,2.51,36.72,0.00,5.83,0.00,-44.85,49.16,5.83,-0.16
-2033.32,0.00,108.06,0.00,-2370.50,51.86,94.03,2.45,37.05,0.00,5.83,0.00,-35.28,46.69,5.83,-0.14
-2014.20,0.00,111.06,0.00,-2385.54,74.39,96.95,2.38,37.38,0.00,5.83,0.00,-25.90,43.60,5.83,-0.14
-1995.66,0.00,113.94,0.00,-2395.48,93.78,99.65,2.31,37.67,0.00,5.83,0.00,-17.90,40.36,5.83,-0.15
-1976.60,0.00,116.88,0.00,-2402.53,114.13,102.77,2.22,37.95,0.00,5.83,0.00,-9.46,36.06,5.83,-0.16
-1958.55,0.00,119.64,0.00,-2404.86,133.80,106.08,2.11,38.20,0.00,5.83,0.00,0.10,33.29,5.83,-0.21
-1936.36,0.00,123.02,0.00,-2402.98,148.85,108.89,2.01,38.49,0.00,5.83,0.00,6.83,29.41,5.83,-0.22
-1917.59,0.00,125.85,0.00,-2398.07,162.01,111.76,1.90,38.71,0.00,5.83,0.00,12.41,24.44,5.83,-0.23
-1897.81,0.00,128.82,0.00,-2390.26,173.03,114.79,1.77,38.94,0.00,5.83,0.00,16.98,18.40,5.83,-0.25
-1882.67,0.00,131.08,0.00,-2381.15,180.35,117.63,1.65,39.10,0.00,5.83,0.00,19.99,12.21,5.83,-0.26
-1861.18,0.00,134.28,0.00,-2370.74,184.60,120.52,1.52,39.31,0.00,5.83,0.00,21.73,5.57,5.83,-0.27
-1840.11,0.00,137.40,0.00,-2359.17,185.46,123.58,1.38,39.51,0.00,5.83,0.00,22.05,-1.64,5.83,-0.29
-1818.15,0.00,140.63,0.00,-2348.33,182.74,126.53,1.23,39.70,0.00,5.83,0.00,20.74,-8.45,5.83,-0.31
-1797.56,0.00,143.65,0.00,-2337.70,175.87,129.82,1.06,39.86,0.00,5.83,0.00,16.97,-15.01,5.83,-0.29
-1780.86,0.00,146.09,0.00,-2329.54,165.49,133.22,0.90,39.99,0.00,5.83,0.00,11.43,-19.79,5.83,-0.26
-1759.89,0.00,149.14,0.00,-2324.93,153.48,136.50,0.76,40.14,0.00,5.83,0.00,5.58,-22.55,5.83,-0.23
-1739.74,0.00,152.06,0.00,-2323.59,143.05,139.12,0.66,40.27,0.00,5.83,0.00,0.92,-23.65,5.83,-0.22
-1716.13,0.00,155.48,0.00,-2324.71,129.98,142.31,0.55,40.42,0.00,5.83,0.00,-4.42,-23.98,5.83,-0.20
-1696.05,0.00,158.37,0.00,-2328.07,118.35,145.17,0.46,40.53,0.00,5.83,0.00,-8.79,-23.51,5.83,-0.19
-1676.14,0.00,161.23,0.00,-2332.83,108.18,147.75,0.37,40.64,0.00,5.83,0.00,-12.35,-22.59,5.83,-0.18
-1655.31,0.00,164.22,0.00,-2339.40,98.07,150.44,0.29,40.75,0.00,5.83,0.00,-15.66,-21.25,5.83,-0.17
-1631.37,0.00,167.64,0.00,-2347.60,88.46,153.21,0.22,40.86,0.00,5.83,0.00,-18.54,-19.45,5.83,-0.16
-1611.34,0.00,170.49,0.00,-2354.13,79.30,156.33,0.13,40.94,0.00,5.83,0.00,-7.04,-15.71,5.83,-0.17
-1593.63,0.00,173.01,0.00,-2354.47,71.32,159.44,0.04,41.02,0.00,5.83,0.00,4.61,-14.77,5.83,-0.19
-1572.72,0.00,175.98,0.00,-2349.53,64.07,162.24,-0.05,41.10,0.00,5.83,0.00,14.92,-15.60,5.83,-0.18
-1550.85,0.00,179.08,0.00,-2337.24,55.86,165.39,-0.12,41.18,0.00,5.83,0.00,29.13,-15.09,5.83,-0.08
-1525.36,0.00,182.69,0.00,-2323.12,50.15,167.78,-0.14,41.26,0.00,5.83,0.00,39.01,-13.03,5.83,0.01
-1505.14,0.00,185.55,0.00,-2298.50,44.19,170.90,-0.11,41.32,0.00,5.83,0.00,51.67,-9.33,5.83,0.09
-1486.80,0.00,188.13,0.00,-2268.19,40.72,173.95,-0.06,41.38,0.00,5.83,0.00,62.93,-4.26,5.83,0.10
-1462.79,0.00,191.52,0.00,-2235.63,39.22,176.71,-0.02,41.44,0.00,5.83,0.00,73.20,-2.42,5.83,0.05
-1442.40,0.00,194.38,0.00,-2199.50,38.42,179.41,-0.01,41.49,0.00,5.83,0.00,82.05,-1.19,5.83,0.03
-1422.25,0.00,197.21,0.00,-2160.56,38.14,182.04,0.01,41.54,0.00,5.83,0.00,89.61,-0.19,5.83,0.02
-1401.98,0.00,200.06,0.00,-2116.58,37.32,184.81,-0.00,41.59,0.00,5.83,0.00,94.92,-3.52,5.83,-0.06
-1383.60,0.00,202.64,0.00,-2076.05,35.45,187.23,-0.02,41.62,0.00,5.83,0.00,99.98,-5.19,5.83,-0.03
-1362.54,0.00,205.58,0.00,-2029.95,32.82,189.85,-0.04,41.67,0.00,5.83,0.00,104.62,-6.36,5.83,-0.02
-1343.97,0.00,208.18,0.00,-1978.15,29.48,192.68,-0.05,41.70,0.00,5.83,0.00,108.74,-7.30,5.83,-0.02
-1326.16,0.00,210.67,0.00,-1923.06,25.63,195.58,-0.05,41.73,0.00,5.83,0.00,112.07,-8.07,5.83,-0.01
-1304.83,0.00,213.65,0.00,-1858.35,20.81,198.90,-0.06,41.76,0.00,5.83,0.00,115.07,-8.78,5.83,-0.01
-1281.01,0.00,216.98,0.00,-1801.79,17.49,201.75,-0.05,41.80,0.00,5.83,0.00,115.78,-4.46,5.83,0.06
-1264.31,0.00,219.31,0.00,-1746.38,16.07,204.53,-0.02,41.82,0.00,5.83,0.00,117.21,-2.08,5.83,0.03
-1238.40,0.00,222.92,0.00,-1685.94,15.42,207.52,-0.01,41.86,0.00,5.83,0.00,118.33,-0.68,5.83,0.02
-1219.91,0.00,225.50,0.00,-1616.41,15.39,210.94,-0.00,41.88,0.00,5.83,0.00,118.87,0.41,5.83,0.01
-1198.81,0.00,228.43,0.00,-1560.89,15.76,213.66,0.00,41.91,0.00,5.83,0.00,119.00,1.06,5.83,0.01
-1176.49,0.00,231.54,0.00,-1491.41,16.59,217.07,0.01,41.93,0.00,5.83,0.00,118.85,1.72,5.83,0.01
-1156.99,0.00,234.25,0.00,-1430.72,16.35,220.07,-0.01,41.95,0.00,5.83,0.00,116.90,-2.97,5.83,-0.07
-1134.48,0.00,237.38,0.00,-1357.84,13.38,223.72,-0.03,41.97,0.00,5.83,0.00,116.29,-5.75,5.83,-0.03
-1117.47,0.00,239.74,0.00,-1298.91,10.14,226.69,-0.04,41.99,0.00,5.83,0.00,115.49,-6.82,5.83,-0.02
-1099.61,0.00,242.22,0.00,-1240.63,6.47,229.65,-0.05,42.00,0.00,5.83,0.00,114.53,-7.53,5.83,-0.01
-1079.10,0.00,245.07,0.00,-1183.69,2.56,232.56,-0.06,42.02,0.00,5.83,0.00,113.47,-8.04,5.83,-0.01
-1056.47,0.00,248.21,0.00,-1119.42,-0.58,235.91,-0.04,42.04,0.00,5.83,0.00,110.85,-2.56,5.83,0.07
-1019.40,0.00,252.99,0.00,-1119.42,-0.58,235.91,-0.04,42.06,0.00,4.33,0.00,110.85,-2.56,5.83,0.07
-996.60,0.00,254.88,0.00,-1064.01,-0.80,238.97,-0.01,42.07,0.00,2.83,0.00,101.24,1.00,5.83,0.04
-975.39,0.00,255.97,0.00,-1009.72,0.57,242.26,0.01,42.09,0.00,1.66,0.00,92.50,3.50,5.83,0.04
-954.83,0.00,256.50,0.00,-969.41,2.26,244.90,0.02,42.10,0.00,0.64,0.00,86.48,3.76,5.83,0.01
-930.93,0.00,256.51,0.00,-929.89,4.27,247.66,0.03,42.11,0.00,-0.50,0.00,80.91,4.69,5.83,0.03
-910.31,0.00,256.01,0.00,-889.61,7.07,250.68,0.05,42.12,0.00,-1.45,0.00,75.50,6.04,5.83,0.03
-910.31,0.00,256.01,0.00,-827.27,13.45,255.78,0.08,42.12,0.00,-1.45,0.00,67.61,8.39,5.83,0.04
-888.74,0.00,255.00,0.00,-795.74,17.80,258.59,0.10,42.13,0.00,-2.37,0.00,63.81,9.56,5.83,0.04
-871.71,0.00,253.90,0.00,-765.95,22.70,261.40,0.12,42.14,0.00,-3.01,0.00,60.33,10.65,5.83,0.04
-851.19,0.00,252.25,0.00,-734.79,28.71,264.52,0.14,42.14,0.00,-3.67,0.00,56.78,11.74,5.83,0.04
-804.72,0.00,247.55,0.00,-734.79,28.71,264.52,0.14,42.16,0.00,-4.71,0.00,56.78,11.74,5.83,0.04
-804.72,0.00,247.55,0.00,-681.29,41.38,270.34,0.19,42.16,0.00,-4.71,0.00,50.87,13.51,5.83,0.05
-784.87,0.00,245.71,0.00,-656.21,48.47,273.30,0.21,42.17,0.00,-3.31,0.00,48.16,14.30,5.83,0.05
-760.03,0.00,244.23,0.00,-636.34,55.19,275.44,0.24,42.17,0.00,-1.89,0.00,44.48,16.75,4.31,0.09
-737.25,0.00,243.56,0.00,-616.05,63.99,277.14,0.29,42.18,0.00,-0.74,0.00,40.29,19.47,2.96,0.11
-714.98,0.00,243.47,0.00,-594.62,75.91,278.40,0.35,42.18,0.00,0.32,0.00,35.43,22.00,1.63,0.11
-693.46,0.00,243.92,0.00,-579.13,86.54,278.90,0.40,42.19,0.00,1.32,0.00,31.61,23.51,0.66,0.11
-675.54,0.00,244.66,0.00,-562.95,99.99,278.93,0.47,42.19,0.00,2.10,0.00,27.21,24.76,-0.45,0.12
-652.22,0.00,246.10,0.00,-551.02,111.90,278.47,0.52,42.20,0.00,2.99,0.00,23.59,25.45,-1.38,0.12
-631.28,0.00,247.77,0.00,-541.90,122.60,277.72,0.57,42.20,0.00,3.67,0.00,20.51,25.79,-2.14,0.12
-610.05,0.00,249.78,0.00,-535.01,131.94,276.83,0.62,42.21,0.00,4.22,0.00,17.91,25.92,-2.74,0.12
-589.91,0.00,251.90,0.00,-527.62,143.80,275.40,0.67,42.21,0.00,4.62,0.00,14.72,25.86,-3.40,0.13
-566.90,0.00,253.93,0.00,-521.32,156.33,273.58,0.74,42.21,0.00,3.05,0.00,11.44,25.54,-3.99,0.13
-540.84,0.00,255.30,0.00,-516.11,170.18,271.23,0.81,42.22,0.00,1.60,0.00,7.92,24.88,-4.51,0.13
-518.13,0.00,255.83,0.00,-513.13,181.73,269.01,0.87,42.22,0.00,0.48,0.00,5.03,24.08,-4.85,0.14
-499.27,0.00,255.83,0.00,-511.41,193.57,266.49,0.94,42.22,0.00,-0.41,0.00,2.11,22.98,-5.12,0.14
-479.98,0.00,255.41,0.00,-511.13,205.24,263.74,1.01,42.23,0.00,-1.31,0.00,-0.74,21.59,-5.33,0.14
-457.37,0.00,254.42,0.00,-512.29,216.13,260.89,1.09,42.23,0.00,-2.28,0.00,-3.38,19.96,-5.48,0.15
-435.14,0.00,252.98,0.00,-514.75,226.01,258.00,1.16,42.23,0.00,-3.11,0.00,-5.77,18.10,-5.58,0.15
-412.09,0.00,251.06,0.00,-518.21,234.52,255.19,1.24,42.23,0.00,-3.82,0.00,-7.83,16.12,-5.66,0.15
-392.20,0.00,249.13,0.00,-522.30,241.51,252.55,1.31,42.23,0.00,-4.31,0.00,-9.53,14.11,-5.70,0.16
-370.64,0.00,247.35,0.00,-527.79,248.23,249.53,1.40,42.24,0.00,-2.88,0.00,-11.16,11.66,-5.74,0.16
-350.63,0.00,246.27,0.00,-533.79,253.42,246.63,1.48,42.24,0.00,-1.78,0.00,-12.43,9.14,-5.77,0.17
-326.44,0.00,245.64,0.00,-539.67,256.99,244.00,1.56,42.24,0.00,-0.58,0.00,-13.30,6.77,-5.79,0.17
-305.35,0.00,245.63,0.00,-547.21,259.81,241.41,1.65,42.24,0.00,0.42,0.00,-13.97,3.78,-3.90,0.18
-280.55,0.00,246.25,0.00,-553.72,260.91,239.93,1.73,42.24,0.00,1.56,0.00,-14.21,1.21,-2.68,0.18
-260.90,0.00,247.19,0.00,-558.83,260.94,239.13,1.80,42.24,0.00,2.39,0.00,-14.17,-0.82,-1.85,0.19
-239.17,0.00,248.65,0.00,-565.14,259.94,238.54,1.88,42.25,0.00,3.19,0.00,-13.83,-3.37,-0.89,0.19
-213.70,0.00,250.83,0.00,-573.48,256.61,238.42,2.01,42.25,0.00,3.95,0.00,-12.77,-6.86,0.37,0.20
-196.81,0.00,252.17,0.00,-578.96,252.92,238.81,2.10,42.25,0.00,2.87,0.00,-11.49,-9.20,1.26,0.20
-175.96,0.00,253.26,0.00,-584.24,247.65,239.70,2.19,42.25,0.00,1.72,0.00,-9.66,-11.49,2.18,0.19
-153.78,0.00,253.84,0.00,-588.59,241.19,241.06,2.29,42.25,0.00,0.62,0.00,-7.45,-13.45,3.00,0.19
-133.20,0.00,253.88,0.00,-591.99,232.94,243.02,2.40,42.25,0.00,-0.36,0.00,-4.69,-15.16,3.77,0.18
-109.66,0.00,253.35,0.00,-593.64,224.99,245.07,2.48,42.25,0.00,-1.45,0.00,-2.11,-16.26,4.29,0.17
-88.54,0.00,252.37,0.00,-593.97,216.95,247.25,2.57,42.25,0.00,-2.34,0.00,0.45,-16.96,4.69,0.17
-69.73,0.00,251.16,0.00,-592.92,207.90,249.82,2.65,42.25,0.00,-3.05,0.00,3.27,-17.34,5.02,0.16
-46.71,0.00,249.27,0.00,-590.32,198.56,252.59,2.74,42.25,0.00,-3.77,0.00,6.12,-17.35,5.26,0.16
-24.66,0.00,247.71,0.00,-586.31,189.51,254.85,2.83,42.25,0.00,-2.42,0.00,8.84,-17.01,3.58,0.16
-1.51,0.00,246.75,0.00,-581.78,181.99,256.17,2.90,42.25,0.00,-1.21,0.00,11.07,-16.47,2.43,0.15
17.16,0.00,246.44,0.00,-575.76,174.17,257.06,2.97,42.25,0.00,-0.30,0.00,13.38,-15.64,1.35,0.15
40.69,0.00,246.61,0.00,-567.29,165.59,257.46,3.06,42.26,0.00,0.81,0.00,15.91,-14.37,0.18,0.15
63.05,0.00,247.34,0.00,-559.31,159.16,257.30,3.12,42.26,0.00,1.81,0.00,17.83,-13.13,-0.76,0.15
86.43,0.00,248.63,0.00,-551.29,153.83,256.78,3.19,42.26,0.00,2.75,0.00,19.43,-11.85,-1.58,0.14
86.43,0.00,248.63,0.00,-530.88,144.01,254.40,3.32,42.26,0.00,2.75,0.00,22.52,-8.54,-3.18,0.14
107.99,0.00,250.25,0.00,-515.93,138.73,252.32,3.44,42.26,0.00,3.48,0.00,28.64,-8.83,-3.91,0.23
153.39,0.00,252.52,0.00,-515.93,138.73,252.32,3.44,42.26,0.00,0.99,0.00,28.64,-8.83,-3.91,0.23
153.39,0.00,252.52,0.00,-486.47,133.58,249.90,3.64,42.26,0.00,0.99,0.00,35.64,-2.07,-1.67,0.21
173.81,0.00,252.73,0.00,-470.09,133.78,249.39,3.73,42.26,0.00,0.01,0.00,37.56,2.55,-0.74,0.20
196.72,0.00,252.41,0.00,-454.27,135.86,249.27,3.81,42.26,0.00,-1.07,0.00,38.52,7.03,0.10,0.20
218.19,0.00,251.61,0.00,-434.03,141.14,249.62,3.91,42.26,0.00,-2.01,0.00,38.79,12.61,1.13,0.19
241.37,0.00,250.22,0.00,-410.42,151.03,250.70,4.03,42.26,0.00,-2.92,0.00,37.92,18.84,2.26,0.18
260.79,0.00,248.72,0.00,-391.52,161.97,251.53,4.12,42.26,0.00,-3.56,0.00,36.37,23.56,1.14,0.18
281.40,0.00,247.32,0.00,-375.22,173.84,251.82,4.20,42.26,0.00,-2.32,0.00,34.44,27.42,0.20,0.17
300.66,0.00,246.52,0.00,-357.83,189.45,251.63,4.29,42.26,0.00,-1.31,0.00,31.79,31.32,-0.85,0.17
321.21,0.00,246.15,0.00,-343.34,205.25,250.98,4.37,42.26,0.00,-0.32,0.00,29.03,34.37,-1.76,0.17
343.58,0.00,246.29,0.00,-330.16,222.51,249.91,4.45,42.26,0.00,0.74,0.00,26.01,36.99,-2.59,0.16
362.70,0.00,246.84,0.00,-317.22,243.15,248.27,4.54,42.26,0.00,1.61,0.00,22.44,39.38,-3.39,0.16
384.28,0.00,247.92,0.00,-308.40,260.20,246.71,4.60,42.26,0.00,2.50,0.00,19.51,40.88,-3.90,0.16
403.54,0.00,249.24,0.00,-299.41,281.58,245.10,4.68,42.26,0.00,3.20,0.00,15.93,42.27,-2.55,0.15
425.55,0.00,251.10,0.00,-291.79,305.28,244.08,4.77,42.26,0.00,3.86,0.00,12.06,43.30,-1.31,0.15
445.05,0.00,252.56,0.00,-286.89,326.25,243.71,4.84,42.26,0.00,2.64,0.00,8.71,43.81,-0.33,0.15
467.13,0.00,253.60,0.00,-283.61,347.01,243.80,4.91,42.26,0.00,1.46,0.00,5.50,43.99,0.62,0.14
490.66,0.00,254.06,0.00,-281.88,366.78,244.29,4.97,42.26,0.00,0.31,0.00,2.52,43.90,1.49,0.14
512.72,0.00,253.92,0.00,-281.48,387.07,245.20,5.04,42.26,0.00,-0.73,0.00,-0.45,43.57,2.32,0.14
534.44,0.00,253.26,0.00,-282.72,410.46,246.71,5.11,42.26,0.00,-1.71,0.00,-3.76,42.92,3.16,0.14
555.25,0.00,252.18,0.00,-285.10,429.79,248.30,5.17,42.26,0.00,-2.57,0.00,-6.42,42.15,3.76,0.14
576.59,0.00,250.67,0.00,-289.01,450.24,250.30,5.24,42.26,0.00,-3.32,0.00,-9.14,41.14,4.28,0.13
599.41,0.00,248.68,0.00,-294.97,472.68,252.19,5.31,42.26,0.00,-3.98,0.00,-12.02,39.79,2.75,0.13
616.55,0.00,247.31,0.00,-300.81,489.95,253.15,5.37,42.26,0.00,-2.88,0.00,-14.17,38.56,1.73,0.13
639.16,0.00,246.14,0.00,-306.15,504.14,253.65,5.42,42.26,0.00,-1.64,0.00,-12.97,33.97,0.89,0.13
664.99,0.00,245.57,0.00,-311.86,518.99,253.82,5.49,42.26,0.00,-0.37,0.00,-11.22,29.19,-0.06,0.14
684.12,0.00,245.63,0.00,-317.33,533.50,253.46,5.56,42.26,0.00,0.53,0.00,-8.92,24.49,-1.15,0.14
705.39,0.00,246.17,0.00,-321.37,545.43,252.55,5.64,42.26,0.00,1.51,0.00,-6.40,20.66,-2.13,0.15
728.42,0.00,247.29,0.00,-324.04,555.83,251.09,5.72,42.26,0.00,2.47,0.00,-3.50,17.41,-3.02,0.15
751.62,0.00,248.90,0.00,-324.92,563.00,249.43,5.78,42.26,0.00,3.31,0.00,-0.22,12.53,-3.69,0.10
773.08,0.00,250.76,0.00,-323.72,568.45,247.28,5.83,42.26,0.00,3.93,0.00,4.37,8.42,-4.26,0.08
798.51,0.00,252.59,0.00,-320.46,571.43,245.37,5.84,42.26,0.00,2.36,0.00,7.05,2.76,-2.71,-0.05
819.07,0.00,253.45,0.00,-316.70,571.56,244.41,5.80,42.26,0.00,1.29,0.00,9.34,-1.77,-1.67,-0.12
837.64,0.00,253.79,0.00,-311.46,569.27,243.87,5.73,42.26,0.00,0.39,0.00,11.44,-6.98,-0.64,-0.15
857.81,0.00,253.73,0.00,-305.78,565.55,243.79,5.68,42.26,0.00,-0.57,0.00,15.10,-10.34,0.21,-0.09
877.84,0.00,253.22,0.00,-296.88,560.17,244.18,5.66,42.26,0.00,-1.49,0.00,19.84,-10.81,1.20,0.02
896.13,0.00,252.39,0.00,-286.01,555.03,245.00,5.69,42.26,0.00,-2.27,0.00,24.66,-10.36,2.09,0.10
919.42,0.00,250.87,0.00,-271.18,549.83,246.39,5.75,42.26,0.00,-3.13,0.00,29.86,-9.00,2.97,0.13
939.48,0.00,249.21,0.00,-254.63,544.71,248.11,5.80,42.26,0.00,-3.76,0.00,34.45,-10.92,3.66,0.07
955.61,0.00,247.99,0.00,-235.42,538.45,249.62,5.83,42.26,0.00,-2.75,0.00,38.94,-12.91,2.34,0.04
979.29,0.00,246.86,0.00,-216.20,531.97,250.45,5.85,42.26,0.00,-1.47,0.00,42.78,-14.59,1.30,0.03
997.06,0.00,246.44,0.00,-189.37,522.71,250.82,5.86,42.26,0.00,-0.60,0.00,47.36,-16.50,0.09,0.02
1020.20,0.00,246.45,0.00,-167.19,514.14,250.63,5.85,42.26,0.00,0.50,0.00,48.10,-20.32,-0.83,-0.06
1039.16,0.00,246.89,0.00,-139.29,500.37,249.79,5.80,42.26,0.00,1.37,0.00,47.87,-26.65,-1.93,-0.10
1063.64,0.00,248.02,0.00,-114.81,486.08,248.60,5.77,42.26,0.00,2.41,0.00,49.98,-30.00,-2.77,-0.05
1081.96,0.00,249.23,0.00,-90.00,471.89,247.56,5.77,42.26,0.00,3.09,0.00,52.70,-28.52,-1.65,0.05
1103.41,0.00,250.99,0.00,-64.30,459.28,247.04,5.80,42.26,0.00,3.76,0.00,56.09,-25.15,-0.67,0.09
1128.42,0.00,252.70,0.00,-36.49,448.22,246.97,5.85,42.26,0.00,2.24,0.00,59.28,-21.30,0.30,0.10
1150.05,0.00,253.53,0.00,-6.57,438.77,247.38,5.90,42.26,0.00,1.13,0.00,61.99,-17.53,1.26,0.10
1172.87,0.00,253.81,0.00,22.54,430.00,248.20,5.91,42.26,0.00,0.03,0.00,62.11,-20.04,2.12,-0.02
1193.35,0.00,253.57,0.00,52.78,418.99,249.46,5.89,42.26,0.00,-0.93,0.00,61.41,-24.75,2.92,-0.08
1216.64,0.00,252.74,0.00,84.00,405.72,251.12,5.86,42.26,0.00,-1.97,0.00,62.86,-27.62,3.61,-0.04
1237.37,0.00,251.55,0.00,114.98,391.72,253.03,5.84,42.26,0.00,-2.79,0.00,64.31,-29.61,4.16,-0.03
1254.65,0.00,250.27,0.00,151.79,375.86,254.88,5.85,42.26,0.00,-3.38,0.00,66.37,-26.44,2.63,0.07
1273.80,0.00,248.60,0.00,186.42,363.59,255.90,5.90,42.26,0.00,-3.93,0.00,68.62,-21.87,1.47,0.09
1292.67,0.00,247.15,0.00,220.85,353.96,256.35,5.94,42.26,0.00,-2.74,0.00,70.37,-17.57,0.45,0.09
1314.73,0.00,246.07,0.00,251.59,346.51,256.34,5.97,42.26,0.00,-1.54,0.00,71.98,-17.18,-0.41,0.05
1337.23,0.00,245.57,0.00,289.72,336.40,255.81,5.97,42.26,0.00,-0.44,0.00,70.97,-20.86,-1.45,-0.06
1361.34,0.00,245.68,0.00,324.07,324.80,254.86,5.93,42.26,0.00,0.70,0.00,69.33,-26.12,-2.33,-0.09
1380.26,0.00,246.21,0.00,360.29,310.35,253.41,5.90,42.26,0.00,1.56,0.00,70.03,-28.90,-3.14,-0.04
1402.07,0.00,247.27,0.00,401.34,292.88,251.33,5.88,42.26,0.00,2.47,0.00,70.99,-30.84,-3.89,-0.02
1422.83,0.00,248.70,0.00,436.50,278.46,249.28,5.89,42.26,0.00,3.22,0.00,72.08,-27.61,-4.38,0.06
1446.59,0.00,250.74,0.00,472.20,266.29,247.52,5.93,42.26,0.00,3.93,0.00,73.68,-22.58,-3.00,0.09
1467.78,0.00,252.33,0.00,515.49,253.73,246.23,5.96,42.26,0.00,2.60,0.00,75.58,-21.25,-1.64,0.04
1485.88,0.00,253.21,0.00,554.98,242.85,245.69,5.98,42.26,0.00,1.62,0.00,76.86,-20.86,-0.56,0.02
1524.36,0.00,253.78,0.00,554.98,242.85,245.69,5.98,42.26,0.00,-0.24,0.00,76.86,-20.86,-0.56,0.02
1524.36,0.00,253.78,0.00,631.53,222.20,246.02,5.99,42.26,0.00,-0.24,0.00,93.61,-25.10,1.20,0.01
1546.51,0.00,253.36,0.00,679.78,209.33,246.86,6.00,42.26,0.00,-1.27,0.00,100.93,-26.85,2.11,0.01
1562.43,0.00,252.73,0.00,735.85,194.49,248.25,6.01,42.26,0.00,-1.97,0.00,107.41,-28.32,2.98,0.01
1599.61,0.00,250.33,0.00,735.85,194.49,248.25,6.01,42.26,0.00,-3.35,0.00,107.41,-28.32,2.98,0.01
1618.87,0.00,248.66,0.00,792.50,179.62,249.99,6.01,42.26,0.00,-3.91,0.00,112.43,-29.39,3.68,0.01
1638.26,0.00,247.18,0.00,846.25,165.63,251.40,6.01,42.26,0.00,-2.69,0.00,116.00,-30.10,2.47,0.01
1657.37,0.00,246.23,0.00,907.25,149.87,252.34,6.02,42.26,0.00,-1.65,0.00,119.02,-30.64,1.31,0.01
1680.22,0.00,245.67,0.00,960.12,136.31,252.70,6.02,42.26,0.00,-0.53,0.00,120.87,-30.91,0.41,0.01
1698.60,0.00,245.65,0.00,1016.62,121.92,252.65,6.02,42.26,0.00,0.34,0.00,122.30,-31.07,-0.52,0.01
1720.02,0.00,246.10,0.00,1075.14,107.11,252.16,6.02,42.26,0.00,1.34,0.00,123.25,-31.10,-1.45,0.00
1739.05,0.00,246.91,0.00,1128.96,93.57,251.34,6.03,42.26,0.00,2.16,0.00,123.73,-31.04,-2.23,0.00
1760.95,0.00,248.27,0.00,1189.73,78.37,250.03,6.03,42.26,0.00,2.99,0.00,123.94,-30.90,-3.02,0.00
1780.96,0.00,249.86,0.00,1257.40,63.03,248.15,6.05,42.26,0.00,3.64,0.00,123.55,-25.08,-3.75,0.07
1802.56,0.00,251.89,0.00,1326.08,51.36,246.51,6.09,42.26,0.00,4.20,0.00,122.97,-17.67,-2.32,0.08
1825.81,0.00,253.73,0.00,1383.95,44.49,245.69,6.13,42.26,0.00,2.70,0.00,122.03,-12.07,-1.28,0.08
1844.81,0.00,254.68,0.00,1450.70,39.63,245.33,6.17,42.26,0.00,1.67,0.00,120.65,-6.24,-0.15,0.08
1865.11,0.00,255.22,0.00,1507.73,36.07,245.51,6.18,42.26,0.00,0.66,0.00,118.67,-9.18,0.80,-0.04
1884.83,0.00,255.29,0.00,1557.89,30.91,246.04,6.15,42.26,0.00,-0.27,0.00,116.58,-14.68,1.62,-0.07
1905.90,0.00,254.88,0.00,1608.01,23.09,246.93,6.12,42.26,0.00,-1.25,0.00,114.19,-20.67,2.39,-0.08
1926.87,0.00,254.01,0.00,1668.22,12.58,248.45,6.11,42.26,0.00,-2.16,0.00,112.83,-17.92,3.21,0.05
1946.52,0.00,252.80,0.00,1723.71,5.47,250.21,6.15,42.26,0.00,-2.92,0.00,112.04,-11.37,3.84,0.08
1965.51,0.00,251.33,0.00,1784.22,1.41,252.46,6.19,42.26,0.00,-3.54,0.00,110.82,-4.44,4.39,0.08
1987.98,0.00,249.27,0.00,1832.08,0.77,254.12,6.23,42.26,0.00,-4.15,0.00,101.57,0.88,3.10,0.08
2012.22,0.00,247.39,0.00,1882.61,2.73,255.37,6.27,42.26,0.00,-2.60,0.00,92.13,5.95,1.85,0.08
2030.87,0.00,246.49,0.00,1920.89,6.18,255.95,6.30,42.26,0.00,-1.60,0.00,85.17,9.51,0.93,0.08
2051.90,0.00,245.98,0.00,1961.38,11.93,256.14,6.35,42.26,0.00,-0.56,0.00,77.89,13.06,-0.08,0.09
2074.30,0.00,246.00,0.00,1999.66,18.48,255.81,6.37,42.26,0.00,0.50,0.00,72.77,12.47,-1.09,0.03
2095.72,0.00,246.53,0.00,2041.76,25.51,254.78,6.38,42.26,0.00,1.48,0.00,67.70,10.93,-2.20,-0.00
2117.03,0.00,247.53,0.00,2072.99,30.30,253.53,6.38,42.26,0.00,2.38,0.00,64.24,9.39,-2.97,-0.02
2134.08,0.00,248.63,0.00,2106.30,34.75,251.72,6.36,42.26,0.00,3.02,0.00,60.77,7.40,-3.69,-0.03
2155.67,0.00,250.38,0.00,2137.37,38.06,249.61,6.34,42.26,0.00,3.71,0.00,57.69,5.37,-4.26,-0.04
2174.39,0.00,251.73,0.00,2166.65,40.29,247.82,6.32,42.26,0.00,2.56,0.00,54.89,3.41,-2.82,-0.04
2196.27,0.00,252.72,0.00,2198.78,41.63,246.59,6.30,42.26,0.00,1.39,0.00,51.89,1.27,-1.44,-0.04
2219.38,0.00,253.14,0.00,2226.40,41.77,246.14,6.27,42.26,0.00,0.27,0.00,49.36,-0.56,-0.31,-0.05
2242.37,0.00,252.96,0.00,2251.00,41.03,246.27,6.25,42.26,0.00,-0.81,0.00,47.14,-2.18,0.71,-0.05
2263.90,0.00,252.27,0.00,2277.07,39.25,247.02,6.22,42.26,0.00,-1.78,0.00,44.79,-3.88,1.80,-0.05
2282.51,0.00,251.30,0.00,2295.63,37.33,247.95,6.20,42.26,0.00,-2.55,0.00,43.12,-5.07,2.53,-0.05
2304.69,0.00,249.73,0.00,2316.85,34.40,249.44,6.18,42.26,0.00,-3.33,0.00,41.21,-6.39,3.29,-0.05
2321.06,0.00,248.65,0.00,2336.82,30.89,250.74,6.15,42.26,0.00,-2.37,0.00,39.39,-7.60,2.07,-0.05
2340.71,0.00,247.81,0.00,2354.89,27.04,251.45,6.13,42.26,0.00,-1.34,0.00,37.74,-8.65,1.06,-0.05
2362.73,0.00,247.43,0.00,2375.43,21.84,251.69,6.10,42.26,0.00,-0.27,0.00,35.84,-9.80,-0.07,-0.05
2381.70,0.00,247.53,0.00,2390.81,17.34,251.45,6.08,42.26,0.00,0.63,0.00,34.41,-10.62,-0.94,-0.05
2405.08,0.00,248.20,0.00,2409.60,11.07,250.59,6.05,42.26,0.00,1.69,0.00,32.62,-11.57,-2.00,-0.05
2424.46,0.00,249.18,0.00,2425.64,5.01,249.34,6.02,42.26,0.00,2.49,0.00,31.07,-12.34,-2.84,-0.05
2446.61,0.00,250.72,0.00,2440.59,-1.27,248.26,5.99,42.26,0.00,3.29,0.00,29.60,-13.02,-1.69,-0.05
2465.29,0.00,251.91,0.00,2457.16,-9.02,247.67,5.96,42.26,0.00,2.20,0.00,27.94,-13.73,-0.49,-0.05
2482.45,0.00,252.60,0.00,2469.64,-15.44,247.68,5.94,42.26,0.00,1.31,0.00,26.66,-14.23,0.43,-0.06
2506.07,0.00,252.98,0.00,2481.89,-22.29,248.12,5.91,42.26,0.00,0.17,0.00,25.37,-14.70,1.35,-0.06
2526.73,0.00,252.79,0.00,2494.65,-30.05,249.10,5.88,42.26,0.00,-0.81,0.00,23.99,-15.16,2.29,-0.06
2545.24,0.00,252.24,0.00,2507.17,-38.34,250.59,5.85,42.26,0.00,-1.65,0.00,22.60,-15.58,3.14,-0.06
2569.12,0.00,251.00,0.00,2517.42,-45.70,252.22,5.83,42.26,0.00,-2.63,0.00,21.42,-15.89,3.75,-0.06
2593.22,0.00,249.23,0.00,2527.39,-53.40,253.68,5.80,42.26,0.00,-3.46,0.00,20.24,-16.17,2.50,-0.06
2612.76,0.00,247.93,0.00,2537.89,-61.16,254.66,5.79,42.26,0.00,-2.30,0.00,19.15,-12.98,1.31,0.03
2633.59,0.00,247.10,0.00,2548.43,-67.27,255.04,5.83,42.26,0.00,-1.22,0.00,18.46,-9.07,0.16,0.09
2656.42,0.00,246.77,0.00,2556.26,-70.42,254.90,5.87,42.26,0.00,-0.12,0.00,17.90,-5.87,-0.70,0.12
2675.15,0.00,246.93,0.00,2564.05,-72.23,254.38,5.92,42.26,0.00,0.77,0.00,17.09,-2.62,-1.56,0.12
2694.72,0.00,247.51,0.00,2571.98,-70.86,253.35,6.02,42.26,0.00,1.65,0.00,14.56,7.01,-2.44,0.25
2717.05,0.00,248.66,0.00,2578.26,-64.89,251.84,6.16,42.26,0.00,2.57,0.00,9.59,14.62,-3.24,0.28
2734.96,0.00,249.90,0.00,2581.28,-56.93,250.16,6.29,42.26,0.00,3.21,0.00,3.76,18.65,-3.84,0.29
2755.29,0.00,251.62,0.00,2581.22,-46.47,248.54,6.45,42.26,0.00,3.83,0.00,-3.40,20.27,-2.45,0.31
2780.05,0.00,253.36,0.00,2578.23,-37.38,247.68,6.59,42.26,0.00,2.32,0.00,-8.93,19.01,-1.42,0.29
2802.60,0.00,254.24,0.00,2572.30,-28.41,247.25,6.72,42.26,0.00,1.15,0.00,-13.03,15.46,-0.34,0.24
2820.88,0.00,254.53,0.00,2567.34,-19.73,247.38,6.84,42.26,0.00,0.26,0.00,-6.28,17.23,0.73,0.21
2845.77,0.00,254.30,0.00,2564.44,-13.09,248.01,6.90,42.26,0.00,-0.91,0.00,-5.29,10.43,1.69,0.03
2867.85,0.00,253.54,0.00,2561.98,-9.16,249.19,6.88,42.26,0.00,-1.89,0.00,-4.13,5.06,2.61,-0.12
2889.25,0.00,252.34,0.00,2559.87,-7.80,250.91,6.79,42.26,0.00,-2.75,0.00,-3.60,0.36,3.43,-0.20
2908.28,0.00,250.94,0.00,2557.87,-8.75,252.91,6.68,42.26,0.00,-3.40,0.00,-4.06,-3.54,4.06,-0.21
2930.71,0.00,248.94,0.00,2558.38,-10.42,254.55,6.57,42.26,0.00,-4.04,0.00,5.16,-3.48,2.72,-0.22
2949.55,0.00,247.45,0.00,2563.09,-12.31,255.55,6.48,42.26,0.00,-2.82,0.00,13.89,-4.63,1.63,-0.19
2970.92,0.00,246.35,0.00,2572.61,-15.15,256.08,6.39,42.26,0.00,-1.65,0.00,23.00,-6.60,0.59,-0.16
2991.16,0.00,245.82,0.00,2586.71,-19.12,256.09,6.32,42.26,0.00,-0.65,0.00,31.83,-8.94,-0.43,-0.13
3000.00,0.00,246.14,0.00,2586.71,-19.12,256.09,6.32,42.26,0.00,1.22,0.00,31.83,-8.94,-0.43,-0.13
3000.00,0.00,246.85,0.00,2606.27,-22.93,255.56,6.29,42.26,0.00,2.01,0.00,40.83,-5.56,-1.46,0.01
3000.00,0.00,248.03,0.00,2634.13,-24.51,254.31,6.32,42.26,0.00,2.81,0.00,50.41,0.13,-2.53,0.10
3000.00,0.00,249.69,0.00,2661.80,-22.75,252.80,6.37,42.26,0.00,3.54,0.00,57.24,6.28,-3.30,0.10
3000.00,0.00,251.59,0.00,2686.85,-18.90,251.30,6.42,42.26,0.00,4.10,0.00,61.86,11.60,-3.83,0.10
3000.00,0.00,253.22,0.00,2719.58,-13.20,249.74,6.43,42.26,0.00,2.78,0.00,67.62,10.52,-2.51,-0.03
3000.00,0.00,254.27,0.00,2751.89,-9.30,248.86,6.40,42.26,0.00,1.66,0.00,72.49,6.55,-1.48,-0.09
3000.00,0.00,254.74,0.00,2791.49,-7.48,248.40,6.36,42.26,0.00,0.82,0.00,77.09,0.88,-0.39,-0.09
3000.00,0.00,254.89,0.00,2833.11,-8.58,248.50,6.31,42.26,0.00,-0.08,0.00,80.49,-4.45,0.66,-0.09
3000.00,0.00,254.56,0.00,2871.09,-11.25,249.09,6.28,42.26,0.00,-1.09,0.00,72.65,-5.80,1.62,-0.04
3000.00,0.00,253.78,0.00,2906.36,-14.38,250.19,6.26,42.26,0.00,-2.01,0.00,65.51,-6.28,2.52,-0.03
3000.00,0.00,252.43,0.00,2936.98,-17.29,251.60,6.25,42.26,0.00,-2.89,0.00,62.10,-5.77,3.25,-0.01
3000.00,0.00,250.76,0.00,2965.31,-19.77,253.28,6.25,42.26,0.00,-3.60,0.00,59.12,-4.85,3.85,0.01
3000.00,0.00,248.84,0.00,2997.05,-22.02,254.96,6.26,42.26,0.00,-4.15,0.00,55.96,-3.37,2.41,0.03
3000.00,0.00,247.12,0.00,2999.91,-23.15,255.90,6.28,42.26,0.00,-2.75,0.00,53.15,-1.68,1.21,0.04
3000.00,0.00,246.00,0.00,2999.91,-23.37,256.21,6.30,42.26,0.00,-1.49,0.00,51.00,-0.26,0.30,0.04
3000.00,0.00,245.52,0.00,2999.91,-22.91,256.10,6.32,42.26,0.00,-0.32,0.00,48.82,1.24,-0.65,0.04
3000.00,0.00,245.67,0.00,2999.92,-21.95,255.64,6.34,42.26,0.00,0.77,0.00,47.00,2.51,-1.46,0.05
3000.00,0.00,246.33,0.00,2999.93,-19.93,254.55,6.36,42.26,0.00,1.74,0.00,44.73,4.11,-2.44,0.05
3000.00,0.00,247.30,0.00,2999.95,-17.35,253.10,6.39,42.26,0.00,2.51,0.00,42.74,5.50,-3.21,0.05
3000.00,0.00,248.62,0.00,2999.97,-14.49,251.51,6.41,42.26,0.00,3.21,0.00,41.04,6.68,-3.79,0.05
3000.00,0.00,250.71,0.00,2999.98,-10.56,249.37,6.43,42.26,0.00,3.93,0.00,39.12,7.95,-4.33,0.05
3000.00,0.00,252.28,0.00,2999.99,-6.15,247.58,6.46,42.26,0.00,2.62,0.00,37.32,9.09,-2.90,0.05
3000.00,0.00,253.28,0.00,3000.00,-0.63,246.35,6.49,42.26,0.00,1.48,0.00,35.40,10.25,-1.59,0.05
3000.00,0.00,253.75,0.00,3000.00,5.38,245.82,6.52,42.26,0.00,0.35,0.00,33.57,11.28,-0.44,0.05
3000.00,0.00,253.63,0.00,2999.98,10.81,245.86,6.54,42.26,0.00,-0.69,0.00,32.09,12.06,0.50,0.05
3000.00,0.00,253.13,0.00,2999.95,16.80,246.36,6.57,42.26,0.00,-1.53,0.00,30.59,12.80,1.45,0.05
3000.00,0.00,252.02,0.00,2999.91,23.31,247.34,6.59,42.26,0.00,-2.48,0.00,29.09,13.48,2.35,0.05
3000.00,0.00,250.65,0.00,2999.85,29.89,248.70,6.62,42.26,0.00,-3.20,0.00,27.68,14.08,3.11,0.05
3000.00,0.00,248.94,0.00,2999.76,37.83,250.68,6.65,42.26,0.00,-3.82,0.00,26.09,14.69,3.84,0.06
3000.00,0.00,247.64,0.00,2999.67,44.57,252.15,6.68,42.26,0.00,-2.75,0.00,24.82,15.13,2.62,0.06
3000.00,0.00,246.64,0.00,2999.55,52.18,253.15,6.71,42.26,0.00,-1.68,0.00,23.47,15.56,1.47,0.06
3000.00,0.00,246.08,0.00,2999.40,60.05,253.60,6.74,42.26,0.00,-0.57,0.00,22.14,15.94,0.41,0.06
3000.00,0.00,246.04,0.00,2999.22,68.29,253.51,6.77,42.26,0.00,0.32,0.00,20.80,16.28,-0.64,0.06
3000.00,0.00,246.31,0.00,2999.02,76.57,252.89,6.80,42.26,0.00,1.05,0.00,19.52,16.56,-1.64,0.06
3000.00,0.00,247.08,0.00,2998.80,84.96,251.77,6.83,42.26,0.00,1.97,0.00,18.28,16.79,-2.55,0.06
3000.00,0.00,248.20,0.00,2998.57,92.65,250.38,6.85,42.26,0.00,2.75,0.00,17.17,16.96,-3.26,0.06
3000.00,0.00,249.97,0.00,2998.30,100.87,248.58,6.88,42.26,0.00,3.54,0.00,16.03,17.11,-3.89,0.06
