-2500.00,0.00,0.00,0.00,-2584.07,-445.64,0.92,-0.97,0.00,0.00,0.00,0.00,0.00,0.00,0.00,0.00
-2499.61,0.00,0.28,0.00,-2583.77,-445.00,0.69,-0.95,1.41,0.00,1.00,0.00,1.14,2.51,-0.92,0.09
-2498.72,0.00,0.90,0.00,-2583.06,-443.27,0.07,-0.90,2.61,0.00,1.81,0.00,1.90,4.98,-1.77,0.14
-2497.23,0.00,1.92,0.00,-2581.96,-439.80,0.00,-0.82,3.87,0.00,2.59,0.00,2.09,7.85,-0.66,0.17
-2495.31,0.00,3.17,0.00,-2580.78,-433.23,0.00,-0.69,5.05,0.00,3.23,0.00,1.76,16.07,0.40,0.28
-2492.34,0.00,5.00,0.00,-2580.79,-423.72,0.46,-0.55,6.45,0.00,3.87,0.00,-1.85,21.59,1.36,0.27
-2488.38,0.00,7.29,0.00,-2583.04,-412.49,1.35,-0.43,7.93,0.00,4.42,0.00,-7.12,24.37,2.23,0.25
-2483.71,0.00,9.77,0.00,-2588.34,-399.93,2.71,-0.31,9.37,0.00,4.82,0.00,-13.23,24.89,3.04,0.23
-2478.62,0.00,12.28,0.00,-2597.28,-386.94,4.56,-0.18,10.70,0.00,5.10,0.00,-19.44,23.50,3.75,0.22
-2472.94,0.00,14.88,0.00,-2608.69,-375.65,6.63,-0.08,11.99,0.00,5.30,0.00,-24.66,20.92,4.29,0.21
-2466.86,0.00,17.46,0.00,-2621.49,-366.52,8.77,0.02,13.22,0.00,5.45,0.00,-28.75,17.80,4.68,0.20
-2459.43,0.00,20.40,0.00,-2637.86,-358.22,11.36,0.12,14.55,0.00,5.57,0.00,-32.41,13.84,5.01,0.19
-2451.05,0.00,23.48,0.00,-2654.07,-352.60,13.82,0.21,15.89,0.00,5.65,0.00,-34.88,10.00,5.23,0.18
-2443.15,0.00,26.19,0.00,-2674.35,-348.40,16.83,0.31,17.02,0.00,5.70,0.00,-36.87,5.43,5.42,0.17
-2435.53,0.00,28.67,0.00,-2692.99,-346.81,19.56,0.39,18.03,0.00,5.73,0.00,-37.86,1.43,5.54,0.16
-2425.91,0.00,31.64,0.00,-2710.14,-347.05,22.08,0.46,19.20,0.00,5.76,0.00,-38.19,-2.07,5.62,0.16
-2416.46,0.00,34.40,0.00,-2726.48,-348.69,24.50,0.53,20.24,0.00,5.78,0.00,-38.08,-5.22,5.67,0.15
-2407.89,0.00,36.79,0.00,-2745.20,-352.21,27.32,0.60,21.13,0.00,5.80,0.00,-37.54,-8.60,5.72,0.15
-2397.31,0.00,39.62,0.00,-2763.75,-357.40,30.19,0.67,22.13,0.00,5.81,0.00,-36.61,-11.73,5.75,0.14
-2384.41,0.00,42.91,0.00,-2781.46,-363.95,33.04,0.74,23.27,0.00,5.82,0.00,-35.38,-14.52,5.78,0.14
-2375.94,0.00,45.00,0.00,-2796.39,-369.54,35.92,0.81,23.96,0.00,5.82,0.00,-25.92,-8.39,5.79,0.14
-2363.13,0.00,48.04,0.00,-2806.63,-371.81,38.65,0.88,24.93,0.00,5.82,0.00,-18.49,-1.77,5.80,0.15
-2351.68,0.00,50.67,0.00,-2813.75,-370.73,41.41,0.95,25.74,0.00,5.83,0.00,-12.42,5.72,5.81,0.17
-2338.43,0.00,53.62,0.00,-2817.71,-365.48,44.31,1.02,26.62,0.00,5.83,0.00,-4.46,14.70,5.82,0.11
-2323.18,0.00,56.89,0.00,-2817.75,-357.34,46.90,1.05,27.55,0.00,5.83,0.00,3.43,21.24,5.82,0.00
-2310.57,0.00,59.52,0.00,-2813.81,-345.27,49.70,1.03,28.26,0.00,5.83,0.00,12.23,28.21,5.82,-0.09
-2297.11,0.00,62.26,0.00,-2805.31,-329.94,52.53,0.97,28.97,0.00,5.83,0.00,21.86,34.06,5.83,-0.12
-2283.28,0.00,65.01,0.00,-2790.37,-310.20,55.65,0.91,29.66,0.00,5.83,0.00,32.79,38.85,5.83,-0.11
-2269.53,0.00,67.68,0.00,-2772.81,-291.39,58.36,0.86,30.30,0.00,5.83,0.00,41.92,41.77,5.83,-0.11
-2253.29,0.00,70.77,0.00,-2746.19,-267.22,61.62,0.80,31.00,0.00,5.83,0.00,52.04,44.22,5.83,-0.10
-2236.76,0.00,73.84,0.00,-2723.23,-248.72,64.02,0.76,31.67,0.00,5.83,0.00,58.66,45.43,5.83,-0.09
-2221.08,0.00,76.70,0.00,-2693.11,-226.60,66.83,0.72,32.26,0.00,5.83,0.00,65.63,46.27,5.83,-0.09
-2204.75,0.00,79.62,0.00,-2661.25,-205.14,69.53,0.68,32.83,0.00,5.83,0.00,71.57,46.47,5.83,-0.09
-2188.54,0.00,82.48,0.00,-2622.85,-180.25,72.54,0.65,33.36,0.00,5.83,0.00,76.67,49.76,5.83,-0.04
-2171.05,0.00,85.51,0.00,-2580.55,-152.73,75.65,0.63,33.90,0.00,5.83,0.00,80.99,52.79,5.83,-0.02
-2154.82,0.00,88.28,0.00,-2534.80,-122.89,78.87,0.62,34.36,0.00,5.83,0.00,84.61,55.21,5.83,-0.02
-2138.50,0.00,91.03,0.00,-2490.16,-95.11,81.87,0.59,34.80,0.00,5.83,0.00,88.41,52.47,5.83,-0.07
-2122.18,0.00,93.75,0.00,-2445.17,-70.03,84.78,0.55,35.21,0.00,5.83,0.00,91.90,48.65,5.83,-0.08
-2104.13,0.00,96.72,0.00,-2398.31,-46.74,87.70,0.51,35.63,0.00,5.83,0.00,94.70,44.69,5.83,-0.08
-2084.69,0.00,99.88,0.00,-2343.93,-22.88,91.00,0.47,36.06,0.00,5.83,0.00,97.16,40.10,5.83,-0.08
-2065.65,0.00,102.94,0.00,-2281.62,0.64,94.70,0.41,36.45,0.00,5.83,0.00,99.16,34.65,5.83,-0.08
-2046.88,0.00,105.93,0.00,-2227.72,17.37,98.03,0.36,36.81,0.00,5.83,0.00,90.59,25.10,5.83,-0.09
-2029.52,0.00,108.67,0.00,-2179.24,27.61,101.32,0.30,37.12,0.00,5.83,0.00,82.28,12.78,5.83,-0.13
-2007.13,0.00,112.17,0.00,-2141.75,31.08,104.12,0.23,37.49,0.00,5.83,0.00,74.78,2.97,5.83,-0.15
-1989.96,0.00,114.83,0.00,-2100.11,30.37,107.67,0.14,37.76,0.00,5.83,0.00,63.10,-4.30,5.83,-0.13
-1951.67,0.00,120.70,0.00,-2100.11,30.37,107.67,0.14,38.29,0.00,5.83,0.00,63.10,-4.30,5.83,-0.13
-1936.92,0.00,122.94,0.00,-2068.20,26.24,110.91,0.07,38.48,0.00,5.83,0.00,53.16,-9.90,5.83,-0.14
-1921.48,0.00,125.27,0.00,-2040.13,18.75,114.35,-0.02,38.67,0.00,5.83,0.00,42.91,-14.75,5.83,-0.15
-1900.83,0.00,128.38,0.00,-2022.14,11.08,117.08,-0.09,38.90,0.00,5.83,0.00,34.99,-17.69,5.83,-0.16
-1880.80,0.00,131.37,0.00,-2007.74,2.18,119.82,-0.17,39.12,0.00,5.83,0.00,27.09,-19.80,5.83,-0.17
-1858.97,0.00,134.62,0.00,-1992.96,-6.47,122.64,-0.21,39.33,0.00,5.83,0.00,33.58,-16.46,5.83,-0.01
-1839.47,0.00,137.50,0.00,-1976.33,-13.48,125.60,-0.19,39.51,0.00,5.83,0.00,32.14,-11.61,5.83,0.08
-1819.95,0.00,140.37,0.00,-1957.97,-18.45,129.02,-0.13,39.68,0.00,5.83,0.00,30.50,-5.95,5.83,0.12
-1803.44,0.00,142.80,0.00,-1944.43,-20.10,131.68,-0.08,39.82,0.00,5.83,0.00,28.96,-1.73,5.83,0.12
-1785.54,0.00,145.41,0.00,-1929.00,-19.56,134.93,-0.01,39.96,0.00,5.83,0.00,26.68,3.12,5.83,0.13
-1762.31,0.00,148.80,0.00,-1916.12,-16.87,137.89,0.06,40.12,0.00,5.83,0.00,24.24,7.00,5.83,0.13
-1742.95,0.00,151.60,0.00,-1904.11,-12.16,140.98,0.13,40.25,0.00,5.83,0.00,21.40,10.33,5.83,0.13
-1724.42,0.00,154.29,0.00,-1893.71,-5.96,144.04,0.20,40.37,0.00,5.83,0.00,18.40,12.89,5.83,0.14
-1702.35,0.00,157.47,0.00,-1883.77,-0.49,146.67,0.23,40.50,0.00,5.83,0.00,25.20,11.52,5.83,0.01
-1680.14,0.00,160.66,0.00,-1867.64,5.03,149.83,0.21,40.62,0.00,5.83,0.00,33.54,8.87,5.83,-0.10
-1657.98,0.00,163.84,0.00,-1844.99,8.82,153.27,0.14,40.73,0.00,5.83,0.00,42.21,4.16,5.83,-0.12
-1635.22,0.00,167.10,0.00,-1823.89,9.65,155.97,0.08,40.84,0.00,5.83,0.00,48.27,-0.15,5.83,-0.12
-1615.40,0.00,169.92,0.00,-1799.88,8.46,158.70,0.03,40.93,0.00,5.83,0.00,53.71,-4.48,5.83,-0.11
-1596.59,0.00,172.60,0.00,-1768.64,4.55,161.90,-0.03,41.01,0.00,5.83,0.00,59.23,-9.24,5.83,-0.10
-1572.50,0.00,176.02,0.00,-1738.35,-0.23,164.73,-0.06,41.10,0.00,5.83,0.00,65.04,-10.23,5.83,-0.05
-1552.72,0.00,178.83,0.00,-1705.36,-4.49,167.59,-0.06,41.17,0.00,5.83,0.00,69.29,-7.10,5.83,0.05
-1531.74,0.00,181.80,0.00,-1666.98,-6.65,170.71,-0.02,41.24,0.00,5.83,0.00,73.43,-1.30,5.83,0.09
-1510.27,0.00,184.83,0.00,-1630.28,-5.59,173.76,0.03,41.31,0.00,5.83,0.00,67.66,4.66,5.83,0.09
-1486.86,0.00,188.13,0.00,-1592.54,-0.95,177.19,0.08,41.38,0.00,5.83,0.00,61.43,10.38,5.83,0.10
-1467.09,0.00,190.92,0.00,-1558.37,4.16,180.31,0.10,41.43,0.00,5.83,0.00,65.87,8.29,5.83,-0.04
-1444.59,0.00,194.08,0.00,-1522.78,8.50,183.57,0.08,41.49,0.00,5.83,0.00,61.96,7.52,5.83,-0.01
-1424.02,0.00,196.97,0.00,-1490.27,12.57,186.73,0.08,41.54,0.00,5.83,0.00,58.48,7.63,5.83,0.01
-1403.53,0.00,199.85,0.00,-1460.91,16.29,189.74,0.09,41.58,0.00,5.83,0.00,55.54,6.77,5.83,-0.01
-1381.73,0.00,202.90,0.00,-1434.09,19.32,192.63,0.08,41.63,0.00,5.83,0.00,53.03,5.53,5.83,-0.03
-1358.32,0.00,206.18,0.00,-1408.62,21.65,195.50,0.06,41.67,0.00,5.83,0.00,50.75,4.04,5.83,-0.04
-1334.87,0.00,209.46,0.00,-1384.01,23.22,198.40,0.04,41.72,0.00,5.83,0.00,48.61,2.43,5.83,-0.04
-1313.18,0.00,212.49,0.00,-1358.63,24.01,201.52,0.02,41.75,0.00,5.83,0.00,46.43,0.69,5.83,-0.05
-1294.74,0.00,215.07,0.00,-1337.79,23.95,204.19,-0.00,41.78,0.00,5.83,0.00,44.67,-0.76,5.83,-0.05
-1272.10,0.00,218.23,0.00,-1316.63,23.19,207.02,-0.02,41.81,0.00,5.83,0.00,42.87,-2.23,5.83,-0.05
-1252.29,0.00,220.99,0.00,-1294.33,21.55,210.13,-0.05,41.84,0.00,5.83,0.00,40.98,-3.76,5.83,-0.05
-1232.70,0.00,223.72,0.00,-1276.64,19.60,212.70,-0.07,41.87,0.00,5.83,0.00,39.46,-4.94,5.83,-0.05
-1210.95,0.00,226.75,0.00,-1257.34,16.78,215.62,-0.10,41.89,0.00,5.83,0.00,37.80,-6.18,5.83,-0.05
-1188.64,0.00,229.85,0.00,-1236.61,12.89,218.91,-0.13,41.92,0.00,5.83,0.00,35.99,-7.47,5.83,-0.05
-1167.50,0.00,232.80,0.00,-1222.47,9.71,221.24,-0.15,41.94,0.00,5.83,0.00,34.74,-8.31,5.83,-0.05
-1147.33,0.00,235.60,0.00,-1205.34,5.23,224.19,-0.17,41.96,0.00,5.83,0.00,33.20,-9.30,5.83,-0.05
-1132.34,0.00,237.68,0.00,-1188.40,0.09,227.25,-0.20,41.97,0.00,5.83,0.00,31.65,-10.22,5.83,-0.05
-1109.78,0.00,240.82,0.00,-1171.47,-5.39,230.44,-0.22,41.99,0.00,5.83,0.00,30.42,-9.79,5.83,-0.02
-1087.87,0.00,243.86,0.00,-1157.10,-10.24,233.26,-0.23,42.01,0.00,5.83,0.00,29.20,-10.27,5.83,-0.04
-1062.70,0.00,247.35,0.00,-1144.07,-15.06,235.92,-0.25,42.03,0.00,5.83,0.00,28.04,-10.82,5.83,-0.04
-1044.61,0.00,249.86,0.00,-1129.21,-21.16,239.09,-0.28,42.04,0.00,5.83,0.00,26.65,-11.52,5.83,-0.05
-1023.08,0.00,252.85,0.00,-1116.91,-26.77,241.86,-0.30,42.06,0.00,5.83,0.00,25.46,-12.11,5.83,-0.05
-1001.28,0.00,255.34,0.00,-1104.53,-32.98,244.77,-0.33,42.07,0.00,4.03,0.00,24.21,-12.70,5.83,-0.06
-981.04,0.00,256.92,0.00,-1094.21,-38.02,247.34,-0.34,42.08,0.00,2.73,0.00,22.82,-10.34,5.83,0.02
-958.83,0.00,258.01,0.00,-1083.93,-42.06,250.05,-0.32,42.10,0.00,1.53,0.00,21.67,-7.31,5.83,0.08
-939.52,0.00,258.47,0.00,-1074.06,-44.62,252.78,-0.27,42.11,0.00,0.58,0.00,20.53,-3.93,5.83,0.11
-917.56,0.00,258.47,0.00,-1064.50,-45.60,255.60,-0.22,42.12,0.00,-0.47,0.00,19.13,-0.50,5.83,0.12
-898.36,0.00,258.03,0.00,-1055.56,-43.04,258.65,-0.12,42.12,0.00,-1.36,0.00,15.06,9.12,5.83,0.24
-877.04,0.00,257.08,0.00,-1049.52,-36.55,261.07,0.01,42.13,0.00,-2.27,0.00,9.36,15.69,4.09,0.27
-857.79,0.00,255.86,0.00,-1046.70,-28.28,262.65,0.14,42.14,0.00,-3.00,0.00,3.22,18.94,2.81,0.28
-834.26,0.00,253.95,0.00,-1046.87,-18.45,263.73,0.28,42.15,0.00,-3.75,0.00,-3.28,19.67,1.65,0.28
-811.77,0.00,251.77,0.00,-1049.32,-10.12,264.24,0.40,42.16,0.00,-4.31,0.00,-7.25,17.87,0.71,0.26
-787.69,0.00,249.16,0.00,-1050.60,-2.16,264.32,0.48,42.17,0.00,-4.76,0.00,1.31,15.53,-0.27,0.07
-787.69,0.00,249.16,0.00,-1049.06,7.19,263.27,0.44,42.17,0.00,-4.76,0.00,2.08,6.32,-1.97,-0.14
-765.25,0.00,247.11,0.00,-1048.08,9.07,262.13,0.36,42.17,0.00,-3.19,0.00,1.99,2.13,-2.76,-0.20
-746.43,0.00,245.96,0.00,-1047.23,8.86,260.35,0.25,42.18,0.00,-2.10,0.00,1.00,-2.39,-3.55,-0.22
-722.56,0.00,245.15,0.00,-1045.12,7.58,258.76,0.16,42.18,0.00,-0.89,0.00,8.36,-3.82,-4.04,-0.21
-700.75,0.00,244.99,0.00,-1037.93,4.73,256.45,0.05,42.19,0.00,0.15,0.00,17.55,-6.71,-4.53,-0.17
-679.62,0.00,245.34,0.00,-1027.28,0.70,254.16,-0.02,42.19,0.00,1.14,0.00,25.57,-9.75,-4.87,-0.15
-659.99,0.00,246.10,0.00,-1010.01,-4.89,251.40,-0.08,42.20,0.00,2.01,0.00,36.24,-10.55,-5.16,-0.07
-633.13,0.00,247.75,0.00,-987.98,-9.77,248.57,-0.09,42.20,0.00,3.04,0.00,45.13,-7.69,-5.36,0.05
-612.54,0.00,249.41,0.00,-957.20,-12.72,245.98,-0.04,42.21,0.00,3.70,0.00,54.66,-2.18,-3.42,0.10
-590.79,0.00,251.48,0.00,-933.80,-12.63,244.83,0.00,42.21,0.00,4.25,0.00,60.18,2.28,-2.40,0.10
-574.19,0.00,252.91,0.00,-898.97,-10.62,243.89,0.04,42.21,0.00,3.14,0.00,68.25,4.70,-1.21,0.04
-533.37,0.00,254.79,0.00,-898.97,-10.62,243.89,0.04,42.22,0.00,0.94,0.00,68.25,4.70,-1.21,0.04
-508.97,0.00,254.96,0.00,-857.11,-7.34,243.57,0.06,42.22,0.00,-0.22,0.00,75.97,6.44,-0.04,0.03
-489.13,0.00,254.62,0.00,-821.20,-4.97,243.78,0.05,42.22,0.00,-1.15,0.00,80.16,3.63,0.87,-0.06
-464.51,0.00,253.60,0.00,-779.93,-4.62,244.48,0.02,42.23,0.00,-2.22,0.00,84.06,-1.88,1.82,-0.09
-464.51,0.00,253.60,0.00,-691.81,-8.52,247.15,-0.03,42.23,0.00,-2.22,0.00,92.25,-5.14,3.40,-0.02
-442.66,0.00,252.21,0.00,-647.96,-10.20,248.91,-0.02,42.23,0.00,-3.05,0.00,93.87,-1.75,3.97,0.06
-421.95,0.00,250.53,0.00,-594.42,-9.09,251.33,0.02,42.23,0.00,-3.70,0.00,95.20,5.16,4.51,0.08
-399.85,0.00,248.43,0.00,-557.28,-5.04,252.90,0.07,42.23,0.00,-4.26,0.00,86.01,13.60,3.30,0.13
-382.89,0.00,246.97,0.00,-516.02,3.06,254.22,0.12,42.24,0.00,-3.13,0.00,78.14,17.62,2.06,0.09
-340.78,0.00,245.08,0.00,-516.02,3.06,254.22,0.12,42.24,0.00,-0.87,0.00,78.14,17.62,2.06,0.09
-317.29,0.00,244.94,0.00,-474.61,13.94,255.00,0.17,42.24,0.00,0.25,0.00,70.36,20.72,0.86,0.09
-317.29,0.00,244.94,0.00,-418.11,33.89,254.95,0.25,42.24,0.00,0.25,0.00,59.58,24.51,-0.89,0.09
-297.81,0.00,245.28,0.00,-390.90,46.13,254.27,0.30,42.24,0.00,1.16,0.00,54.19,26.17,-1.80,0.10
-276.77,0.00,246.12,0.00,-365.29,59.61,253.14,0.35,42.24,0.00,2.08,0.00,48.91,27.61,-2.66,0.10
-256.37,0.00,247.34,0.00,-340.17,75.12,251.43,0.40,42.24,0.00,2.87,0.00,43.45,28.87,-3.45,0.10
-217.02,0.00,250.63,0.00,-340.17,75.12,251.43,0.40,42.25,0.00,4.07,0.00,43.45,28.87,-3.45,0.10
-195.86,0.00,252.28,0.00,-318.22,91.02,249.37,0.46,42.25,0.00,2.71,0.00,38.34,29.82,-4.09,0.11
-176.95,0.00,253.24,0.00,-299.34,106.98,247.64,0.51,42.25,0.00,1.68,0.00,33.59,30.46,-2.66,0.11
-157.70,0.00,253.76,0.00,-282.99,123.13,246.59,0.57,42.25,0.00,0.73,0.00,29.08,30.84,-1.47,0.11
-135.36,0.00,253.84,0.00,-268.77,135.44,246.15,0.56,42.25,0.00,-0.33,0.00,29.34,20.24,-0.46,-0.16
-114.10,0.00,253.40,0.00,-254.00,142.30,246.19,0.47,42.25,0.00,-1.32,0.00,29.75,8.50,0.54,-0.21
-90.62,0.00,252.35,0.00,-241.81,143.79,246.61,0.38,42.25,0.00,-2.32,0.00,28.46,-0.25,1.35,-0.21
-71.59,0.00,251.12,0.00,-226.84,140.70,247.70,0.26,42.25,0.00,-3.04,0.00,24.42,-9.28,2.37,-0.22
-52.82,0.00,249.62,0.00,-216.84,135.18,248.96,0.15,42.25,0.00,-3.64,0.00,19.93,-14.31,3.08,-0.23
-33.87,0.00,248.28,0.00,-209.08,127.84,250.50,0.05,42.25,0.00,-2.48,0.00,14.89,-17.70,3.69,-0.23
-15.71,0.00,247.45,0.00,-202.84,117.36,252.09,-0.08,42.25,0.00,-1.52,0.00,8.43,-20.03,2.29,-0.24
6.76,0.00,246.97,0.00,-200.28,107.61,252.90,-0.20,42.25,0.00,-0.42,0.00,2.84,-20.64,1.24,-0.25
27.55,0.00,247.03,0.00,-200.28,98.00,253.23,-0.31,42.25,0.00,0.57,0.00,-2.29,-20.01,0.27,-0.25
48.81,0.00,247.58,0.00,-202.62,88.73,253.11,-0.44,42.26,0.00,1.54,0.00,-6.88,-18.32,-0.69,-0.25
70.87,0.00,248.66,0.00,-206.67,80.91,252.56,-0.55,42.26,0.00,2.46,0.00,-10.35,-15.95,-1.58,-0.25
70.87,0.00,248.66,0.00,-211.14,64.46,250.49,-0.74,42.26,0.00,2.46,0.00,-0.49,-22.05,-3.04,-0.18
109.37,0.00,251.15,0.00,-211.14,64.46,250.49,-0.74,42.26,0.00,2.13,0.00,-0.49,-22.05,-3.04,-0.18
129.40,0.00,251.89,0.00,-208.49,52.36,249.25,-0.79,42.26,0.00,1.10,0.00,9.49,-23.82,-1.79,-0.01
150.24,0.00,252.16,0.00,-203.74,42.76,248.68,-0.77,42.26,0.00,0.10,0.00,11.32,-19.12,-0.83,0.10
174.05,0.00,251.87,0.00,-197.06,34.18,248.55,-0.70,42.26,0.00,-1.02,0.00,13.31,-13.50,0.24,0.15
198.05,0.00,250.95,0.00,-190.16,29.05,248.93,-0.62,42.26,0.00,-2.08,0.00,14.56,-7.91,1.21,0.17
222.48,0.00,249.45,0.00,-182.11,26.54,249.89,-0.52,42.26,0.00,-3.01,0.00,14.93,-2.00,2.20,0.18
222.48,0.00,249.45,0.00,-161.69,28.53,250.94,-0.32,42.26,0.00,-3.01,0.00,25.36,2.66,-0.20,0.16
248.05,0.00,248.11,0.00,-145.91,29.99,250.54,-0.24,42.26,0.00,-1.60,0.00,34.32,3.02,-1.22,0.14
288.54,0.00,247.57,0.00,-145.91,29.99,250.54,-0.24,42.26,0.00,0.36,0.00,34.32,3.02,-1.22,0.14
308.77,0.00,247.99,0.00,-127.34,31.59,249.72,-0.18,42.26,0.00,1.30,0.00,42.37,3.68,-2.11,0.12
328.13,0.00,248.80,0.00,-100.37,34.07,248.22,-0.11,42.26,0.00,2.13,0.00,51.40,5.04,-3.03,0.11
349.07,0.00,250.08,0.00,-74.26,36.90,247.09,-0.06,42.26,0.00,2.94,0.00,58.23,6.83,-1.90,0.10
372.90,0.00,251.32,0.00,-46.49,39.80,246.48,-0.03,42.26,0.00,1.63,0.00,65.43,6.23,-0.95,0.05
392.26,0.00,251.82,0.00,-12.30,42.73,246.28,-0.01,42.26,0.00,0.67,0.00,72.79,5.78,0.04,0.03
413.43,0.00,251.88,0.00,23.72,44.47,246.55,-0.02,42.26,0.00,-0.33,0.00,77.66,1.50,0.99,-0.07
413.43,0.00,251.88,0.00,93.15,40.70,248.10,-0.09,42.26,0.00,-0.33,0.00,84.05,-10.07,2.53,-0.09
433.46,0.00,251.48,0.00,128.23,35.27,249.29,-0.13,42.26,0.00,-1.26,0.00,85.99,-15.67,3.16,-0.09
452.38,0.00,250.71,0.00,178.72,23.90,251.37,-0.18,42.26,0.00,-2.09,0.00,87.85,-22.71,3.90,-0.09
475.27,0.00,249.31,0.00,225.45,10.29,253.01,-0.23,42.26,0.00,-2.97,0.00,88.82,-28.13,2.51,-0.08
497.15,0.00,248.13,0.00,273.34,-4.01,253.99,-0.24,42.26,0.00,-1.75,0.00,91.30,-25.25,1.32,0.05
517.00,0.00,247.56,0.00,318.12,-14.64,254.37,-0.20,42.26,0.00,-0.77,0.00,93.72,-19.06,0.33,0.09
552.84,0.00,247.67,0.00,318.12,-14.64,254.37,-0.20,42.26,0.00,0.93,0.00,93.72,-19.06,0.33,0.09
569.98,0.00,248.22,0.00,365.43,-21.81,254.24,-0.15,42.26,0.00,1.70,0.00,86.01,-9.19,-0.72,0.10
588.83,0.00,249.17,0.00,398.63,-23.65,253.77,-0.10,42.26,0.00,2.48,0.00,79.83,-0.94,-1.50,0.12
608.74,0.00,250.53,0.00,436.38,-21.39,252.77,-0.04,42.26,0.00,3.20,0.00,71.53,8.56,-2.39,0.14
632.34,0.00,251.90,0.00,472.49,-14.08,251.21,0.05,42.26,0.00,1.86,0.00,61.88,16.94,-3.23,0.16
655.19,0.00,252.56,0.00,504.09,-4.59,249.86,0.11,42.26,0.00,0.72,0.00,56.24,18.13,-1.93,0.10
676.49,0.00,252.64,0.00,534.66,3.77,249.18,0.13,42.26,0.00,-0.29,0.00,61.50,14.38,-0.83,-0.03
698.66,0.00,252.19,0.00,566.53,9.56,249.04,0.10,42.26,0.00,-1.32,0.00,66.40,9.26,0.17,-0.09
717.14,0.00,251.41,0.00,594.83,12.94,249.33,0.07,42.26,0.00,-2.12,0.00,60.97,6.42,1.05,-0.05
736.48,0.00,250.25,0.00,622.31,15.44,250.06,0.04,42.26,0.00,-2.87,0.00,55.56,4.44,1.94,-0.04
756.38,0.00,248.72,0.00,647.45,17.15,251.20,0.03,42.26,0.00,-3.53,0.00,50.51,2.93,2.74,-0.04
776.46,0.00,247.37,0.00,669.56,18.18,252.19,0.01,42.26,0.00,-2.33,0.00,45.94,1.73,1.68,-0.04
797.48,0.00,246.51,0.00,690.52,18.73,252.73,-0.01,42.26,0.00,-1.24,0.00,41.46,0.67,0.67,-0.04
822.75,0.00,246.17,0.00,711.21,18.79,252.77,-0.03,42.26,0.00,-0.02,0.00,36.80,-0.31,-0.40,-0.04
840.49,0.00,246.36,0.00,727.86,18.45,252.33,-0.05,42.26,0.00,0.81,0.00,32.82,-1.05,-1.34,-0.04
867.40,0.00,247.30,0.00,743.13,17.74,251.40,-0.06,42.26,0.00,2.01,0.00,28.88,-1.69,-2.25,-0.04
885.26,0.00,248.32,0.00,757.98,16.61,249.87,-0.09,42.26,0.00,2.72,0.00,24.64,-2.27,-3.13,-0.04
904.20,0.00,249.71,0.00,769.75,15.31,248.03,-0.11,42.26,0.00,3.38,0.00,20.85,-2.67,-3.81,-0.04
925.98,0.00,251.63,0.00,780.20,13.72,246.36,-0.13,42.26,0.00,4.00,0.00,16.91,-2.96,-2.36,-0.04
949.14,0.00,253.37,0.00,786.88,12.39,245.57,-0.15,42.26,0.00,2.54,0.00,13.91,-3.07,-1.39,-0.04
970.13,0.00,254.32,0.00,791.99,9.08,245.16,-0.22,42.26,0.00,1.43,0.00,7.83,-10.00,-0.40,-0.23
991.70,0.00,254.75,0.00,798.75,3.89,245.27,-0.29,42.26,0.00,0.38,0.00,16.15,-9.09,0.69,-0.03
1015.57,0.00,254.61,0.00,810.59,-0.79,245.99,-0.27,42.26,0.00,-0.75,0.00,25.18,-7.51,1.76,0.09
1038.80,0.00,253.88,0.00,824.81,-3.72,247.07,-0.22,42.26,0.00,-1.80,0.00,32.90,-4.69,2.60,0.13
1061.62,0.00,252.63,0.00,842.44,-5.04,248.50,-0.16,42.26,0.00,-2.72,0.00,40.04,-1.13,3.31,0.13
1082.25,0.00,251.10,0.00,863.39,-4.61,250.25,-0.10,42.26,0.00,-3.43,0.00,46.54,2.55,3.91,0.12
1103.12,0.00,249.25,0.00,892.64,-1.77,252.70,-0.03,42.26,0.00,-4.02,0.00,53.52,6.82,4.47,0.11
1123.25,0.00,247.68,0.00,914.73,1.59,254.22,0.01,42.26,0.00,-2.73,0.00,57.58,9.84,3.32,0.11
1146.08,0.00,246.58,0.00,946.59,5.86,255.58,0.03,42.26,0.00,-1.50,0.00,62.91,6.32,2.03,-0.04
1169.49,0.00,246.10,0.00,974.28,6.73,256.26,-0.02,42.26,0.00,-0.36,0.00,57.27,-2.06,1.03,-0.14
1169.49,0.00,246.10,0.00,1021.17,-3.52,256.30,-0.16,42.26,0.00,-0.36,0.00,42.58,-16.31,-0.85,-0.14
1189.03,0.00,246.17,0.00,1042.62,-14.06,255.46,-0.24,42.26,0.00,0.57,0.00,33.16,-19.75,-1.94,-0.14
1212.94,0.00,246.83,0.00,1059.11,-26.34,254.00,-0.33,42.26,0.00,1.66,0.00,23.84,-21.49,-2.91,-0.15
1239.42,0.00,248.25,0.00,1071.75,-34.92,252.13,-0.32,42.26,0.00,2.74,0.00,21.91,-10.25,-3.68,0.16
1265.57,0.00,250.25,0.00,1081.12,-37.40,250.38,-0.24,42.26,0.00,3.61,0.00,20.47,-1.85,-4.16,0.21
1290.06,0.00,251.86,0.00,1089.92,-36.42,248.80,-0.14,42.26,0.00,2.15,0.00,18.02,5.24,-2.90,0.21
1305.31,0.00,252.48,0.00,1096.94,-32.97,247.80,-0.05,42.26,0.00,1.36,0.00,14.95,10.18,-1.89,0.21
1326.40,0.00,252.88,0.00,1102.86,-27.52,247.19,0.04,42.26,0.00,0.34,0.00,11.48,13.38,-0.93,0.20
1345.60,0.00,252.80,0.00,1107.83,-19.82,247.01,0.14,42.26,0.00,-0.57,0.00,7.58,15.22,0.14,0.19
1367.32,0.00,252.23,0.00,1113.82,-11.11,247.38,0.24,42.26,0.00,-1.56,0.00,14.50,17.86,1.18,0.17
1389.58,0.00,251.13,0.00,1122.95,-3.12,248.19,0.28,42.26,0.00,-2.49,0.00,22.66,15.65,2.07,0.01
1411.63,0.00,249.60,0.00,1136.95,4.18,249.48,0.26,42.26,0.00,-3.28,0.00,31.69,13.23,2.90,-0.09
1434.04,0.00,248.24,0.00,1156.21,10.08,250.64,0.20,42.26,0.00,-1.99,0.00,40.75,9.43,1.68,-0.12
1455.90,0.00,247.53,0.00,1179.23,13.59,251.20,0.14,42.26,0.00,-0.89,0.00,48.74,4.69,0.62,-0.12
1478.98,0.00,247.38,0.00,1210.55,14.42,251.18,0.07,42.26,0.00,0.21,0.00,56.73,-1.32,-0.56,-0.11
1502.02,0.00,247.82,0.00,1236.50,12.81,250.73,0.02,42.26,0.00,1.28,0.00,61.75,-5.59,-1.41,-0.11
1519.70,0.00,248.53,0.00,1264.90,9.35,249.91,-0.02,42.26,0.00,2.05,0.00,66.17,-9.61,-2.21,-0.10
1539.64,0.00,249.71,0.00,1295.23,4.18,248.75,-0.07,42.26,0.00,2.83,0.00,70.01,-13.32,-2.93,-0.10
1560.18,0.00,251.27,0.00,1324.71,-0.87,247.77,-0.08,42.26,0.00,3.52,0.00,73.68,-11.25,-1.96,0.01
1582.37,0.00,252.73,0.00,1368.99,-5.68,247.04,-0.05,42.26,0.00,2.21,0.00,78.65,-5.47,-0.73,0.08
1601.36,0.00,253.48,0.00,1409.61,-6.74,246.95,-0.01,42.26,0.00,1.22,0.00,82.06,0.72,0.28,0.09
1621.97,0.00,253.80,0.00,1451.16,-5.64,247.36,0.02,42.26,0.00,0.23,0.00,86.08,3.16,1.25,0.04
1643.76,0.00,253.63,0.00,1498.68,-3.46,248.33,0.04,42.26,0.00,-0.80,0.00,89.74,4.69,2.24,0.02
1666.19,0.00,252.91,0.00,1547.03,-0.65,249.76,0.05,42.26,0.00,-1.81,0.00,92.64,5.77,3.08,0.02
1689.93,0.00,251.59,0.00,1592.54,1.32,251.44,0.04,42.26,0.00,-2.76,0.00,93.56,2.04,3.73,-0.07
1708.45,0.00,250.22,0.00,1635.88,1.62,252.92,0.01,42.26,0.00,-3.40,0.00,84.45,-0.30,2.46,-0.04
1727.08,0.00,248.59,0.00,1679.54,0.83,253.88,-0.01,42.26,0.00,-3.93,0.00,78.47,-2.37,1.26,-0.04
1745.41,0.00,247.17,0.00,1717.21,-0.83,254.23,-0.02,42.26,0.00,-2.77,0.00,73.57,-4.12,0.25,-0.04
1768.10,0.00,246.05,0.00,1756.92,-3.70,254.02,-0.05,42.26,0.00,-1.54,0.00,68.63,-5.89,-0.87,-0.04
1787.38,0.00,245.59,0.00,1788.88,-6.89,253.36,-0.07,42.26,0.00,-0.59,0.00,64.80,-7.26,-1.78,-0.04
1811.00,0.00,245.61,0.00,1817.49,-10.49,252.35,-0.09,42.26,0.00,0.53,0.00,61.48,-8.44,-2.57,-0.04
1833.31,0.00,246.18,0.00,1844.95,-14.65,250.99,-0.10,42.26,0.00,1.55,0.00,58.37,-9.53,-3.26,-0.04
1852.00,0.00,247.06,0.00,1876.54,-20.36,248.94,-0.13,42.26,0.00,2.34,0.00,54.88,-10.73,-3.96,-0.04
1872.12,0.00,248.38,0.00,1903.52,-26.07,246.80,-0.15,42.26,0.00,3.09,0.00,51.96,-11.72,-4.45,-0.04
1894.54,0.00,250.23,0.00,1928.93,-32.23,244.45,-0.17,42.26,0.00,3.78,0.00,49.25,-12.62,-4.82,-0.05
1914.20,0.00,251.67,0.00,1951.84,-38.46,242.54,-0.20,42.26,0.00,2.57,0.00,46.84,-13.39,-3.38,-0.05
1931.88,0.00,252.52,0.00,1974.29,-45.27,241.21,-0.22,42.26,0.00,1.62,0.00,44.50,-14.13,-2.16,-0.05
1953.42,0.00,253.04,0.00,1993.52,-51.68,240.50,-0.24,42.26,0.00,0.56,0.00,42.50,-14.74,-1.19,-0.05
1977.85,0.00,252.99,0.00,2013.60,-59.01,240.18,-0.26,42.26,0.00,-0.60,0.00,40.42,-15.35,-0.20,-0.05
2000.47,0.00,252.37,0.00,2033.05,-66.42,240.35,-0.28,42.26,0.00,-1.63,0.00,38.78,-14.74,0.78,-0.02
2016.44,0.00,251.61,0.00,2052.63,-73.75,241.03,-0.29,42.26,0.00,-2.30,0.00,37.35,-13.74,1.76,0.00
2038.03,0.00,250.20,0.00,2070.30,-80.06,242.10,-0.28,42.26,0.00,-3.11,0.00,36.21,-12.55,2.59,0.02
2056.67,0.00,248.68,0.00,2087.45,-85.74,243.55,-0.27,42.26,0.00,-3.69,0.00,35.21,-11.18,3.31,0.03
2078.77,0.00,247.15,0.00,2104.64,-90.86,245.36,-0.25,42.26,0.00,-2.35,0.00,34.27,-9.65,3.92,0.04
2099.40,0.00,246.29,0.00,2120.79,-95.08,247.36,-0.23,42.26,0.00,-1.28,0.00,33.41,-8.14,4.40,0.05
2116.81,0.00,245.96,0.00,2137.62,-98.78,249.19,-0.20,42.26,0.00,-0.43,0.00,32.51,-6.52,2.95,0.05
2137.54,0.00,246.01,0.00,2153.03,-101.52,250.30,-0.18,42.26,0.00,0.55,0.00,31.67,-5.03,1.82,0.05
2157.98,0.00,246.53,0.00,2170.10,-102.94,250.96,-0.13,42.26,0.00,1.49,0.00,29.75,-0.43,0.65,0.11
2200.06,0.00,248.92,0.00,2170.10,-102.94,250.96,-0.13,42.26,0.00,3.15,0.00,29.75,-0.43,0.65,0.11
2223.63,0.00,250.90,0.00,2184.94,-101.94,251.00,-0.07,42.26,0.00,3.87,0.00,27.67,3.81,-0.39,0.12
2244.68,0.00,252.46,0.00,2198.19,-97.04,250.47,0.03,42.26,0.00,2.56,0.00,21.60,13.06,-1.45,0.22
2244.68,0.00,252.46,0.00,2213.72,-80.94,250.07,0.22,42.26,0.00,2.56,0.00,13.81,16.62,0.50,0.12
2265.53,0.00,253.41,0.00,2220.38,-72.99,250.59,0.28,42.26,0.00,1.45,0.00,12.94,15.33,1.47,0.09
2291.63,0.00,253.87,0.00,2224.67,-65.39,251.43,0.35,42.26,0.00,0.18,0.00,6.94,18.59,2.26,0.22
2309.44,0.00,253.75,0.00,2226.09,-54.96,252.89,0.48,42.26,0.00,-0.66,0.00,-0.85,20.10,3.10,0.26
2330.06,0.00,253.17,0.00,2223.03,-43.67,254.92,0.63,42.26,0.00,-1.60,0.00,-8.86,18.72,3.85,0.28
2352.11,0.00,252.07,0.00,2215.97,-34.25,256.62,0.80,42.26,0.00,-2.52,0.00,-15.54,14.94,2.39,0.30
2390.94,0.00,249.10,0.00,2215.97,-34.25,256.62,0.80,42.26,0.00,-3.81,0.00,-15.54,14.94,2.39,0.30
2415.28,0.00,247.40,0.00,2207.41,-28.27,257.49,0.94,42.26,0.00,-2.32,0.00,-19.11,10.06,1.32,0.28
2438.17,0.00,246.50,0.00,2198.49,-24.86,257.86,1.06,42.26,0.00,-1.13,0.00,-19.40,5.35,0.37,0.23
2463.25,0.00,246.22,0.00,2189.69,-24.08,257.73,1.12,42.26,0.00,0.07,0.00,-13.88,-1.14,-0.71,0.02
2463.25,0.00,246.22,0.00,2179.03,-29.98,255.87,1.01,42.26,0.00,0.07,0.00,-7.69,-9.06,-2.64,-0.19
2486.07,0.00,246.58,0.00,2176.16,-34.21,254.68,0.93,42.26,0.00,1.14,0.00,-6.76,-11.71,-3.24,-0.19
2506.67,0.00,247.38,0.00,2172.78,-41.30,252.79,0.83,42.26,0.00,2.04,0.00,-6.36,-15.08,-3.90,-0.19
2530.04,0.00,248.79,0.00,2169.23,-50.20,250.55,0.74,42.26,0.00,2.95,0.00,-7.06,-17.94,-4.42,-0.18
2550.57,0.00,250.40,0.00,2165.60,-59.04,248.39,0.66,42.26,0.00,3.61,0.00,-8.45,-19.67,-4.78,-0.17
2573.35,0.00,251.94,0.00,2161.20,-68.46,246.53,0.58,42.26,0.00,2.25,0.00,-10.33,-20.63,-3.38,-0.16
2593.49,0.00,252.73,0.00,2158.03,-78.32,245.07,0.49,42.26,0.00,1.21,0.00,-1.69,-15.17,-2.00,-0.17
2612.03,0.00,253.04,0.00,2158.62,-83.35,244.49,0.42,42.26,0.00,0.31,0.00,4.32,-12.54,-1.20,-0.18
2632.71,0.00,252.93,0.00,2163.13,-88.90,244.18,0.33,42.26,0.00,-0.67,0.00,12.92,-10.14,-0.18,-0.19
2653.82,0.00,252.33,0.00,2174.45,-93.11,244.44,0.25,42.26,0.00,-1.63,0.00,24.76,-5.00,0.98,-0.09
2677.96,0.00,251.08,0.00,2190.49,-93.91,245.27,0.23,42.26,0.00,-2.62,0.00,34.03,1.40,1.99,0.03
2699.01,0.00,249.57,0.00,2210.49,-91.26,246.55,0.27,42.26,0.00,-3.36,0.00,42.48,8.39,2.84,0.10
2716.17,0.00,248.44,0.00,2238.04,-84.75,248.42,0.31,42.26,0.00,-2.34,0.00,53.16,13.82,3.63,0.05
2756.18,0.00,247.25,0.00,2238.04,-84.75,248.42,0.31,42.26,0.00,-0.33,0.00,53.16,13.82,3.63,0.05
2776.69,0.00,247.35,0.00,2269.67,-77.05,249.97,0.30,42.26,0.00,0.64,0.00,62.16,13.94,2.26,-0.06
2795.42,0.00,247.84,0.00,2305.59,-70.20,250.83,0.26,42.26,0.00,1.50,0.00,70.44,11.54,1.08,-0.09
2813.89,0.00,248.69,0.00,2340.54,-64.62,251.09,0.23,42.26,0.00,2.28,0.00,77.45,12.25,0.13,-0.04
2834.55,0.00,250.01,0.00,2376.97,-58.87,250.93,0.21,42.26,0.00,3.06,0.00,83.35,13.15,-0.77,-0.03
2855.47,0.00,251.20,0.00,2418.81,-52.27,250.31,0.20,42.26,0.00,1.88,0.00,88.84,13.99,-1.70,-0.02
2878.80,0.00,251.88,0.00,2465.67,-44.91,249.74,0.19,42.26,0.00,0.71,0.00,93.73,14.69,-0.63,-0.02
2902.51,0.00,251.93,0.00,2512.86,-37.54,249.70,0.19,42.26,0.00,-0.41,0.00,97.63,15.19,0.36,-0.01
2924.88,0.00,251.41,0.00,2566.19,-30.61,250.21,0.16,42.26,0.00,-1.44,0.00,100.18,10.53,1.41,-0.08
2944.88,0.00,250.50,0.00,2607.34,-27.28,250.96,0.13,42.26,0.00,-2.30,0.00,101.62,6.26,2.15,-0.08
2966.36,0.00,249.11,0.00,2662.64,-23.14,251.77,0.12,42.26,0.00,-3.10,0.00,102.23,9.58,0.98,0.05
2986.88,0.00,247.92,0.00,2716.11,-16.25,251.98,0.15,42.26,0.00,-1.94,0.00,101.90,16.30,-0.08,0.08
3000.00,0.00,247.32,0.00,2772.11,-4.99,251.60,0.20,42.26,0.00,-1.04,0.00,100.76,23.64,-1.17,0.08
3000.00,0.00,247.09,0.00,2827.99,9.01,250.64,0.23,42.26,0.00,0.14,0.00,101.59,26.34,-2.18,0.03
3000.00,0.00,247.49,0.00,2880.37,24.26,249.17,0.26,42.26,0.00,1.21,0.00,90.16,29.09,-3.06,0.08
3000.00,0.00,248.21,0.00,2924.51,40.20,247.37,0.30,42.26,0.00,2.02,0.00,80.52,31.74,-3.75,0.08
3000.00,0.00,249.36,0.00,2967.76,57.63,245.72,0.33,42.26,0.00,2.79,0.00,74.12,30.07,-2.31,0.02
3000.00,0.00,250.82,0.00,2999.11,73.01,244.83,0.33,42.26,0.00,3.46,0.00,69.22,27.61,-1.12,-0.00
3000.00,0.00,252.31,0.00,2998.86,82.79,244.56,0.33,42.26,0.00,2.08,0.00,66.18,25.59,-0.31,-0.02
3000.00,0.00,253.06,0.00,2998.50,94.90,244.72,0.32,42.26,0.00,0.97,0.00,62.54,22.58,0.79,-0.03
3000.00,0.00,253.27,0.00,2998.18,104.62,245.41,0.30,42.26,0.00,-0.04,0.00,59.58,19.78,1.77,-0.04
3000.00,0.00,252.98,0.00,2997.89,112.62,246.41,0.30,42.26,0.00,-1.03,0.00,55.03,20.11,2.55,0.04
3000.00,0.00,252.28,0.00,2997.47,123.29,248.11,0.33,42.26,0.00,-1.89,0.00,49.16,22.15,3.39,0.08
3000.00,0.00,250.83,0.00,2997.01,133.89,249.99,0.37,42.26,0.00,-2.88,0.00,44.03,24.01,3.99,0.09
3000.00,0.00,249.11,0.00,2996.50,144.84,252.04,0.42,42.26,0.00,-3.61,0.00,39.35,25.37,4.46,0.09
3000.00,0.00,247.47,0.00,2995.95,155.84,253.74,0.46,42.26,0.00,-2.11,0.00,35.12,26.29,3.13,0.10
3000.00,0.00,246.72,0.00,2995.16,170.38,255.12,0.52,42.26,0.00,-1.04,0.00,30.02,26.99,1.74,0.10
3000.00,0.00,246.48,0.00,2994.46,182.30,255.68,0.57,42.26,0.00,0.03,0.00,26.16,27.22,0.75,0.10
3000.00,0.00,246.70,0.00,2993.69,194.51,255.78,0.62,42.26,0.00,0.89,0.00,22.42,27.20,-0.21,0.11
3000.00,0.00,247.24,0.00,2992.92,206.03,255.47,0.67,42.26,0.00,1.67,0.00,19.05,26.97,-1.10,0.11
3000.00,0.00,248.32,0.00,2992.10,217.56,254.76,0.72,42.26,0.00,2.54,0.00,15.81,26.54,-1.95,0.11
3000.00,0.00,249.86,0.00,2990.97,232.63,253.23,0.78,42.26,0.00,3.32,0.00,11.71,25.67,-2.95,0.11
3000.00,0.00,251.98,0.00,2989.93,245.59,251.43,0.85,42.26,0.00,4.01,0.00,8.30,24.65,-3.68,0.12
3000.00,0.00,253.57,0.00,2988.81,258.85,249.80,0.91,42.26,0.00,2.70,0.00,4.88,23.29,-2.23,0.12
3000.00,0.00,254.62,0.00,2987.95,268.65,249.05,0.97,42.26,0.00,1.54,0.00,2.41,22.06,-1.26,0.12
3000.00,0.00,255.11,0.00,2986.95,279.50,248.71,1.03,42.26,0.00,0.40,0.00,-0.30,20.43,-0.20,0.13
3000.00,0.00,255.07,0.00,2985.86,290.80,248.97,1.11,42.26,0.00,-0.51,0.00,-3.09,18.34,0.97,0.13
3000.00,0.00,254.53,0.00,2983.67,299.58,249.73,1.18,42.26,0.00,-1.50,0.00,-5.27,16.32,1.92,0.14
3000.00,0.00,253.71,0.00,2980.44,307.26,250.95,1.25,42.26,0.00,-2.26,0.00,-7.21,14.14,2.78,0.14
3000.00,0.00,252.00,0.00,2975.69,314.55,252.81,1.33,42.26,0.00,-3.22,0.00,-9.08,11.46,3.59,0.14
3000.00,0.00,250.18,0.00,2970.24,320.03,254.35,1.41,42.26,0.00,-3.86,0.00,-10.53,8.71,2.20,0.15
3000.00,0.00,247.87,0.00,2965.06,323.48,255.12,1.48,42.26,0.00,-4.41,0.00,-11.48,6.26,1.18,0.16
3000.00,0.00,246.47,0.00,2958.54,326.00,255.43,1.57,42.26,0.00,-3.35,0.00,-12.23,3.26,0.07,0.16
3000.00,0.00,245.19,0.00,2950.40,325.79,255.16,1.70,42.26,0.00,-2.17,0.00,-17.36,-3.76,-0.98,0.31
3000.00,0.00,244.38,0.00,2941.44,321.84,254.42,1.85,42.26,0.00,-1.02,0.00,-18.29,-11.52,-1.91,0.32
3000.00,0.00,244.15,0.00,2932.35,313.40,253.12,2.02,42.26,0.00,-0.17,0.00,-15.26,-18.79,-2.81,0.28
3000.00,0.00,244.32,0.00,2926.77,304.31,251.77,2.13,42.26,0.00,0.78,0.00,-11.17,-23.17,-3.43,0.26
3000.00,0.00,244.98,0.00,2922.35,289.30,249.53,2.28,42.26,0.00,1.74,0.00,-4.45,-27.28,-4.11,0.24
3000.00,0.00,245.96,0.00,2921.90,273.86,247.15,2.41,42.26,0.00,2.52,0.00,2.12,-29.29,-4.60,0.22
3000.00,0.00,247.56,0.00,2924.55,259.18,245.28,2.51,42.26,0.00,3.33,0.00,7.96,-29.85,-3.15,0.21
3000.00,0.00,249.34,0.00,2930.60,243.26,243.97,2.62,42.26,0.00,3.93,0.00,13.89,-29.37,-1.87,0.20
3000.00,0.00,251.79,0.00,2938.81,229.11,243.34,2.72,42.26,0.00,4.49,0.00,18.80,-28.07,-0.82,0.19
