-2500.00,0.00,0.00,0.00,-2677.34,-797.85,6.46,2.46,0.00,0.00,0.00,0.00,0.00,0.00,0.00,0.00
-2499.59,0.00,0.29,0.00,-2676.25,-797.45,6.22,2.43,1.45,0.00,1.03,0.00,4.29,1.48,-0.93,-0.14
-2498.60,0.00,0.99,0.00,-2672.78,-796.49,5.48,2.34,2.73,0.00,1.89,0.00,8.86,2.01,-1.89,-0.21
-2496.99,0.00,2.08,0.00,-2666.60,-795.65,4.16,2.22,4.03,0.00,2.68,0.00,13.06,0.89,-2.81,-0.22
-2494.73,0.00,3.53,0.00,-2659.74,-795.74,2.65,2.12,5.35,0.00,3.38,0.00,15.62,-1.16,-3.48,-0.21
-2492.35,0.00,5.00,0.00,-2650.76,-797.25,1.18,2.02,6.44,0.00,3.87,0.00,17.31,-4.21,-2.14,-0.19
-2488.26,0.00,7.35,0.00,-2642.74,-799.85,0.46,1.93,7.97,0.00,4.43,0.00,17.81,-6.99,-1.15,-0.18
-2483.65,0.00,9.80,0.00,-2635.60,-801.46,0.17,1.85,9.39,0.00,4.82,0.00,15.31,-0.90,-0.26,-0.19
-2478.43,0.00,12.37,0.00,-2629.77,-800.54,0.24,1.77,10.74,0.00,5.11,0.00,14.12,4.91,0.54,-0.20
-2472.73,0.00,14.97,0.00,-2623.00,-796.17,0.77,1.68,12.04,0.00,5.31,0.00,13.59,12.16,1.49,-0.19
-2467.25,0.00,17.31,0.00,-2615.72,-787.33,1.85,1.58,13.15,0.00,5.44,0.00,13.87,20.18,2.44,-0.16
-2460.73,0.00,19.90,0.00,-2609.72,-774.35,3.37,1.54,14.33,0.00,5.55,0.00,9.52,28.56,3.25,-0.01
-2452.28,0.00,23.04,0.00,-2605.99,-756.95,5.27,1.56,15.70,0.00,5.64,0.00,5.02,37.02,3.90,0.09
-2444.97,0.00,25.59,0.00,-2604.90,-735.57,7.44,1.62,16.77,0.00,5.69,0.00,-0.39,44.66,4.42,0.11
-2436.36,0.00,28.41,0.00,-2605.49,-717.08,9.20,1.65,17.93,0.00,5.73,0.00,-2.39,50.93,4.72,0.06
-2428.25,0.00,30.94,0.00,-2606.32,-690.86,11.56,1.66,18.92,0.00,5.76,0.00,-0.82,56.99,5.01,-0.04
-2418.79,0.00,33.73,0.00,-2605.52,-656.63,14.48,1.61,19.99,0.00,5.78,0.00,3.47,63.13,5.27,-0.09
-2409.09,0.00,36.46,0.00,-2603.66,-626.23,16.94,1.58,21.01,0.00,5.79,0.00,4.42,68.59,5.42,-0.05
-2397.64,0.00,39.54,0.00,-2601.23,-589.59,19.75,1.56,22.11,0.00,5.81,0.00,4.98,73.91,5.54,-0.03
-2386.23,0.00,42.46,0.00,-2598.74,-553.09,22.42,1.55,23.11,0.00,5.81,0.00,5.39,78.14,5.62,-0.02
-2375.48,0.00,45.11,0.00,-2595.44,-505.96,25.73,1.54,23.99,0.00,5.82,0.00,5.83,82.41,5.69,-0.02
-2364.43,0.00,47.74,0.00,-2592.51,-465.02,28.52,1.53,24.84,0.00,5.82,0.00,6.17,85.24,5.73,-0.01
-2350.81,0.00,50.87,0.00,-2589.28,-429.95,30.88,1.52,25.80,0.00,5.83,0.00,9.52,85.73,5.76,-0.07
-2338.22,0.00,53.66,0.00,-2583.31,-381.10,34.12,1.49,26.63,0.00,5.83,0.00,11.26,87.72,5.78,-0.03
-2321.59,0.00,57.23,0.00,-2576.54,-337.61,37.00,1.46,27.64,0.00,5.83,0.00,15.76,87.12,5.80,-0.08
-2308.63,0.00,59.92,0.00,-2568.25,-298.13,39.65,1.42,28.37,0.00,5.83,0.00,20.11,86.05,5.81,-0.08
-2291.86,0.00,63.31,0.00,-2556.91,-255.22,42.57,1.38,29.24,0.00,5.83,0.00,24.42,84.53,5.81,-0.09
-2278.34,0.00,65.97,0.00,-2543.27,-212.42,45.55,1.33,29.89,0.00,5.83,0.00,28.39,82.67,5.82,-0.09
-2261.32,0.00,69.25,0.00,-2526.56,-167.90,48.74,1.29,30.66,0.00,5.83,0.00,32.28,80.40,5.82,-0.09
-2246.85,0.00,71.97,0.00,-2507.60,-124.29,51.96,1.24,31.27,0.00,5.83,0.00,35.98,77.80,5.83,-0.09
-2232.68,0.00,74.59,0.00,-2490.50,-89.50,54.61,1.20,31.83,0.00,5.83,0.00,38.89,75.42,5.83,-0.09
-2213.27,0.00,78.10,0.00,-2474.22,-59.56,56.96,1.16,32.54,0.00,5.83,0.00,41.44,73.08,5.83,-0.09
-2197.11,0.00,80.97,0.00,-2451.96,-23.44,60.06,1.11,33.08,0.00,5.83,0.00,42.27,64.02,5.83,-0.10
-2184.17,0.00,83.24,0.00,-2428.97,8.24,63.19,1.05,33.50,0.00,5.83,0.00,43.22,55.02,5.83,-0.11
-2166.49,0.00,86.29,0.00,-2405.74,34.82,66.28,0.99,34.03,0.00,5.83,0.00,44.05,46.06,5.83,-0.13
-2148.46,0.00,89.35,0.00,-2384.33,54.65,69.09,0.92,34.53,0.00,5.83,0.00,44.67,37.28,5.83,-0.15
-2127.97,0.00,92.78,0.00,-2356.70,74.01,72.71,0.82,35.07,0.00,5.83,0.00,44.23,26.45,5.83,-0.16
-2113.69,0.00,95.15,0.00,-2335.40,84.77,75.56,0.74,35.41,0.00,5.83,0.00,42.90,18.48,5.83,-0.17
-2098.05,0.00,97.71,0.00,-2319.23,90.68,77.80,0.68,35.77,0.00,5.83,0.00,41.26,12.88,5.83,-0.17
-2079.12,0.00,100.78,0.00,-2300.76,95.07,80.50,0.60,36.18,0.00,5.83,0.00,38.80,6.77,5.83,-0.18
-2060.53,0.00,103.76,0.00,-2283.25,96.69,83.25,0.51,36.55,0.00,5.83,0.00,35.77,0.81,5.83,-0.19
-2043.09,0.00,106.53,0.00,-2268.11,95.82,85.85,0.43,36.88,0.00,5.83,0.00,32.41,-4.14,5.83,-0.19
-2025.76,0.00,109.25,0.00,-2252.49,92.25,88.88,0.32,37.18,0.00,5.83,0.00,28.02,-9.01,5.83,-0.20
-2008.78,0.00,111.91,0.00,-2239.78,86.70,91.78,0.22,37.46,0.00,5.83,0.00,23.48,-12.79,5.83,-0.20
-1985.30,0.00,115.54,0.00,-2229.20,79.37,94.74,0.12,37.82,0.00,5.83,0.00,18.63,-15.69,5.83,-0.21
-1962.74,0.00,119.01,0.00,-2222.24,72.36,97.21,0.03,38.14,0.00,5.83,0.00,14.65,-17.24,5.83,-0.21
-1945.45,0.00,121.64,0.00,-2216.24,63.67,100.07,-0.07,38.37,0.00,5.83,0.00,10.30,-18.14,5.83,-0.20
-1926.19,0.00,124.56,0.00,-2212.03,53.95,103.17,-0.17,38.61,0.00,5.83,0.00,5.94,-18.30,5.83,-0.20
-1908.26,0.00,127.26,0.00,-2210.13,45.50,105.91,-0.27,38.82,0.00,5.83,0.00,2.57,-17.81,5.83,-0.19
-1887.77,0.00,130.33,0.00,-2208.26,37.15,108.57,-0.35,39.05,0.00,5.83,0.00,5.31,-18.77,5.83,-0.18
-1868.71,0.00,133.17,0.00,-2204.18,28.74,111.44,-0.40,39.24,0.00,5.83,0.00,10.85,-15.99,5.83,-0.03
-1847.02,0.00,136.38,0.00,-2198.41,21.80,114.55,-0.39,39.45,0.00,5.83,0.00,10.82,-10.66,5.83,0.09
-1831.36,0.00,138.69,0.00,-2192.99,17.75,117.49,-0.32,39.59,0.00,5.83,0.00,10.67,-5.91,5.83,0.15
-1810.77,0.00,141.72,0.00,-2187.50,15.81,119.88,-0.26,39.76,0.00,5.83,0.00,15.52,-3.67,5.83,0.16
-1783.71,0.00,145.68,0.00,-2176.57,14.89,123.23,-0.17,39.97,0.00,5.83,0.00,21.85,0.20,5.83,0.16
-1769.52,0.00,147.75,0.00,-2164.85,15.87,126.01,-0.09,40.07,0.00,5.83,0.00,26.66,3.62,5.83,0.14
-1748.17,0.00,150.85,0.00,-2150.69,18.54,128.85,-0.03,40.22,0.00,5.83,0.00,31.09,7.00,5.83,0.13
-1730.24,0.00,153.44,0.00,-2132.51,22.39,131.92,0.02,40.33,0.00,5.83,0.00,37.25,7.50,5.83,0.07
-1713.36,0.00,155.88,0.00,-2115.21,25.12,134.49,0.03,40.43,0.00,5.83,0.00,41.07,4.98,5.83,-0.03
-1690.77,0.00,159.13,0.00,-2089.85,26.48,137.87,-0.01,40.56,0.00,5.83,0.00,45.88,-0.07,5.83,-0.10
-1668.25,0.00,162.37,0.00,-2065.90,25.90,140.73,-0.05,40.68,0.00,5.83,0.00,50.99,-1.97,5.83,-0.05
-1646.04,0.00,165.55,0.00,-2036.79,24.36,143.89,-0.07,40.79,0.00,5.83,0.00,56.13,-3.51,5.83,-0.03
-1626.81,0.00,168.29,0.00,-2005.83,22.13,146.96,-0.08,40.88,0.00,5.83,0.00,60.62,-4.76,5.83,-0.02
-1608.72,0.00,170.87,0.00,-1976.51,20.52,149.72,-0.08,40.96,0.00,5.83,0.00,63.07,-1.94,5.83,0.06
-1588.55,0.00,173.74,0.00,-1943.55,20.86,152.71,-0.03,41.04,0.00,5.83,0.00,65.28,2.89,5.83,0.09
-1570.69,0.00,176.28,0.00,-1913.07,22.55,155.37,-0.00,41.10,0.00,5.83,0.00,68.12,4.22,5.83,0.05
-1548.28,0.00,179.45,0.00,-1881.32,24.67,158.04,0.01,41.18,0.00,5.83,0.00,70.65,4.92,5.83,0.03
-1527.61,0.00,182.38,0.00,-1843.65,26.32,161.12,0.00,41.25,0.00,5.83,0.00,71.76,1.15,5.83,-0.07
-1508.80,0.00,185.04,0.00,-1808.23,25.31,163.98,-0.04,41.31,0.00,5.83,0.00,72.34,-4.81,5.83,-0.10
-1483.11,0.00,188.66,0.00,-1766.78,20.32,167.33,-0.09,41.39,0.00,5.83,0.00,72.28,-11.82,5.83,-0.10
-1462.91,0.00,191.50,0.00,-1733.41,15.18,170.01,-0.11,41.44,0.00,5.83,0.00,72.76,-10.11,5.83,0.02
-1441.79,0.00,194.47,0.00,-1694.63,11.24,173.10,-0.08,41.49,0.00,5.83,0.00,73.50,-4.91,5.83,0.08
-1419.97,0.00,197.54,0.00,-1660.48,10.34,175.80,-0.04,41.55,0.00,5.83,0.00,73.81,0.50,5.83,0.09
-1400.46,0.00,200.28,0.00,-1619.59,11.33,179.00,-0.00,41.59,0.00,5.83,0.00,75.35,2.60,5.83,0.04
-1377.68,0.00,203.47,0.00,-1584.04,12.81,181.73,0.01,41.64,0.00,5.83,0.00,76.36,3.54,5.83,0.03
-1353.63,0.00,206.84,0.00,-1549.59,13.07,184.49,-0.01,41.68,0.00,5.83,0.00,69.78,-2.55,5.83,-0.11
-1334.23,0.00,209.55,0.00,-1518.91,9.56,187.21,-0.07,41.72,0.00,5.83,0.00,62.56,-11.49,5.83,-0.14
-1313.01,0.00,212.52,0.00,-1486.26,3.96,190.24,-0.10,41.75,0.00,5.83,0.00,63.26,-9.62,5.83,0.02
-1292.02,0.00,215.45,0.00,-1451.17,0.12,193.45,-0.07,41.78,0.00,5.83,0.00,64.24,-4.48,5.83,0.09
-1270.92,0.00,218.39,0.00,-1423.17,-0.66,195.98,-0.03,41.82,0.00,5.83,0.00,64.72,0.44,5.83,0.10
-1270.92,0.00,218.39,0.00,-1356.17,1.79,201.86,0.03,41.82,0.00,5.83,0.00,67.75,3.64,5.83,0.03
-1230.04,0.00,224.09,0.00,-1356.17,1.79,201.86,0.03,41.87,0.00,5.83,0.00,67.75,3.64,5.83,0.03
-1213.42,0.00,226.40,0.00,-1324.17,3.70,204.59,0.04,41.89,0.00,5.83,0.00,68.87,4.40,5.83,0.02
-1191.04,0.00,229.52,0.00,-1288.53,6.20,207.72,0.05,41.92,0.00,5.83,0.00,64.41,4.82,5.83,0.02
-1170.54,0.00,232.37,0.00,-1255.38,8.84,210.83,0.06,41.94,0.00,5.83,0.00,60.45,5.06,5.83,0.01
-1147.74,0.00,235.54,0.00,-1228.67,11.17,213.49,0.06,41.96,0.00,5.83,0.00,57.38,5.17,5.83,0.01
-1126.88,0.00,238.44,0.00,-1199.32,13.93,216.57,0.07,41.98,0.00,5.83,0.00,54.12,5.25,5.83,0.01
-1107.59,0.00,241.12,0.00,-1170.91,16.78,219.73,0.08,42.00,0.00,5.83,0.00,51.06,5.27,5.83,0.01
-1086.57,0.00,244.04,0.00,-1148.94,19.10,222.30,0.08,42.01,0.00,5.83,0.00,48.77,5.26,5.83,0.01
-1066.49,0.00,246.83,0.00,-1126.48,21.59,225.06,0.08,42.03,0.00,5.83,0.00,46.49,5.24,5.83,0.01
-1047.78,0.00,249.42,0.00,-1100.60,24.58,228.41,0.09,42.04,0.00,5.83,0.00,43.91,5.19,5.83,0.01
-1023.07,0.00,252.85,0.00,-1079.38,27.14,231.30,0.09,42.06,0.00,5.83,0.00,41.85,5.13,5.83,0.01
-1005.78,0.00,254.90,0.00,-1059.71,29.59,234.12,0.10,42.07,0.00,4.37,0.00,39.98,5.06,5.83,0.01
-985.18,0.00,256.66,0.00,-1039.86,32.15,237.09,0.10,42.08,0.00,2.98,0.00,38.12,4.99,5.83,0.01
-963.75,0.00,257.83,0.00,-1017.82,35.09,240.56,0.10,42.09,0.00,1.79,0.00,36.09,4.89,5.83,0.01
-940.22,0.00,258.47,0.00,-998.74,37.72,243.73,0.11,42.10,0.00,0.61,0.00,34.35,4.80,5.83,0.01
-920.62,0.00,258.51,0.00,-980.41,40.32,246.93,0.11,42.11,0.00,-0.32,0.00,32.70,4.70,5.83,0.01
-902.89,0.00,258.19,0.00,-963.57,42.78,250.01,0.11,42.12,0.00,-1.15,0.00,31.20,4.60,5.83,0.01
-880.64,0.00,257.29,0.00,-948.91,44.97,252.82,0.12,42.13,0.00,-2.12,0.00,29.90,4.52,5.83,0.01
-858.47,0.00,255.92,0.00,-936.10,47.46,255.44,0.13,42.14,0.00,-2.98,0.00,27.39,6.48,5.83,0.07
-839.52,0.00,254.43,0.00,-924.96,50.26,257.87,0.16,42.15,0.00,-3.59,0.00,26.26,6.88,5.83,0.05
-818.44,0.00,252.47,0.00,-911.39,54.00,260.40,0.18,42.16,0.00,-4.16,0.00,24.91,7.13,3.99,0.04
-795.69,0.00,250.08,0.00,-897.77,59.03,262.24,0.22,42.16,0.00,-4.63,0.00,21.50,9.67,2.43,0.10
-772.51,0.00,247.42,0.00,-889.26,63.54,263.05,0.27,42.17,0.00,-4.98,0.00,18.91,11.43,1.49,0.11
-750.18,0.00,245.27,0.00,-880.23,70.11,263.51,0.33,42.18,0.00,-3.36,0.00,15.59,13.17,0.39,0.12
-728.59,0.00,243.92,0.00,-872.28,74.31,263.40,0.31,42.18,0.00,-2.10,0.00,13.60,2.88,-0.70,-0.18
-710.59,0.00,243.24,0.00,-866.30,73.24,262.80,0.20,42.19,0.00,-1.18,0.00,11.01,-6.22,-1.64,-0.26
-687.96,0.00,242.93,0.00,-862.36,68.87,261.89,0.08,42.19,0.00,-0.09,0.00,6.97,-12.62,-2.41,-0.28
-666.64,0.00,243.17,0.00,-860.44,61.77,260.55,-0.05,42.20,0.00,0.92,0.00,1.53,-16.72,-3.15,-0.29
-646.27,0.00,243.86,0.00,-861.25,53.22,258.86,-0.19,42.20,0.00,1.83,0.00,-4.35,-18.13,-3.78,-0.30
-622.73,0.00,245.17,0.00,-864.26,45.53,257.10,-0.32,42.20,0.00,2.78,0.00,-8.93,-17.11,-4.24,-0.27
-603.13,0.00,246.64,0.00,-869.19,38.35,255.06,-0.43,42.21,0.00,3.44,0.00,-12.21,-14.53,-4.63,-0.23
-579.78,0.00,248.75,0.00,-874.93,30.38,252.39,-0.55,42.21,0.00,4.09,0.00,-8.93,-14.62,-4.99,-0.21
-555.34,0.00,251.29,0.00,-877.87,22.97,249.42,-0.62,42.22,0.00,4.61,0.00,-1.90,-11.88,-5.25,-0.03
-536.52,0.00,253.01,0.00,-878.56,18.14,247.07,-0.59,42.22,0.00,3.30,0.00,-0.74,-6.35,-3.50,0.12
-516.74,0.00,254.25,0.00,-878.75,16.17,245.66,-0.51,42.22,0.00,2.14,0.00,-0.19,-1.91,-2.23,0.19
-497.96,0.00,254.96,0.00,-878.88,16.34,244.85,-0.41,42.22,0.00,1.18,0.00,-0.46,2.15,-1.14,0.22
-475.48,0.00,255.27,0.00,-879.61,19.13,244.57,-0.27,42.23,0.00,0.09,0.00,-1.97,6.43,0.10,0.22
-455.43,0.00,255.07,0.00,-878.90,23.24,244.98,-0.15,42.23,0.00,-0.85,0.00,3.78,8.01,1.23,0.21
-431.07,0.00,254.23,0.00,-875.10,28.23,245.97,-0.04,42.23,0.00,-1.94,0.00,9.39,9.99,2.24,0.19
-410.65,0.00,253.07,0.00,-869.36,32.60,247.16,0.03,42.23,0.00,-2.75,0.00,15.54,9.54,2.96,0.11
-391.97,0.00,251.70,0.00,-859.34,36.75,248.94,0.06,42.23,0.00,-3.39,0.00,21.78,6.45,3.68,-0.02
-371.69,0.00,249.91,0.00,-846.45,39.06,250.99,0.03,42.24,0.00,-3.97,0.00,27.98,2.79,4.23,-0.10
-348.31,0.00,248.17,0.00,-830.53,39.17,252.74,-0.03,42.24,0.00,-2.51,0.00,33.70,-2.04,2.83,-0.12
-322.47,0.00,247.10,0.00,-814.69,37.19,253.73,-0.09,42.24,0.00,-1.15,0.00,38.10,-6.62,1.80,-0.12
-300.50,0.00,246.80,0.00,-792.62,31.91,254.36,-0.15,42.24,0.00,-0.10,0.00,42.68,-12.25,0.66,-0.11
-279.02,0.00,247.04,0.00,-763.35,24.64,254.34,-0.17,42.24,0.00,0.91,0.00,48.95,-10.28,-0.61,0.04
-256.77,0.00,247.81,0.00,-738.63,20.65,253.80,-0.14,42.24,0.00,1.91,0.00,53.77,-6.47,-1.53,0.10
-234.64,0.00,249.07,0.00,-711.05,18.77,252.81,-0.09,42.25,0.00,2.79,0.00,58.16,-1.64,-2.41,0.10
-213.07,0.00,250.70,0.00,-676.28,18.41,251.16,-0.05,42.25,0.00,3.51,0.00,63.75,-0.02,-3.27,0.04
-190.47,0.00,252.18,0.00,-641.11,18.64,249.81,-0.03,42.25,0.00,2.18,0.00,68.47,0.77,-1.99,0.03
-167.39,0.00,253.01,0.00,-606.50,19.17,249.13,-0.02,42.25,0.00,0.99,0.00,72.29,1.32,-0.94,0.02
-148.31,0.00,253.23,0.00,-560.60,20.18,248.97,-0.01,42.25,0.00,0.08,0.00,76.20,1.88,0.30,0.02
-126.21,0.00,252.97,0.00,-521.82,21.23,249.39,0.00,42.25,0.00,-0.96,0.00,78.92,2.28,1.28,0.01
-101.00,0.00,252.03,0.00,-487.59,22.28,250.13,0.01,42.25,0.00,-2.07,0.00,80.92,2.58,2.07,0.01
-76.34,0.00,250.51,0.00,-446.71,22.61,251.40,-0.01,42.25,0.00,-3.02,0.00,81.31,-1.43,2.90,-0.07
-54.89,0.00,248.78,0.00,-404.00,20.05,252.56,-0.05,42.25,0.00,-3.70,0.00,81.18,-7.76,1.67,-0.09
-32.78,0.00,247.24,0.00,-359.81,13.92,253.13,-0.10,42.25,0.00,-2.36,0.00,80.48,-13.90,0.53,-0.09
-9.93,0.00,246.32,0.00,-316.62,5.94,253.10,-0.13,42.25,0.00,-1.17,0.00,81.55,-15.58,-0.53,-0.04
11.89,0.00,246.02,0.00,-279.55,-0.46,252.64,-0.13,42.25,0.00,-0.12,0.00,81.53,-12.41,-1.42,0.05
34.21,0.00,246.26,0.00,-242.33,-4.81,251.78,-0.10,42.26,0.00,0.93,0.00,81.59,-7.00,-2.24,0.09
57.02,0.00,247.07,0.00,-200.64,-6.54,250.40,-0.05,42.26,0.00,1.95,0.00,81.27,-0.43,-3.06,0.09
76.52,0.00,248.17,0.00,-159.27,-5.03,248.64,-0.00,42.26,0.00,2.72,0.00,80.45,5.58,-3.74,0.09
95.45,0.00,249.55,0.00,-118.15,-0.64,246.55,0.04,42.26,0.00,3.38,0.00,79.21,10.80,-4.28,0.09
117.24,0.00,251.47,0.00,-81.47,3.87,244.90,0.06,42.26,0.00,4.00,0.00,78.53,8.35,-2.98,-0.03
140.20,0.00,253.20,0.00,-39.64,6.75,243.68,0.03,42.26,0.00,2.55,0.00,77.94,2.65,-1.72,-0.08
161.46,0.00,254.17,0.00,-0.84,6.41,243.11,-0.02,42.26,0.00,1.42,0.00,77.05,-3.41,-0.67,-0.09
182.67,0.00,254.59,0.00,41.07,3.76,243.07,-0.05,42.26,0.00,0.39,0.00,77.51,-5.77,0.41,-0.04
203.46,0.00,254.52,0.00,77.40,1.65,243.51,-0.05,42.26,0.00,-0.59,0.00,76.57,-2.92,1.34,0.05
221.37,0.00,254.07,0.00,112.62,1.53,244.35,-0.01,42.26,0.00,-1.42,0.00,75.61,2.05,2.18,0.09
248.47,0.00,252.76,0.00,148.45,3.05,245.58,0.02,42.26,0.00,-2.55,0.00,75.84,3.95,2.95,0.04
270.01,0.00,251.23,0.00,187.61,5.49,247.39,0.03,42.26,0.00,-3.32,0.00,70.57,4.89,3.68,0.03
291.73,0.00,249.34,0.00,220.46,7.97,249.30,0.05,42.26,0.00,-3.95,0.00,66.37,5.32,4.20,0.02
308.24,0.00,248.03,0.00,252.78,10.72,251.54,0.05,42.26,0.00,-2.89,0.00,62.42,5.57,4.64,0.02
327.63,0.00,246.98,0.00,283.65,13.61,253.48,0.06,42.26,0.00,-1.82,0.00,58.80,5.71,3.14,0.01
353.51,0.00,246.31,0.00,312.19,16.49,254.71,0.07,42.26,0.00,-0.53,0.00,55.57,5.76,1.94,0.01
377.12,0.00,246.36,0.00,338.37,19.29,255.38,0.07,42.26,0.00,0.59,0.00,52.71,5.77,0.91,0.01
397.82,0.00,246.90,0.00,361.45,21.88,255.56,0.08,42.26,0.00,1.53,0.00,50.26,5.75,-0.00,0.01
415.29,0.00,247.70,0.00,386.62,24.83,255.27,0.08,42.26,0.00,2.27,0.00,47.65,5.71,-1.02,0.01
435.53,0.00,249.00,0.00,408.89,27.56,254.53,0.09,42.26,0.00,3.04,0.00,45.41,5.65,-1.92,0.01
456.03,0.00,250.65,0.00,430.00,30.24,253.40,0.09,42.26,0.00,3.69,0.00,43.33,5.58,-2.73,0.01
477.53,0.00,252.15,0.00,448.99,32.72,252.01,0.10,42.26,0.00,2.38,0.00,41.49,5.51,-3.38,0.01
501.46,0.00,253.10,0.00,468.01,35.29,250.73,0.10,42.26,0.00,1.14,0.00,39.68,5.42,-2.22,0.01
521.89,0.00,253.39,0.00,487.33,37.97,249.93,0.10,42.26,0.00,0.15,0.00,37.87,5.33,-1.13,0.01
521.89,0.00,253.39,0.00,520.52,42.77,249.79,0.11,42.26,0.00,0.15,0.00,34.83,5.15,0.72,0.01
546.90,0.00,253.10,0.00,538.86,45.52,250.49,0.11,42.26,0.00,-1.02,0.00,33.17,5.04,1.75,0.01
567.92,0.00,252.33,0.00,554.88,47.99,251.59,0.12,42.26,0.00,-1.95,0.00,31.74,4.94,2.60,0.01
593.34,0.00,250.82,0.00,570.37,50.43,252.57,0.12,42.26,0.00,-2.95,0.00,30.36,4.84,1.47,0.01
614.99,0.00,249.11,0.00,587.56,53.21,253.05,0.12,42.26,0.00,-3.65,0.00,28.84,4.71,0.28,0.01
634.28,0.00,247.74,0.00,601.94,55.59,252.90,0.12,42.26,0.00,-2.47,0.00,27.57,4.61,-0.74,0.01
657.22,0.00,246.77,0.00,614.55,57.72,252.32,0.13,42.26,0.00,-1.27,0.00,26.46,4.51,-1.64,0.00
677.25,0.00,246.42,0.00,627.36,59.92,251.26,0.13,42.26,0.00,-0.30,0.00,25.33,4.40,-2.51,0.00
698.89,0.00,246.56,0.00,638.56,61.89,249.95,0.13,42.26,0.00,0.72,0.00,24.33,4.31,-3.20,0.00
720.28,0.00,247.20,0.00,650.71,64.82,248.04,0.15,42.26,0.00,1.69,0.00,21.56,6.56,-3.88,0.08
743.41,0.00,248.42,0.00,661.01,68.89,246.44,0.20,42.26,0.00,2.64,0.00,18.67,8.96,-2.52,0.11
764.82,0.00,249.97,0.00,669.78,74.11,245.47,0.26,42.26,0.00,3.39,0.00,15.62,11.02,-1.37,0.12
783.72,0.00,251.62,0.00,676.31,77.12,245.09,0.26,42.26,0.00,3.93,0.00,13.38,2.82,-0.43,-0.14
803.92,0.00,253.15,0.00,683.18,75.12,245.23,0.13,42.26,0.00,2.66,0.00,9.41,-8.15,0.77,-0.27
842.58,0.00,254.60,0.00,683.18,75.12,245.23,0.13,42.26,0.00,0.66,0.00,9.41,-8.15,0.77,-0.27
861.61,0.00,254.67,0.00,686.83,67.62,246.08,-0.04,42.26,0.00,-0.24,0.00,2.89,-15.29,1.92,-0.29
881.33,0.00,254.32,0.00,686.60,59.37,247.25,-0.18,42.26,0.00,-1.16,0.00,-3.32,-17.74,2.74,-0.30
902.62,0.00,253.47,0.00,683.26,50.51,248.83,-0.33,42.26,0.00,-2.09,0.00,-9.30,-17.24,3.47,-0.29
920.64,0.00,252.41,0.00,677.17,42.39,250.80,-0.47,42.26,0.00,-2.80,0.00,-13.63,-14.33,4.07,-0.24
940.67,0.00,250.90,0.00,670.55,34.68,253.19,-0.59,42.26,0.00,-3.48,0.00,-10.88,-14.15,4.57,-0.22
959.28,0.00,249.24,0.00,666.52,27.64,255.25,-0.66,42.26,0.00,-4.00,0.00,-4.00,-11.60,2.95,-0.04
980.18,0.00,247.64,0.00,664.86,23.13,256.41,-0.65,42.26,0.00,-2.67,0.00,-2.67,-6.73,1.75,0.09
1001.95,0.00,246.60,0.00,663.70,20.82,257.03,-0.58,42.26,0.00,-1.50,0.00,-1.71,-2.06,0.58,0.18
1021.48,0.00,246.15,0.00,663.01,20.72,257.07,-0.49,42.26,0.00,-0.54,0.00,-1.62,1.23,-0.28,0.21
1042.55,0.00,246.15,0.00,661.94,22.57,256.60,-0.38,42.26,0.00,0.45,0.00,-2.38,5.11,-1.35,0.21
1064.43,0.00,246.68,0.00,662.24,25.30,255.69,-0.27,42.26,0.00,1.46,0.00,3.00,6.04,-2.24,0.21
1089.24,0.00,247.88,0.00,665.47,28.91,254.26,-0.16,42.26,0.00,2.50,0.00,8.64,7.60,-3.08,0.20
1111.01,0.00,249.39,0.00,671.45,33.30,252.48,-0.07,42.26,0.00,3.28,0.00,14.06,9.39,-3.76,0.17
1128.08,0.00,250.84,0.00,681.09,37.39,250.20,-0.02,42.26,0.00,3.80,0.00,20.06,5.67,-4.34,0.01
1146.03,0.00,252.18,0.00,694.18,40.24,248.33,-0.01,42.26,0.00,2.68,0.00,27.85,5.03,-2.84,0.01
1168.20,0.00,253.23,0.00,711.42,41.83,247.15,-0.03,42.26,0.00,1.48,0.00,33.90,0.93,-1.57,-0.09
1191.03,0.00,253.70,0.00,729.51,41.83,246.67,-0.07,42.26,0.00,0.37,0.00,40.39,-0.73,-0.56,-0.05
1211.58,0.00,253.62,0.00,754.37,40.88,246.70,-0.09,42.26,0.00,-0.60,0.00,47.43,-2.48,0.56,-0.04
1230.02,0.00,253.15,0.00,780.62,40.19,247.29,-0.08,42.26,0.00,-1.45,0.00,52.16,-0.01,1.57,0.06
1251.27,0.00,252.17,0.00,809.65,40.36,248.38,-0.06,42.26,0.00,-2.35,0.00,57.79,0.55,2.50,0.04
1272.23,0.00,250.79,0.00,837.53,40.70,249.72,-0.04,42.26,0.00,-3.13,0.00,62.28,0.88,3.20,0.03
1291.49,0.00,249.21,0.00,864.91,40.43,250.85,-0.05,42.26,0.00,-3.73,0.00,64.63,-2.20,2.15,-0.06
1314.82,0.00,247.60,0.00,901.21,37.41,251.67,-0.09,42.26,0.00,-2.31,0.00,67.01,-8.40,0.97,-0.09
1333.95,0.00,246.80,0.00,939.10,30.71,251.86,-0.15,42.26,0.00,-1.31,0.00,68.53,-14.90,-0.16,-0.09
1355.79,0.00,246.43,0.00,980.85,20.98,251.38,-0.18,42.26,0.00,-0.26,0.00,71.93,-17.36,-1.33,-0.04
1395.98,0.00,247.12,0.00,980.85,20.98,251.38,-0.18,42.26,0.00,1.61,0.00,71.93,-17.36,-1.33,-0.04
1420.50,0.00,248.39,0.00,1020.53,12.41,250.36,-0.18,42.26,0.00,2.62,0.00,74.09,-13.88,-2.31,0.07
1441.38,0.00,249.88,0.00,1057.38,7.06,249.02,-0.14,42.26,0.00,3.35,0.00,75.99,-8.35,-3.08,0.09
1462.13,0.00,251.70,0.00,1100.34,4.43,247.71,-0.08,42.26,0.00,3.95,0.00,77.44,-1.78,-1.76,0.09
1479.68,0.00,253.08,0.00,1140.58,5.08,247.11,-0.04,42.26,0.00,2.83,0.00,78.09,3.62,-0.67,0.09
1504.16,0.00,254.28,0.00,1181.56,7.36,247.06,-0.01,42.26,0.00,1.50,0.00,79.81,4.83,0.37,0.04
1527.54,0.00,254.76,0.00,1218.56,9.70,247.46,0.01,42.26,0.00,0.36,0.00,81.08,5.28,1.27,0.03
1551.18,0.00,254.62,0.00,1265.50,12.86,248.52,0.02,42.26,0.00,-0.76,0.00,82.39,5.66,2.31,0.02
1572.41,0.00,253.97,0.00,1305.92,14.72,249.87,0.01,42.26,0.00,-1.72,0.00,81.89,1.78,3.09,-0.07
1591.45,0.00,253.00,0.00,1344.16,14.16,251.48,-0.03,42.26,0.00,-2.50,0.00,81.22,-3.71,3.71,-0.09
1616.35,0.00,251.23,0.00,1381.83,11.82,253.33,-0.05,42.26,0.00,-3.38,0.00,81.78,-5.91,4.21,-0.04
1616.35,0.00,251.23,0.00,1451.31,1.49,255.94,-0.14,42.26,0.00,-3.38,0.00,72.20,-18.27,1.93,-0.14
1638.03,0.00,249.31,0.00,1484.85,-8.87,256.61,-0.20,42.26,0.00,-4.00,0.00,61.83,-22.02,0.86,-0.11
1657.90,0.00,247.77,0.00,1515.44,-21.66,256.75,-0.26,42.26,0.00,-2.74,0.00,51.60,-24.49,-0.24,-0.12
1678.84,0.00,246.73,0.00,1541.89,-36.26,256.25,-0.33,42.26,0.00,-1.60,0.00,41.60,-26.00,-1.37,-0.12
1716.93,0.00,246.17,0.00,1541.89,-36.26,256.25,-0.33,42.26,0.00,0.24,0.00,41.60,-26.00,-1.37,-0.12
1737.72,0.00,246.55,0.00,1561.58,-46.35,255.33,-0.32,42.26,0.00,1.21,0.00,39.03,-15.66,-2.26,0.14
1758.21,0.00,247.38,0.00,1580.12,-50.97,254.01,-0.24,42.26,0.00,2.11,0.00,36.74,-4.35,-3.04,0.19
1781.42,0.00,248.81,0.00,1594.43,-50.85,252.65,-0.16,42.26,0.00,3.00,0.00,33.78,3.86,-3.59,0.19
1781.42,0.00,248.81,0.00,1623.12,-39.44,248.47,0.04,42.26,0.00,3.00,0.00,23.13,16.87,-4.60,0.21
1802.52,0.00,250.50,0.00,1632.17,-31.03,246.73,0.14,42.26,0.00,3.67,0.00,17.53,19.91,-3.27,0.22
1840.73,0.00,252.74,0.00,1632.17,-31.03,246.73,0.14,42.26,0.00,1.49,0.00,17.53,19.91,-3.27,0.22
1863.10,0.00,253.20,0.00,1640.77,-18.56,245.24,0.26,42.26,0.00,0.40,0.00,11.38,20.82,-1.81,0.20
1884.25,0.00,253.13,0.00,1645.64,-7.81,244.62,0.36,42.26,0.00,-0.60,0.00,7.52,20.07,-0.70,0.18
1904.19,0.00,252.60,0.00,1650.69,1.06,244.54,0.40,42.26,0.00,-1.52,0.00,12.45,16.30,0.30,0.01
1923.89,0.00,251.68,0.00,1657.11,7.93,244.99,0.38,42.26,0.00,-2.35,0.00,12.46,10.91,1.31,-0.11
1948.27,0.00,250.03,0.00,1663.83,12.24,246.00,0.30,42.26,0.00,-3.24,0.00,12.22,5.55,2.30,-0.16
1971.69,0.00,248.02,0.00,1673.26,14.31,247.70,0.21,42.26,0.00,-3.93,0.00,18.42,1.56,3.23,-0.16
1993.14,0.00,246.41,0.00,1683.15,14.15,249.38,0.13,42.26,0.00,-2.59,0.00,22.87,-1.95,3.83,-0.15
2011.05,0.00,245.54,0.00,1696.52,11.93,251.00,0.05,42.26,0.00,-1.62,0.00,27.23,-6.04,2.46,-0.15
2032.39,0.00,245.01,0.00,1711.83,7.72,251.94,-0.02,42.26,0.00,-0.57,0.00,31.05,-9.72,1.30,-0.13
2055.49,0.00,245.03,0.00,1728.44,1.94,252.30,-0.09,42.26,0.00,0.52,0.00,34.46,-12.88,0.27,-0.12
2079.06,0.00,245.66,0.00,1746.48,-3.71,252.17,-0.11,42.26,0.00,1.60,0.00,38.43,-10.18,-0.72,0.01
2098.63,0.00,246.61,0.00,1769.08,-8.04,251.45,-0.08,42.26,0.00,2.42,0.00,43.06,-5.71,-1.77,0.10
2119.06,0.00,247.98,0.00,1790.00,-9.51,250.42,-0.03,42.26,0.00,3.17,0.00,46.54,-0.99,-2.57,0.11
2138.07,0.00,249.56,0.00,1813.70,-8.57,248.95,0.02,42.26,0.00,3.75,0.00,49.62,4.29,-3.31,0.11
2158.65,0.00,251.53,0.00,1839.66,-5.85,247.64,0.06,42.26,0.00,4.27,0.00,53.90,6.23,-2.09,0.05
2178.05,0.00,253.15,0.00,1867.74,-3.31,246.90,0.06,42.26,0.00,2.98,0.00,56.67,3.62,-0.99,-0.05
2198.83,0.00,254.30,0.00,1894.11,-2.70,246.67,0.03,42.26,0.00,1.82,0.00,58.89,-0.70,-0.07,-0.09
2222.60,0.00,254.95,0.00,1925.56,-3.64,246.93,-0.01,42.26,0.00,0.64,0.00,62.47,-2.56,0.95,-0.04
2242.45,0.00,255.01,0.00,1961.55,-5.47,247.79,-0.03,42.26,0.00,-0.30,0.00,65.89,-3.78,2.00,-0.03
2267.33,0.00,254.46,0.00,1990.32,-6.56,248.83,-0.02,42.26,0.00,-1.45,0.00,67.00,-1.13,2.73,0.05
2288.18,0.00,253.50,0.00,2024.53,-6.70,250.40,-0.00,42.26,0.00,-2.34,0.00,69.54,0.31,3.45,0.03
2308.72,0.00,252.15,0.00,2063.18,-6.19,252.48,0.01,42.26,0.00,-3.10,0.00,71.91,1.40,4.09,0.02
2327.05,0.00,250.67,0.00,2100.16,-4.16,254.17,0.05,42.26,0.00,-3.68,0.00,71.98,6.39,2.70,0.09
2348.67,0.00,248.62,0.00,2136.71,0.68,255.21,0.09,42.26,0.00,-4.23,0.00,71.50,11.99,1.54,0.09
2369.03,0.00,246.95,0.00,2176.36,6.65,255.71,0.10,42.26,0.00,-2.90,0.00,71.68,9.07,0.39,-0.05
2386.71,0.00,245.97,0.00,2211.16,7.96,255.62,0.04,42.26,0.00,-1.91,0.00,64.21,-3.13,-0.64,-0.16
2403.25,0.00,245.40,0.00,2244.27,2.68,254.94,-0.05,42.26,0.00,-1.07,0.00,55.60,-14.07,-1.71,-0.16
2423.72,0.00,245.15,0.00,2268.43,-5.08,253.90,-0.12,42.26,0.00,-0.09,0.00,46.98,-17.89,-2.53,-0.14
2445.68,0.00,245.40,0.00,2287.04,-13.45,252.64,-0.18,42.26,0.00,0.94,0.00,39.43,-20.25,-3.20,-0.14
2466.32,0.00,246.11,0.00,2305.96,-25.26,250.66,-0.26,42.26,0.00,1.86,0.00,30.15,-22.16,-3.90,-0.15
2489.93,0.00,247.44,0.00,2319.71,-33.37,248.66,-0.27,42.26,0.00,2.80,0.00,27.72,-12.58,-4.38,0.12
2512.42,0.00,249.16,0.00,2335.06,-37.06,246.65,-0.17,42.26,0.00,3.56,0.00,25.11,-1.27,-2.76,0.20
2533.55,0.00,251.10,0.00,2346.08,-35.58,245.64,-0.07,42.26,0.00,4.13,0.00,21.82,6.53,-1.67,0.21
2552.84,0.00,252.66,0.00,2355.53,-30.88,245.10,0.03,42.26,0.00,2.87,0.00,17.68,12.15,-0.67,0.20
2571.49,0.00,253.67,0.00,2363.62,-23.23,245.06,0.13,42.26,0.00,1.84,0.00,12.91,15.71,0.41,0.20
2595.21,0.00,254.33,0.00,2369.08,-14.93,245.55,0.23,42.26,0.00,0.66,0.00,9.06,16.86,1.40,0.18
2614.32,0.00,254.41,0.00,2374.08,-8.19,246.38,0.28,42.26,0.00,-0.25,0.00,13.03,13.71,2.21,0.03
2635.47,0.00,254.01,0.00,2384.01,-1.11,248.05,0.26,42.26,0.00,-1.24,0.00,19.19,10.01,3.17,-0.10
2657.36,0.00,253.09,0.00,2394.80,2.88,249.78,0.20,42.26,0.00,-2.18,0.00,24.20,6.47,3.80,-0.14
2676.10,0.00,251.95,0.00,2408.77,5.03,251.91,0.13,42.26,0.00,-2.90,0.00,29.06,2.17,4.34,-0.14
2698.45,0.00,250.19,0.00,2424.19,4.91,253.66,0.06,42.26,0.00,-3.63,0.00,33.11,-2.26,2.95,-0.13
2716.26,0.00,248.55,0.00,2438.48,3.17,254.65,0.01,42.26,0.00,-4.11,0.00,36.07,-5.83,1.98,-0.13
2737.82,0.00,246.85,0.00,2454.75,-0.18,255.28,-0.04,42.26,0.00,-2.72,0.00,38.88,-9.28,1.05,-0.12
2760.55,0.00,245.76,0.00,2475.27,-4.27,255.52,-0.07,42.26,0.00,-1.50,0.00,42.48,-6.98,0.03,0.01
2782.15,0.00,245.29,0.00,2494.31,-6.52,255.34,-0.05,42.26,0.00,-0.44,0.00,45.58,-3.59,-0.82,0.08
2805.58,0.00,245.39,0.00,2518.68,-6.93,254.63,0.00,42.26,0.00,0.67,0.00,48.91,1.61,-1.80,0.11
2826.25,0.00,245.97,0.00,2541.65,-4.97,253.61,0.05,42.26,0.00,1.61,0.00,51.32,6.47,-2.59,0.11
2846.77,0.00,246.98,0.00,2568.29,-1.17,252.11,0.09,42.26,0.00,2.46,0.00,55.23,8.42,-3.33,0.05
2869.27,0.00,248.54,0.00,2596.65,2.43,250.27,0.09,42.26,0.00,3.27,0.00,57.78,5.76,-3.94,-0.05
2895.08,0.00,250.80,0.00,2628.06,4.03,248.60,0.05,42.26,0.00,4.02,0.00,60.28,0.52,-2.54,-0.10
2920.42,0.00,252.67,0.00,2656.00,3.04,247.70,0.00,42.26,0.00,2.44,0.00,61.76,-4.33,-1.51,-0.10
2944.66,0.00,253.66,0.00,2686.90,0.43,247.24,-0.03,42.26,0.00,1.17,0.00,64.49,-5.96,-0.50,-0.05
2966.49,0.00,253.96,0.00,2719.43,-2.77,247.26,-0.05,42.26,0.00,0.12,0.00,66.98,-6.87,0.49,-0.03
2987.99,0.00,253.74,0.00,2748.35,-5.15,247.67,-0.04,42.26,0.00,-0.89,0.00,67.80,-4.13,1.33,0.05
3000.00,0.00,253.05,0.00,2782.94,-5.81,248.60,-0.01,42.26,0.00,-1.81,0.00,68.61,1.20,2.25,0.09
3000.00,0.00,252.15,0.00,2811.91,-4.84,249.70,0.02,42.26,0.00,-2.52,0.00,70.17,3.06,2.92,0.05
3000.00,0.00,250.56,0.00,2851.41,-2.68,251.56,0.04,42.26,0.00,-3.32,0.00,71.81,4.49,3.68,0.03
3000.00,0.00,248.41,0.00,2885.41,0.60,253.02,0.07,42.26,0.00,-4.02,0.00,66.26,8.56,2.41,0.08
3000.00,0.00,246.97,0.00,2926.90,8.42,254.08,0.13,42.26,0.00,-2.86,0.00,59.09,14.17,0.95,0.10
3000.00,0.00,245.87,0.00,2954.69,15.49,254.28,0.16,42.26,0.00,-1.71,0.00,55.55,14.66,-0.03,0.05
3000.00,0.00,245.30,0.00,2985.84,23.99,253.89,0.19,42.26,0.00,-0.62,0.00,51.90,14.47,-1.18,0.03
3000.00,0.00,245.25,0.00,2999.84,30.57,253.12,0.20,42.26,0.00,0.29,0.00,49.27,14.16,-2.05,0.02
3000.00,0.00,245.72,0.00,2999.76,37.56,251.79,0.21,42.26,0.00,1.35,0.00,46.58,13.75,-2.91,0.02
3000.00,0.00,246.59,0.00,2999.69,43.25,250.35,0.22,42.26,0.00,2.21,0.00,44.49,13.40,-3.53,0.02
3000.00,0.00,247.87,0.00,2999.59,49.58,248.39,0.23,42.26,0.00,2.99,0.00,42.25,12.99,-4.11,0.01
3000.00,0.00,249.66,0.00,2999.50,54.52,246.62,0.23,42.26,0.00,3.70,0.00,40.57,12.67,-4.49,0.01
3000.00,0.00,251.58,0.00,2999.39,60.53,244.74,0.24,42.26,0.00,4.22,0.00,38.58,12.27,-3.01,0.01
3000.00,0.00,253.28,0.00,2999.27,66.14,243.57,0.25,42.26,0.00,2.87,0.00,36.78,11.89,-1.83,0.01
3000.00,0.00,254.40,0.00,2999.15,71.39,242.96,0.25,42.26,0.00,1.68,0.00,35.13,11.53,-0.81,0.01
3000.00,0.00,254.96,0.00,2999.00,77.44,242.86,0.26,42.26,0.00,0.58,0.00,33.28,11.12,0.36,0.01
3000.00,0.00,254.99,0.00,2998.86,82.55,243.33,0.26,42.26,0.00,-0.39,0.00,31.76,10.76,1.36,0.01
3000.00,0.00,254.59,0.00,2998.71,88.03,244.43,0.27,42.26,0.00,-1.27,0.00,30.16,10.38,2.38,0.01
3000.00,0.00,253.81,0.00,2998.56,92.83,245.89,0.27,42.26,0.00,-2.10,0.00,28.78,10.05,3.18,0.01
3000.00,0.00,252.48,0.00,2998.41,97.71,247.85,0.27,42.26,0.00,-2.94,0.00,27.40,9.70,3.88,0.01
3000.00,0.00,250.88,0.00,2998.26,102.23,250.04,0.28,42.26,0.00,-3.61,0.00,26.14,9.38,4.40,0.01
3000.00,0.00,248.68,0.00,2998.09,106.96,251.85,0.30,42.26,0.00,-4.22,0.00,23.09,11.08,2.97,0.08
3000.00,0.00,247.02,0.00,2997.89,112.62,253.01,0.34,42.26,0.00,-2.89,0.00,19.86,12.95,1.80,0.11
3000.00,0.00,245.86,0.00,2997.68,117.85,253.54,0.39,42.26,0.00,-1.67,0.00,17.17,14.23,0.94,0.12
3000.00,0.00,245.29,0.00,2997.35,126.12,253.72,0.46,42.26,0.00,-0.52,0.00,13.35,15.51,-0.22,0.12
3000.00,0.00,245.31,0.00,2997.02,133.58,253.35,0.52,42.26,0.00,0.49,0.00,10.20,16.07,-1.18,0.13
3000.00,0.00,245.84,0.00,2996.67,141.41,252.51,0.59,42.26,0.00,1.48,0.00,7.09,16.20,-2.10,0.13
3000.00,0.00,246.81,0.00,2996.30,148.87,251.31,0.65,42.26,0.00,2.36,0.00,4.25,15.94,-2.88,0.14
3000.00,0.00,248.12,0.00,2995.93,156.22,249.76,0.71,42.26,0.00,3.10,0.00,1.52,15.33,-3.54,0.14
3000.00,0.00,249.78,0.00,2995.49,164.38,247.59,0.79,42.26,0.00,3.74,0.00,-1.47,14.23,-4.17,0.14
3000.00,0.00,251.85,0.00,2993.91,171.59,245.80,0.87,42.26,0.00,4.28,0.00,-4.14,12.79,-2.71,0.15
3000.00,0.00,253.60,0.00,2990.96,177.93,244.72,0.95,42.26,0.00,2.88,0.00,-6.58,11.00,-1.49,0.16
3000.00,0.00,254.74,0.00,2987.27,182.74,244.27,1.03,42.26,0.00,1.67,0.00,-8.54,9.12,-0.50,0.16
3000.00,0.00,255.29,0.00,2982.53,186.69,244.29,1.11,42.26,0.00,0.62,0.00,-10.30,6.91,0.50,0.17
3000.00,0.00,255.32,0.00,2976.84,189.51,244.83,1.20,42.26,0.00,-0.38,0.00,-11.80,4.38,1.49,0.17
3000.00,0.00,254.73,0.00,2970.37,190.99,245.87,1.29,42.26,0.00,-1.52,0.00,-12.86,1.54,2.42,0.18
3000.00,0.00,253.90,0.00,2962.02,190.38,247.34,1.42,42.26,0.00,-2.29,0.00,-18.54,-3.85,3.21,0.29
3000.00,0.00,252.85,0.00,2951.23,186.08,249.30,1.57,42.26,0.00,-2.92,0.00,-20.37,-11.34,3.90,0.28
3000.00,0.00,251.05,0.00,2940.53,177.69,251.59,1.72,42.26,0.00,-3.66,0.00,-18.59,-18.58,4.43,0.26
3000.00,0.00,249.32,0.00,2931.61,165.82,253.52,1.85,42.26,0.00,-4.15,0.00,-14.61,-24.57,2.91,0.24
3000.00,0.00,247.77,0.00,2925.36,151.61,254.68,1.98,42.26,0.00,-2.91,0.00,-9.71,-29.22,1.69,0.23
