-2500.00,0.00,0.00,0.00,-2677.34,-797.85,6.46,2.46,0.00,0.00,0.00,0.00,0.00,0.00,0.00,0.00
-2499.41,0.00,0.29,0.00,-2676.03,-797.38,6.22,2.43,2.07,0.00,1.03,0.00,5.15,1.74,-0.93,-0.16
-2498.00,0.00,0.99,0.00,-2671.86,-796.30,5.48,2.32,3.90,0.00,1.89,0.00,10.61,2.13,-1.89,-0.23
-2495.70,0.00,2.08,0.00,-2664.52,-795.57,4.16,2.19,5.75,0.00,2.68,0.00,15.41,0.38,-2.81,-0.23
-2492.48,0.00,3.53,0.00,-2656.51,-796.08,2.65,2.09,7.62,0.00,3.38,0.00,18.10,-2.43,-3.48,-0.22
-2489.09,0.00,5.00,0.00,-2646.23,-798.54,1.18,1.97,9.17,0.00,3.87,0.00,19.61,-6.35,-2.14,-0.21
-2483.28,0.00,7.35,0.00,-2637.24,-802.30,0.46,1.88,11.33,0.00,4.43,0.00,19.77,-9.82,-1.15,-0.19
-2476.72,0.00,9.80,0.00,-2628.73,-807.36,0.17,1.80,13.31,0.00,4.82,0.00,19.18,-13.02,-0.26,-0.18
-2469.33,0.00,12.37,0.00,-2621.25,-813.19,0.24,1.72,15.21,0.00,5.11,0.00,18.17,-15.74,0.54,-0.18
-2461.28,0.00,14.97,0.00,-2612.76,-821.76,0.77,1.64,17.00,0.00,5.31,0.00,16.50,-18.74,1.49,-0.17
-2453.54,0.00,17.31,0.00,-2604.59,-832.59,1.85,1.55,18.52,0.00,5.44,0.00,14.31,-21.53,2.44,-0.16
-2444.37,0.00,19.90,0.00,-2597.42,-840.79,3.37,1.47,20.14,0.00,5.55,0.00,13.51,-10.85,3.25,-0.17
-2432.51,0.00,23.04,0.00,-2590.00,-843.52,5.27,1.37,21.99,0.00,5.64,0.00,15.09,-0.75,3.90,-0.19
-2422.29,0.00,25.59,0.00,-2581.35,-841.17,7.44,1.27,23.43,0.00,5.69,0.00,18.21,8.80,4.42,-0.18
-2410.29,0.00,28.41,0.00,-2573.75,-836.32,9.20,1.21,24.95,0.00,5.73,0.00,21.20,15.71,4.72,-0.16
-2399.01,0.00,30.94,0.00,-2562.79,-825.86,11.56,1.15,26.26,0.00,5.76,0.00,24.06,26.52,5.01,-0.08
-2385.91,0.00,33.73,0.00,-2547.86,-807.07,14.48,1.12,27.65,0.00,5.78,0.00,28.37,38.47,5.27,-0.05
-2372.53,0.00,36.46,0.00,-2534.69,-787.13,16.94,1.12,28.95,0.00,5.79,0.00,28.73,47.48,5.42,0.05
-2356.78,0.00,39.54,0.00,-2520.29,-760.00,19.75,1.15,30.34,0.00,5.81,0.00,27.38,57.43,5.54,0.09
-2341.16,0.00,42.46,0.00,-2506.90,-730.22,22.42,1.19,31.60,0.00,5.81,0.00,28.58,65.98,5.62,0.04
-2326.50,0.00,45.11,0.00,-2488.52,-689.79,25.73,1.18,32.68,0.00,5.82,0.00,34.29,71.20,5.69,-0.07
-2311.47,0.00,47.74,0.00,-2470.11,-654.44,28.52,1.14,33.71,0.00,5.82,0.00,40.63,73.45,5.73,-0.09
-2293.03,0.00,50.87,0.00,-2452.32,-624.07,30.88,1.10,34.87,0.00,5.83,0.00,45.61,74.54,5.76,-0.09
-2276.05,0.00,53.66,0.00,-2424.77,-581.89,34.12,1.06,35.85,0.00,5.83,0.00,51.64,75.24,5.78,-0.09
-2253.72,0.00,57.23,0.00,-2397.77,-544.51,37.00,1.01,37.03,0.00,5.83,0.00,56.39,75.05,5.80,-0.08
-2236.38,0.00,59.92,0.00,-2371.48,-509.74,39.65,0.99,37.87,0.00,5.83,0.00,58.49,77.20,5.81,-0.04
-2214.07,0.00,63.31,0.00,-2341.56,-470.28,42.57,0.97,38.85,0.00,5.83,0.00,60.12,79.29,5.81,-0.02
-2196.13,0.00,65.97,0.00,-2309.78,-430.17,45.55,0.94,39.58,0.00,5.83,0.00,63.82,77.19,5.82,-0.08
-2173.65,0.00,69.25,0.00,-2273.63,-388.94,48.74,0.90,40.42,0.00,5.83,0.00,67.92,73.90,5.82,-0.08
-2154.61,0.00,71.97,0.00,-2235.05,-349.24,51.96,0.86,41.07,0.00,5.83,0.00,71.39,70.27,5.83,-0.08
-2136.02,0.00,74.59,0.00,-2201.97,-318.08,54.61,0.82,41.67,0.00,5.83,0.00,73.81,67.08,5.83,-0.08
-2110.68,0.00,78.10,0.00,-2171.74,-291.66,56.96,0.79,42.41,0.00,5.83,0.00,75.69,64.07,5.83,-0.08
-2089.65,0.00,80.97,0.00,-2130.89,-258.86,60.06,0.74,42.97,0.00,5.83,0.00,77.90,59.88,5.83,-0.08
-2072.87,0.00,83.24,0.00,-2088.50,-228.04,63.19,0.69,43.39,0.00,5.83,0.00,79.81,55.38,5.83,-0.09
-2050.02,0.00,86.29,0.00,-2045.64,-200.00,66.28,0.65,43.92,0.00,5.83,0.00,81.39,50.70,5.83,-0.09
-2026.79,0.00,89.35,0.00,-2007.64,-177.89,69.09,0.60,44.42,0.00,5.83,0.00,76.98,42.15,5.83,-0.09
-2000.49,0.00,92.78,0.00,-1961.69,-155.30,72.71,0.54,44.93,0.00,5.83,0.00,71.80,31.95,5.83,-0.10
-1982.21,0.00,95.15,0.00,-1927.63,-141.79,75.56,0.49,45.26,0.00,5.83,0.00,67.90,24.22,5.83,-0.11
-1962.25,0.00,97.71,0.00,-1902.16,-133.69,77.80,0.44,45.60,0.00,5.83,0.00,64.81,18.52,5.83,-0.12
-1938.17,0.00,100.78,0.00,-1873.17,-126.76,80.50,0.39,45.98,0.00,5.83,0.00,61.00,12.21,5.83,-0.13
-1914.58,0.00,103.76,0.00,-1845.50,-122.70,83.25,0.32,46.32,0.00,5.83,0.00,56.89,5.80,5.83,-0.14
-1892.50,0.00,106.53,0.00,-1821.13,-121.47,85.85,0.26,46.61,0.00,5.83,0.00,52.78,0.37,5.83,-0.14
-1870.64,0.00,109.25,0.00,-1795.10,-122.88,88.88,0.18,46.88,0.00,5.83,0.00,47.81,-5.11,5.83,-0.15
-1849.25,0.00,111.91,0.00,-1772.65,-126.68,91.78,0.11,47.12,0.00,5.83,0.00,42.91,-9.60,5.83,-0.15
-1819.77,0.00,115.54,0.00,-1752.27,-132.62,94.74,0.03,47.43,0.00,5.83,0.00,37.88,-13.34,5.83,-0.16
-1791.51,0.00,119.01,0.00,-1737.15,-138.80,97.21,-0.04,47.70,0.00,5.83,0.00,33.93,-15.57,5.83,-0.15
-1769.92,0.00,121.64,0.00,-1721.67,-146.89,100.07,-0.11,47.89,0.00,5.83,0.00,29.79,-17.28,5.83,-0.15
-1745.91,0.00,124.56,0.00,-1706.99,-156.45,103.17,-0.19,48.09,0.00,5.83,0.00,25.74,-18.50,5.83,-0.14
-1723.60,0.00,127.26,0.00,-1694.04,-165.63,105.91,-0.25,48.26,0.00,5.83,0.00,29.18,-20.57,5.83,-0.13
-1698.17,0.00,130.33,0.00,-1679.52,-174.35,108.57,-0.28,48.43,0.00,5.83,0.00,34.04,-17.93,5.83,0.00
-1674.55,0.00,133.17,0.00,-1661.27,-182.24,111.44,-0.25,48.59,0.00,5.83,0.00,39.61,-14.31,5.83,0.10
-1647.72,0.00,136.38,0.00,-1640.66,-187.92,114.55,-0.19,48.75,0.00,5.83,0.00,37.77,-7.67,5.83,0.12
-1628.38,0.00,138.69,0.00,-1620.18,-190.40,117.49,-0.13,48.85,0.00,5.83,0.00,42.92,-2.60,5.83,0.13
-1602.99,0.00,141.72,0.00,-1601.70,-190.51,119.88,-0.08,48.98,0.00,5.83,0.00,46.56,1.63,5.83,0.12
-1569.70,0.00,145.68,0.00,-1573.62,-187.83,123.23,-0.01,49.14,0.00,5.83,0.00,50.85,7.09,5.83,0.12
-1552.26,0.00,147.75,0.00,-1548.52,-183.40,126.01,0.04,49.21,0.00,5.83,0.00,53.86,11.04,5.83,0.11
-1526.06,0.00,150.85,0.00,-1521.62,-177.06,128.85,0.10,49.31,0.00,5.83,0.00,56.52,14.63,5.83,0.10
-1504.10,0.00,153.44,0.00,-1490.84,-170.12,131.92,0.11,49.40,0.00,5.83,0.00,60.01,11.64,5.83,-0.03
-1483.44,0.00,155.88,0.00,-1463.74,-166.00,134.49,0.09,49.47,0.00,5.83,0.00,62.90,7.33,5.83,-0.09
-1455.82,0.00,159.13,0.00,-1426.25,-163.90,137.87,0.03,49.55,0.00,5.83,0.00,66.07,0.47,5.83,-0.10
-1428.33,0.00,162.37,0.00,-1393.22,-165.28,140.73,-0.02,49.63,0.00,5.83,0.00,68.06,-5.42,5.83,-0.10
-1401.25,0.00,165.55,0.00,-1355.92,-169.98,143.89,-0.07,49.71,0.00,5.83,0.00,69.67,-11.26,5.83,-0.10
-1377.83,0.00,168.29,0.00,-1318.19,-176.46,146.96,-0.11,49.76,0.00,5.83,0.00,72.89,-12.89,5.83,-0.04
-1355.82,0.00,170.87,0.00,-1283.27,-181.80,149.72,-0.10,49.82,0.00,5.83,0.00,74.62,-9.53,5.83,0.06
-1331.29,0.00,173.74,0.00,-1246.64,-184.72,152.71,-0.06,49.87,0.00,5.83,0.00,68.97,-2.42,5.83,0.10
-1309.61,0.00,176.28,0.00,-1216.51,-184.09,155.37,-0.01,49.91,0.00,5.83,0.00,63.79,4.37,5.83,0.12
-1282.41,0.00,179.45,0.00,-1188.77,-180.44,158.04,0.05,49.96,0.00,5.83,0.00,58.20,10.77,5.83,0.13
-1257.34,0.00,182.38,0.00,-1159.82,-173.14,161.12,0.12,50.00,0.00,5.83,0.00,51.99,16.07,5.83,0.13
-1234.56,0.00,185.04,0.00,-1133.32,-165.90,163.98,0.14,50.04,0.00,5.83,0.00,55.67,13.36,5.83,-0.02
-1203.45,0.00,188.66,0.00,-1103.13,-161.65,167.33,0.08,50.08,0.00,5.83,0.00,50.25,2.15,5.83,-0.15
-1179.02,0.00,191.50,0.00,-1081.17,-162.90,170.01,0.01,50.11,0.00,5.83,0.00,45.55,-6.44,5.83,-0.16
-1153.49,0.00,194.47,0.00,-1058.67,-168.48,173.10,-0.08,50.15,0.00,5.83,0.00,39.83,-13.52,5.83,-0.16
-1127.13,0.00,197.54,0.00,-1041.32,-175.62,175.80,-0.14,50.17,0.00,5.83,0.00,35.50,-16.79,5.83,-0.14
-1103.58,0.00,200.28,0.00,-1020.33,-183.77,179.00,-0.17,50.20,0.00,5.83,0.00,40.79,-13.18,5.83,0.03
-1076.08,0.00,203.47,0.00,-1001.84,-188.40,181.73,-0.13,50.23,0.00,5.83,0.00,38.45,-7.06,5.83,0.12
-1047.09,0.00,206.84,0.00,-984.26,-190.09,184.49,-0.07,50.25,0.00,5.83,0.00,35.91,-0.73,5.83,0.14
-1023.70,0.00,209.55,0.00,-968.22,-189.01,187.21,-0.01,50.27,0.00,5.83,0.00,33.11,4.71,5.83,0.14
-998.14,0.00,212.52,0.00,-949.76,-185.07,190.24,0.06,50.29,0.00,5.83,0.00,37.42,9.89,5.83,0.13
-972.86,0.00,215.45,0.00,-927.94,-178.18,193.45,0.13,50.31,0.00,5.83,0.00,41.43,14.61,5.83,0.12
-947.47,0.00,218.39,0.00,-909.05,-172.23,195.98,0.16,50.32,0.00,5.83,0.00,45.33,12.81,5.83,-0.00
-947.47,0.00,218.39,0.00,-858.53,-163.78,201.86,0.08,50.32,0.00,5.83,0.00,54.08,3.45,5.83,-0.11
-898.29,0.00,224.09,0.00,-858.53,-163.78,201.86,0.08,50.35,0.00,5.83,0.00,54.08,3.45,5.83,-0.11
-878.31,0.00,226.40,0.00,-832.39,-163.55,204.59,0.03,50.36,0.00,5.83,0.00,57.23,-1.95,5.83,-0.11
-851.40,0.00,229.52,0.00,-800.77,-166.34,207.72,-0.03,50.37,0.00,5.83,0.00,60.12,-7.78,5.83,-0.11
-826.78,0.00,232.37,0.00,-768.02,-171.98,210.83,-0.08,50.38,0.00,5.83,0.00,62.44,-12.78,5.83,-0.10
-799.39,0.00,235.54,0.00,-739.02,-177.34,213.49,-0.10,50.39,0.00,5.83,0.00,64.94,-10.65,5.83,0.02
-774.34,0.00,238.44,0.00,-703.86,-181.53,216.57,-0.07,50.40,0.00,5.83,0.00,67.87,-5.36,5.83,0.09
-751.19,0.00,241.12,0.00,-666.33,-182.35,219.73,-0.01,50.41,0.00,5.83,0.00,70.21,1.73,5.83,0.10
-725.95,0.00,244.04,0.00,-636.64,-180.11,222.30,0.03,50.42,0.00,5.83,0.00,64.90,7.67,5.83,0.11
-701.87,0.00,246.83,0.00,-607.41,-175.07,225.06,0.09,50.42,0.00,5.83,0.00,59.31,12.91,5.83,0.11
-679.41,0.00,249.42,0.00,-572.64,-165.93,228.41,0.15,50.43,0.00,5.83,0.00,61.44,18.26,5.83,0.11
-649.78,0.00,252.85,0.00,-543.76,-159.37,231.30,0.14,50.44,0.00,5.83,0.00,55.83,8.34,5.83,-0.14
-629.05,0.00,254.90,0.00,-518.15,-158.24,234.12,0.06,50.44,0.00,4.37,0.00,50.79,-2.44,5.83,-0.16
-604.35,0.00,256.66,0.00,-494.04,-162.30,237.09,-0.03,50.45,0.00,2.98,0.00,44.33,-12.02,5.83,-0.18
-578.66,0.00,257.83,0.00,-470.36,-172.14,240.56,-0.13,50.45,0.00,1.79,0.00,35.87,-19.63,5.83,-0.19
-550.46,0.00,258.47,0.00,-453.52,-183.30,243.73,-0.22,50.46,0.00,0.61,0.00,27.09,-21.08,5.83,-0.16
-526.97,0.00,258.51,0.00,-439.48,-192.17,246.93,-0.24,50.46,0.00,-0.32,0.00,24.70,-12.23,5.83,0.10
-505.73,0.00,258.19,0.00,-426.90,-196.33,250.01,-0.16,50.47,0.00,-1.15,0.00,22.95,-4.31,5.83,0.17
-479.08,0.00,257.29,0.00,-416.34,-196.88,252.82,-0.08,50.47,0.00,-2.12,0.00,21.05,1.35,5.83,0.17
-452.52,0.00,255.92,0.00,-407.41,-195.17,255.44,-0.01,50.47,0.00,-2.98,0.00,18.86,5.70,5.83,0.16
-429.82,0.00,254.43,0.00,-400.09,-192.02,257.87,0.06,50.48,0.00,-3.59,0.00,16.49,8.99,5.83,0.16
-404.58,0.00,252.47,0.00,-389.91,-186.10,260.40,0.14,50.48,0.00,-4.16,0.00,21.24,12.91,3.99,0.15
-377.34,0.00,250.08,0.00,-374.92,-178.07,262.24,0.21,50.48,0.00,-4.63,0.00,28.77,14.15,2.43,0.07
-349.58,0.00,247.42,0.00,-361.67,-172.51,263.05,0.22,50.48,0.00,-4.98,0.00,33.37,12.19,1.49,-0.03
-322.85,0.00,245.27,0.00,-342.34,-167.11,263.51,0.18,50.49,0.00,-3.36,0.00,39.14,8.37,0.39,-0.11
-297.02,0.00,243.92,0.00,-319.10,-164.05,263.40,0.11,50.49,0.00,-2.10,0.00,44.57,3.10,-0.70,-0.12
-275.47,0.00,243.24,0.00,-296.39,-163.86,262.80,0.06,50.49,0.00,-1.18,0.00,48.63,-1.81,-1.64,-0.12
-248.39,0.00,242.93,0.00,-274.13,-165.69,261.89,0.01,50.49,0.00,-0.09,0.00,51.78,-6.02,-2.41,-0.11
-222.88,0.00,243.17,0.00,-248.92,-169.60,260.55,-0.04,50.49,0.00,0.92,0.00,54.69,-10.09,-3.15,-0.11
-198.50,0.00,243.86,0.00,-221.30,-174.77,258.86,-0.08,50.50,0.00,1.83,0.00,59.04,-11.05,-3.78,-0.05
-170.33,0.00,245.17,0.00,-194.93,-178.99,257.10,-0.08,50.50,0.00,2.78,0.00,61.78,-8.34,-4.24,0.04
-146.89,0.00,246.64,0.00,-165.99,-181.69,255.06,-0.05,50.50,0.00,3.44,0.00,64.57,-3.72,-4.63,0.09
-118.95,0.00,248.75,0.00,-129.35,-181.79,252.39,0.00,50.50,0.00,4.09,0.00,67.35,2.80,-4.99,0.10
-89.71,0.00,251.29,0.00,-89.79,-178.07,249.42,0.06,50.50,0.00,4.61,0.00,69.46,9.33,-5.25,0.10
-67.20,0.00,253.01,0.00,-50.35,-172.24,247.07,0.10,50.50,0.00,3.30,0.00,72.91,11.30,-3.50,0.04
-43.54,0.00,254.25,0.00,-12.89,-167.31,245.66,0.09,50.50,0.00,2.14,0.00,74.70,7.93,-2.23,-0.06
-21.07,0.00,254.96,0.00,25.09,-164.90,244.85,0.05,50.50,0.00,1.18,0.00,76.29,2.03,-1.14,-0.09
5.81,0.00,255.27,0.00,72.24,-166.24,244.57,-0.01,50.50,0.00,0.09,0.00,77.50,-5.56,0.10,-0.09
29.79,0.00,255.07,0.00,116.58,-171.41,244.98,-0.06,50.50,0.00,-0.85,0.00,78.03,-11.81,1.23,-0.09
58.93,0.00,254.23,0.00,160.32,-178.42,245.97,-0.10,50.51,0.00,-1.94,0.00,80.42,-13.20,2.24,-0.04
83.34,0.00,253.07,0.00,196.74,-183.54,247.16,-0.09,50.51,0.00,-2.75,0.00,81.24,-9.40,2.96,0.06
105.68,0.00,251.70,0.00,237.59,-185.90,248.94,-0.04,50.51,0.00,-3.39,0.00,74.03,-0.27,3.68,0.11
129.94,0.00,249.91,0.00,273.15,-182.92,250.99,0.03,50.51,0.00,-3.97,0.00,65.73,10.55,4.23,0.15
157.89,0.00,248.17,0.00,304.16,-174.96,252.74,0.11,50.51,0.00,-2.51,0.00,56.68,19.22,2.83,0.17
188.79,0.00,247.10,0.00,327.89,-166.20,253.73,0.17,50.51,0.00,-1.15,0.00,52.25,20.52,1.80,0.11
215.07,0.00,246.80,0.00,354.73,-154.67,254.36,0.23,50.51,0.00,-0.10,0.00,47.24,21.84,0.66,0.10
240.75,0.00,247.04,0.00,382.77,-140.26,254.34,0.29,50.51,0.00,0.91,0.00,41.66,23.40,-0.61,0.11
267.36,0.00,247.81,0.00,401.93,-131.45,253.80,0.28,50.51,0.00,1.91,0.00,38.93,13.97,-1.53,-0.14
293.81,0.00,249.07,0.00,420.39,-127.40,252.81,0.20,50.51,0.00,2.79,0.00,36.44,3.58,-2.41,-0.18
319.59,0.00,250.70,0.00,439.67,-128.98,251.16,0.09,50.51,0.00,3.51,0.00,31.65,-7.58,-3.27,-0.20
346.62,0.00,252.18,0.00,455.01,-134.84,249.81,-0.01,50.51,0.00,2.18,0.00,26.66,-13.53,-1.99,-0.19
374.21,0.00,253.01,0.00,466.86,-142.35,249.13,-0.09,50.51,0.00,0.99,0.00,22.11,-16.62,-0.94,-0.18
397.02,0.00,253.23,0.00,478.39,-153.60,248.97,-0.21,50.51,0.00,0.08,0.00,15.90,-19.38,0.30,-0.19
423.45,0.00,252.97,0.00,487.31,-163.73,249.39,-0.29,50.51,0.00,-0.96,0.00,19.49,-21.12,1.28,-0.15
453.58,0.00,252.03,0.00,496.79,-172.13,250.13,-0.33,50.51,0.00,-2.07,0.00,24.46,-18.54,2.07,-0.02
483.07,0.00,250.51,0.00,510.85,-180.61,251.40,-0.31,50.51,0.00,-3.02,0.00,30.74,-15.38,2.90,0.09
508.71,0.00,248.78,0.00,526.73,-186.86,252.56,-0.25,50.51,0.00,-3.70,0.00,29.72,-9.04,1.67,0.13
535.14,0.00,247.24,0.00,542.52,-189.86,253.13,-0.18,50.51,0.00,-2.36,0.00,28.11,-2.62,0.53,0.14
562.45,0.00,246.32,0.00,556.89,-189.59,253.10,-0.10,50.51,0.00,-1.17,0.00,25.93,2.96,-0.53,0.15
588.53,0.00,246.02,0.00,569.83,-187.35,252.64,-0.03,50.51,0.00,-0.12,0.00,30.42,6.54,-1.42,0.14
615.21,0.00,246.26,0.00,584.75,-183.52,251.78,0.03,50.51,0.00,0.93,0.00,34.51,9.89,-2.24,0.13
642.49,0.00,247.07,0.00,603.61,-177.48,250.40,0.09,50.51,0.00,1.95,0.00,38.68,13.32,-3.06,0.12
665.80,0.00,248.17,0.00,624.71,-171.38,248.64,0.12,50.51,0.00,2.72,0.00,43.41,10.62,-3.74,-0.02
688.42,0.00,249.55,0.00,648.45,-167.06,246.55,0.09,50.51,0.00,3.38,0.00,48.20,6.34,-4.28,-0.09
714.47,0.00,251.47,0.00,671.91,-165.32,244.90,0.04,50.51,0.00,4.00,0.00,52.05,1.49,-2.98,-0.11
741.92,0.00,253.20,0.00,700.86,-166.25,243.68,-0.02,50.51,0.00,2.55,0.00,55.73,-4.39,-1.72,-0.11
767.32,0.00,254.17,0.00,730.05,-169.05,243.11,-0.05,50.51,0.00,1.42,0.00,60.29,-6.39,-0.67,-0.05
792.68,0.00,254.59,0.00,764.10,-172.94,243.07,-0.08,50.51,0.00,0.39,0.00,64.81,-7.75,0.41,-0.03
817.53,0.00,254.52,0.00,795.33,-175.94,243.51,-0.07,50.51,0.00,-0.59,0.00,67.29,-4.81,1.34,0.06
838.94,0.00,254.07,0.00,827.07,-176.96,244.35,-0.03,50.51,0.00,-1.42,0.00,69.49,0.11,2.18,0.09
871.33,0.00,252.76,0.00,860.42,-175.52,245.58,0.01,50.51,0.00,-2.55,0.00,71.26,5.41,2.95,0.09
897.08,0.00,251.23,0.00,899.69,-171.98,247.39,0.04,50.51,0.00,-3.32,0.00,74.54,7.31,3.68,0.04
923.05,0.00,249.34,0.00,935.97,-169.13,249.30,0.04,50.51,0.00,-3.95,0.00,75.99,4.29,4.20,-0.06
942.78,0.00,248.03,0.00,974.61,-168.49,251.54,0.00,50.51,0.00,-2.89,0.00,77.27,-1.38,4.64,-0.09
965.96,0.00,246.98,0.00,1014.36,-170.92,253.48,-0.04,50.51,0.00,-1.82,0.00,78.10,-7.47,3.14,-0.09
996.89,0.00,246.31,0.00,1054.09,-175.30,254.71,-0.07,50.51,0.00,-0.53,0.00,80.34,-9.50,1.94,-0.04
1025.11,0.00,246.36,0.00,1093.28,-179.18,255.38,-0.07,50.51,0.00,0.59,0.00,81.24,-6.25,0.91,0.06
1049.86,0.00,246.90,0.00,1130.00,-180.65,255.56,-0.03,50.51,0.00,1.53,0.00,81.97,-0.65,-0.00,0.09
1070.73,0.00,247.70,0.00,1170.23,-178.97,255.27,0.02,50.51,0.00,2.27,0.00,74.84,6.31,-1.02,0.10
1094.92,0.00,249.00,0.00,1204.13,-173.91,254.53,0.07,50.51,0.00,3.04,0.00,67.21,13.83,-1.92,0.13
1119.43,0.00,250.65,0.00,1234.73,-166.44,253.40,0.13,50.51,0.00,3.69,0.00,61.73,16.92,-2.73,0.10
1145.13,0.00,252.15,0.00,1261.25,-158.29,252.01,0.17,50.51,0.00,2.38,0.00,56.95,19.10,-3.38,0.10
1173.73,0.00,253.10,0.00,1286.69,-151.67,250.73,0.16,50.51,0.00,1.14,0.00,52.10,9.42,-2.22,-0.14
1198.16,0.00,253.39,0.00,1311.43,-150.13,249.93,0.08,50.51,0.00,0.15,0.00,47.23,-2.00,-1.13,-0.17
1198.16,0.00,253.39,0.00,1349.27,-159.96,249.79,-0.09,50.51,0.00,0.15,0.00,35.35,-17.45,0.72,-0.20
1228.05,0.00,253.10,0.00,1366.00,-171.02,250.49,-0.20,50.51,0.00,-1.02,0.00,27.28,-22.51,1.75,-0.20
1253.17,0.00,252.33,0.00,1377.28,-182.22,251.59,-0.29,50.51,0.00,-1.95,0.00,19.18,-22.64,2.60,-0.18
1283.56,0.00,250.82,0.00,1386.43,-191.29,252.57,-0.32,50.51,0.00,-2.95,0.00,17.83,-14.66,1.47,0.05
1309.43,0.00,249.11,0.00,1396.57,-197.30,253.05,-0.25,50.51,0.00,-3.65,0.00,16.98,-6.84,0.28,0.17
1332.49,0.00,247.74,0.00,1404.87,-199.03,252.90,-0.16,50.51,0.00,-2.47,0.00,15.53,-0.58,-0.74,0.18
1359.90,0.00,246.77,0.00,1411.67,-198.04,252.32,-0.07,50.51,0.00,-1.27,0.00,13.60,4.23,-1.64,0.18
1383.85,0.00,246.42,0.00,1417.75,-194.84,251.26,0.02,50.51,0.00,-0.30,0.00,11.07,8.12,-2.51,0.18
1409.72,0.00,246.56,0.00,1423.83,-190.43,249.95,0.10,50.51,0.00,0.72,0.00,15.34,11.11,-3.20,0.17
1435.28,0.00,247.20,0.00,1433.41,-183.54,248.04,0.18,50.51,0.00,1.69,0.00,20.11,14.47,-3.88,0.15
1462.92,0.00,248.42,0.00,1445.39,-176.73,246.44,0.22,50.51,0.00,2.64,0.00,25.91,12.18,-2.52,-0.00
1488.51,0.00,249.97,0.00,1460.47,-171.28,245.47,0.19,50.51,0.00,3.39,0.00,31.97,9.05,-1.37,-0.10
1511.10,0.00,251.62,0.00,1476.33,-168.07,245.09,0.14,50.51,0.00,3.93,0.00,37.05,5.28,-0.43,-0.12
1535.25,0.00,253.15,0.00,1500.56,-166.77,245.23,0.07,50.51,0.00,2.66,0.00,42.94,-0.47,0.77,-0.12
1581.46,0.00,254.60,0.00,1500.56,-166.77,245.23,0.07,50.51,0.00,0.66,0.00,42.94,-0.47,0.77,-0.12
1604.20,0.00,254.67,0.00,1528.28,-168.98,246.08,-0.00,50.51,0.00,-0.24,0.00,47.96,-6.21,1.92,-0.11
1627.77,0.00,254.32,0.00,1553.18,-172.40,247.25,-0.04,50.51,0.00,-1.16,0.00,53.09,-7.46,2.74,-0.05
1653.22,0.00,253.47,0.00,1580.87,-175.45,248.83,-0.04,50.51,0.00,-2.09,0.00,56.81,-4.62,3.47,0.05
1674.76,0.00,252.41,0.00,1611.29,-176.47,250.80,-0.00,50.51,0.00,-2.80,0.00,60.34,0.44,4.07,0.09
1698.70,0.00,250.90,0.00,1645.86,-175.48,253.19,0.03,50.51,0.00,-3.48,0.00,65.15,2.72,4.57,0.04
1720.94,0.00,249.24,0.00,1684.11,-173.45,255.25,0.05,50.51,0.00,-4.00,0.00,69.51,4.21,2.95,0.03
1745.92,0.00,247.64,0.00,1720.24,-172.08,256.41,0.04,50.51,0.00,-2.67,0.00,71.72,0.90,1.75,-0.07
1771.95,0.00,246.60,0.00,1760.96,-173.36,257.03,-0.00,50.51,0.00,-1.50,0.00,73.63,-4.97,0.58,-0.09
1795.28,0.00,246.15,0.00,1793.04,-175.89,257.07,-0.03,50.51,0.00,-0.54,0.00,76.07,-6.53,-0.28,-0.04
1820.47,0.00,246.15,0.00,1835.01,-178.58,256.60,-0.03,50.51,0.00,0.45,0.00,77.54,-2.99,-1.35,0.06
1846.62,0.00,246.68,0.00,1873.48,-178.56,255.69,0.01,50.51,0.00,1.46,0.00,78.62,2.68,-2.24,0.09
1876.27,0.00,247.88,0.00,1915.11,-175.33,254.26,0.06,50.51,0.00,2.50,0.00,79.29,8.89,-3.08,0.09
1902.30,0.00,249.39,0.00,1956.46,-170.10,252.48,0.09,50.51,0.00,3.28,0.00,81.38,10.94,-3.76,0.04
1922.69,0.00,250.84,0.00,2002.08,-165.04,250.20,0.08,50.51,0.00,3.80,0.00,82.23,6.84,-4.34,-0.07
1944.15,0.00,252.18,0.00,2046.45,-163.40,248.33,0.03,50.51,0.00,2.68,0.00,82.83,-0.16,-2.84,-0.09
1970.65,0.00,253.23,0.00,2089.83,-165.78,247.15,-0.02,50.51,0.00,1.48,0.00,75.03,-7.48,-1.57,-0.10
1997.94,0.00,253.70,0.00,2124.21,-170.95,246.67,-0.07,50.51,0.00,0.37,0.00,68.21,-13.20,-0.56,-0.11
2022.50,0.00,253.62,0.00,2159.42,-180.95,246.70,-0.15,50.51,0.00,-0.60,0.00,58.35,-21.24,0.56,-0.15
2044.54,0.00,253.15,0.00,2187.16,-192.80,247.29,-0.22,50.51,0.00,-1.45,0.00,48.58,-23.48,1.57,-0.13
2069.94,0.00,252.17,0.00,2211.38,-201.99,248.38,-0.21,50.51,0.00,-2.35,0.00,44.46,-12.21,2.50,0.15
2095.00,0.00,250.79,0.00,2231.11,-204.93,249.72,-0.13,50.51,0.00,-3.13,0.00,41.04,-1.62,3.20,0.18
2118.02,0.00,249.21,0.00,2247.86,-203.59,250.85,-0.05,50.51,0.00,-3.73,0.00,37.00,6.75,2.15,0.18
2145.89,0.00,247.60,0.00,2266.50,-197.57,251.67,0.04,50.51,0.00,-2.31,0.00,31.26,13.94,0.97,0.18
2168.76,0.00,246.80,0.00,2282.11,-188.37,251.86,0.14,50.51,0.00,-1.31,0.00,25.24,18.29,-0.16,0.18
2194.86,0.00,246.43,0.00,2295.36,-176.94,251.38,0.24,50.51,0.00,-0.26,0.00,20.00,19.95,-1.33,0.16
2242.90,0.00,247.12,0.00,2295.36,-176.94,251.38,0.24,50.51,0.00,1.61,0.00,20.00,19.95,-1.33,0.16
2272.20,0.00,248.39,0.00,2308.07,-167.16,250.36,0.29,50.51,0.00,2.62,0.00,26.32,16.58,-2.31,-0.01
2297.17,0.00,249.88,0.00,2320.71,-160.47,249.02,0.26,50.51,0.00,3.35,0.00,25.38,11.22,-3.08,-0.11
2321.97,0.00,251.70,0.00,2334.53,-156.12,247.71,0.19,50.51,0.00,3.95,0.00,24.10,4.95,-1.76,-0.14
2342.95,0.00,253.08,0.00,2346.52,-155.14,247.11,0.11,50.51,0.00,2.83,0.00,22.36,-0.55,-0.67,-0.15
2372.20,0.00,254.28,0.00,2359.61,-156.69,247.06,0.03,50.51,0.00,1.50,0.00,27.47,-5.01,0.37,-0.15
2400.14,0.00,254.76,0.00,2373.27,-159.95,247.46,-0.03,50.51,0.00,0.36,0.00,31.52,-8.78,1.27,-0.14
2428.40,0.00,254.62,0.00,2392.83,-166.34,248.52,-0.11,50.51,0.00,-0.76,0.00,36.10,-13.05,2.31,-0.12
2453.77,0.00,253.97,0.00,2411.84,-172.19,249.87,-0.13,50.51,0.00,-1.72,0.00,40.73,-10.76,3.09,0.01
2476.53,0.00,253.00,0.00,2432.13,-176.38,251.48,-0.11,50.51,0.00,-2.50,0.00,45.30,-7.24,3.71,0.09
2506.29,0.00,251.23,0.00,2454.14,-178.60,253.33,-0.06,50.51,0.00,-3.38,0.00,49.48,-2.71,4.21,0.11
2506.29,0.00,251.23,0.00,2501.05,-176.64,255.94,0.03,50.51,0.00,-3.38,0.00,55.91,6.62,1.93,0.10
2532.21,0.00,249.31,0.00,2530.57,-172.76,256.61,0.07,50.51,0.00,-4.00,0.00,60.48,8.39,0.86,0.05
2555.96,0.00,247.77,0.00,2564.50,-169.01,256.75,0.06,50.51,0.00,-2.74,0.00,63.74,5.15,-0.24,-0.06
2580.98,0.00,246.73,0.00,2602.10,-167.93,256.25,0.02,50.51,0.00,-1.60,0.00,66.74,-1.02,-1.37,-0.10
2626.51,0.00,246.17,0.00,2602.10,-167.93,256.25,0.02,50.51,0.00,0.24,0.00,66.74,-1.02,-1.37,-0.10
2651.36,0.00,246.55,0.00,2635.51,-169.95,255.33,-0.03,50.51,0.00,1.21,0.00,68.71,-6.55,-2.26,-0.10
2675.84,0.00,247.38,0.00,2670.00,-173.71,254.01,-0.06,50.51,0.00,2.11,0.00,71.89,-8.41,-3.04,-0.04
2703.59,0.00,248.81,0.00,2699.57,-176.70,252.65,-0.06,50.51,0.00,3.00,0.00,73.38,-6.14,-3.59,0.04
2703.59,0.00,248.81,0.00,2775.03,-177.13,248.47,0.02,50.51,0.00,3.00,0.00,76.37,5.20,-4.60,0.09
2728.81,0.00,250.50,0.00,2809.66,-173.54,246.73,0.06,50.51,0.00,3.67,0.00,77.12,10.16,-3.27,0.09
2774.47,0.00,252.74,0.00,2809.66,-173.54,246.73,0.06,50.51,0.00,1.49,0.00,77.12,10.16,-3.27,0.09
2801.21,0.00,253.20,0.00,2857.09,-168.12,245.24,0.07,50.51,0.00,0.40,0.00,78.59,7.01,-1.81,-0.05
2826.50,0.00,253.13,0.00,2898.87,-166.18,244.62,0.03,50.51,0.00,-0.60,0.00,79.73,0.74,-0.70,-0.09
2850.33,0.00,252.60,0.00,2938.65,-167.61,244.54,-0.02,50.51,0.00,-1.52,0.00,80.24,-5.82,0.30,-0.10
2873.87,0.00,251.68,0.00,2977.94,-172.40,244.99,-0.07,50.51,0.00,-2.35,0.00,72.82,-11.92,1.31,-0.10
2903.01,0.00,250.03,0.00,2994.70,-178.22,246.00,-0.11,50.51,0.00,-3.24,0.00,64.45,-13.49,2.30,-0.06
2931.01,0.00,248.02,0.00,2994.47,-182.10,247.70,-0.10,50.51,0.00,-3.93,0.00,58.79,-6.84,3.23,0.10
2956.64,0.00,246.41,0.00,2994.47,-182.10,249.38,-0.05,50.51,0.00,-2.59,0.00,61.86,-1.04,3.83,0.11
2978.05,0.00,245.54,0.00,2994.66,-178.85,251.00,0.00,50.51,0.00,-1.62,0.00,64.61,5.15,2.46,0.10
3000.00,0.00,245.01,0.00,2995.03,-172.67,251.94,0.06,50.51,0.00,-0.57,0.00,66.73,10.42,1.30,0.10
3000.00,0.00,245.03,0.00,2995.40,-166.06,252.30,0.07,50.51,0.00,0.52,0.00,68.99,8.07,0.27,-0.03
3000.00,0.00,245.66,0.00,2995.65,-161.52,252.17,0.04,50.51,0.00,1.60,0.00,71.11,3.01,-0.72,-0.09
3000.00,0.00,246.61,0.00,2995.74,-159.79,251.45,-0.01,50.51,0.00,2.42,0.00,72.86,-3.76,-1.77,-0.10
3000.00,0.00,247.98,0.00,2995.67,-161.10,250.42,-0.06,50.51,0.00,3.17,0.00,73.82,-9.18,-2.57,-0.09
3000.00,0.00,249.56,0.00,2995.46,-164.97,248.95,-0.10,50.51,0.00,3.75,0.00,74.47,-14.21,-3.31,-0.09
3000.00,0.00,251.53,0.00,2995.16,-170.35,247.64,-0.13,50.51,0.00,4.27,0.00,76.83,-15.65,-2.09,-0.04
3000.00,0.00,253.15,0.00,2994.89,-175.10,246.90,-0.13,50.51,0.00,2.98,0.00,78.24,-12.04,-0.99,0.06
3000.00,0.00,254.30,0.00,2994.77,-177.14,246.67,-0.09,50.51,0.00,1.82,0.00,79.58,-6.69,-0.07,0.09
3000.00,0.00,254.95,0.00,2994.81,-176.31,246.93,-0.04,50.51,0.00,0.64,0.00,80.68,-0.22,0.95,0.09
3000.00,0.00,255.01,0.00,2995.07,-171.87,247.79,0.01,50.51,0.00,-0.30,0.00,81.35,6.11,2.00,0.09
3000.00,0.00,254.46,0.00,2995.36,-166.87,248.83,0.03,50.51,0.00,-1.45,0.00,82.98,7.52,2.73,0.04
3000.00,0.00,253.50,0.00,2995.64,-161.70,250.40,0.03,50.51,0.00,-2.34,0.00,83.39,4.02,3.45,-0.06
3000.00,0.00,252.15,0.00,2995.78,-159.03,252.48,-0.01,50.51,0.00,-3.10,0.00,83.63,-2.64,4.09,-0.09
3000.00,0.00,250.67,0.00,2995.73,-159.94,254.17,-0.06,50.51,0.00,-3.68,0.00,83.41,-9.09,2.70,-0.09
3000.00,0.00,248.62,0.00,2995.52,-163.84,255.21,-0.10,50.51,0.00,-4.23,0.00,82.92,-14.70,1.54,-0.09
3000.00,0.00,246.95,0.00,2995.18,-169.94,255.71,-0.14,50.51,0.00,-2.90,0.00,84.40,-16.39,0.39,-0.04
3000.00,0.00,245.97,0.00,2994.90,-174.87,255.62,-0.13,50.51,0.00,-1.91,0.00,84.91,-12.48,-0.64,0.06
3000.00,0.00,245.40,0.00,2994.78,-176.92,254.94,-0.08,50.51,0.00,-1.07,0.00,85.62,-5.52,-1.71,0.09
3000.00,0.00,245.15,0.00,2994.86,-175.58,253.90,-0.04,50.51,0.00,-0.09,0.00,85.89,0.47,-2.53,0.09
3000.00,0.00,245.40,0.00,2995.06,-172.05,252.64,-0.00,50.51,0.00,0.94,0.00,85.87,5.36,-3.20,0.09
3000.00,0.00,246.11,0.00,2995.41,-165.89,250.66,0.03,50.51,0.00,1.86,0.00,87.34,6.98,-3.90,0.04
3000.00,0.00,247.44,0.00,2995.67,-161.10,248.66,0.02,50.51,0.00,2.80,0.00,87.19,3.44,-4.38,-0.06
3000.00,0.00,249.16,0.00,2995.80,-158.69,246.65,-0.02,50.51,0.00,3.56,0.00,86.82,-3.81,-2.76,-0.09
3000.00,0.00,251.10,0.00,2995.74,-159.86,245.64,-0.07,50.51,0.00,4.13,0.00,86.19,-9.73,-1.67,-0.09
3000.00,0.00,252.66,0.00,2995.53,-163.72,245.10,-0.11,50.51,0.00,2.87,0.00,85.37,-15.06,-0.67,-0.09
3000.00,0.00,253.67,0.00,2995.19,-169.74,245.06,-0.14,50.51,0.00,1.84,0.00,86.46,-16.73,0.41,-0.04
3000.00,0.00,254.33,0.00,2994.91,-174.72,245.55,-0.13,50.51,0.00,0.66,0.00,86.70,-12.88,1.40,0.06
3000.00,0.00,254.41,0.00,2994.78,-176.83,246.38,-0.10,50.51,0.00,-0.25,0.00,87.10,-7.28,2.21,0.09
3000.00,0.00,254.01,0.00,2994.86,-175.54,248.05,-0.04,50.51,0.00,-1.24,0.00,87.26,0.48,3.17,0.09
3000.00,0.00,253.09,0.00,2995.10,-171.36,249.78,-0.00,50.51,0.00,-2.18,0.00,87.04,5.95,3.80,0.09
3000.00,0.00,251.95,0.00,2995.44,-165.28,251.91,0.03,50.51,0.00,-2.90,0.00,88.26,7.44,4.34,0.04
3000.00,0.00,250.19,0.00,2995.72,-160.18,253.66,0.02,50.51,0.00,-3.63,0.00,87.98,3.72,2.95,-0.06
3000.00,0.00,248.55,0.00,2995.84,-157.88,254.65,-0.01,50.51,0.00,-4.11,0.00,87.68,-1.38,1.98,-0.09
3000.00,0.00,246.85,0.00,2995.85,-157.83,255.28,-0.04,50.51,0.00,-2.72,0.00,87.12,-7.02,1.05,-0.09
3000.00,0.00,245.76,0.00,2995.69,-160.70,255.52,-0.09,50.51,0.00,-1.50,0.00,86.22,-12.98,0.03,-0.09
3000.00,0.00,245.29,0.00,2995.48,-164.66,255.34,-0.12,50.51,0.00,-0.44,0.00,87.03,-14.60,-0.82,-0.04
3000.00,0.00,245.39,0.00,2995.19,-169.88,254.63,-0.13,50.51,0.00,0.67,0.00,88.04,-15.55,-1.80,-0.03
3000.00,0.00,245.97,0.00,2994.96,-173.87,253.61,-0.12,50.51,0.00,1.61,0.00,88.07,-12.01,-2.59,0.06
3000.00,0.00,246.98,0.00,2994.86,-175.60,252.11,-0.09,50.51,0.00,2.46,0.00,88.30,-5.79,-3.33,0.09
3000.00,0.00,248.54,0.00,2994.94,-174.18,250.27,-0.04,50.51,0.00,3.27,0.00,88.24,0.53,-3.94,0.09
3000.00,0.00,250.80,0.00,2995.21,-169.52,248.60,0.00,50.51,0.00,4.02,0.00,87.87,6.38,-2.54,0.09
3000.00,0.00,252.67,0.00,2995.47,-164.81,247.70,0.02,50.51,0.00,2.44,0.00,87.62,4.27,-1.51,-0.03
3000.00,0.00,253.66,0.00,2995.63,-161.78,247.24,-0.01,50.51,0.00,1.17,0.00,87.39,-1.09,-0.50,-0.08
3000.00,0.00,253.96,0.00,2995.64,-161.71,247.26,-0.06,50.51,0.00,0.12,0.00,86.84,-7.40,0.49,-0.09
3000.00,0.00,253.74,0.00,2995.51,-164.07,247.67,-0.09,50.51,0.00,-0.89,0.00,86.15,-12.51,1.33,-0.09
3000.00,0.00,253.05,0.00,2995.26,-168.56,248.60,-0.12,50.51,0.00,-1.81,0.00,87.15,-14.50,2.25,-0.04
3000.00,0.00,252.15,0.00,2995.07,-171.98,249.70,-0.12,50.51,0.00,-2.52,0.00,87.21,-11.81,2.92,0.05
3000.00,0.00,250.56,0.00,2994.96,-173.78,251.56,-0.08,50.51,0.00,-3.32,0.00,87.53,-5.20,3.68,0.09
3000.00,0.00,248.41,0.00,2995.06,-172.18,253.02,-0.04,50.51,0.00,-4.02,0.00,87.55,0.95,2.41,0.09
3000.00,0.00,246.97,0.00,2995.33,-167.27,254.08,-0.00,50.51,0.00,-2.86,0.00,89.16,3.25,0.95,0.03
3000.00,0.00,245.87,0.00,2995.51,-164.10,254.28,-0.01,50.51,0.00,-1.71,0.00,88.74,-0.19,-0.03,-0.06
3000.00,0.00,245.30,0.00,2995.54,-163.61,253.89,-0.05,50.51,0.00,-0.62,0.00,87.99,-7.24,-1.18,-0.08
3000.00,0.00,245.25,0.00,2995.40,-166.15,253.12,-0.09,50.51,0.00,0.29,0.00,87.15,-12.76,-2.05,-0.09
3000.00,0.00,245.72,0.00,2995.13,-170.88,251.79,-0.12,50.51,0.00,1.35,0.00,88.06,-14.77,-2.91,-0.04
3000.00,0.00,246.59,0.00,2994.92,-174.49,250.35,-0.12,50.51,0.00,2.21,0.00,88.03,-11.73,-3.53,0.05
3000.00,0.00,247.87,0.00,2994.82,-176.14,248.39,-0.08,50.51,0.00,2.99,0.00,88.23,-5.53,-4.11,0.09
3000.00,0.00,249.66,0.00,2994.88,-175.11,246.62,-0.05,50.51,0.00,3.70,0.00,88.21,-0.32,-4.49,0.09
3000.00,0.00,251.58,0.00,2995.12,-170.99,244.74,-0.00,50.51,0.00,4.22,0.00,87.89,5.56,-3.01,0.09
3000.00,0.00,253.28,0.00,2995.44,-165.31,243.57,0.03,50.51,0.00,2.87,0.00,88.96,7.08,-1.83,0.04
3000.00,0.00,254.40,0.00,2995.71,-160.40,242.96,0.02,50.51,0.00,1.68,0.00,88.59,3.49,-0.81,-0.06
3000.00,0.00,254.96,0.00,2995.84,-157.95,242.86,-0.02,50.51,0.00,0.58,0.00,88.00,-3.82,0.36,-0.09
3000.00,0.00,254.99,0.00,2995.76,-159.35,243.33,-0.07,50.51,0.00,-0.39,0.00,87.14,-10.25,1.36,-0.09
3000.00,0.00,254.59,0.00,2995.49,-164.45,244.43,-0.12,50.51,0.00,-1.27,0.00,85.97,-16.43,2.38,-0.09
3000.00,0.00,253.81,0.00,2995.13,-170.87,245.89,-0.15,50.51,0.00,-2.10,0.00,86.91,-17.93,3.18,-0.04
3000.00,0.00,252.48,0.00,2994.79,-176.70,247.85,-0.14,50.51,0.00,-2.94,0.00,87.14,-13.52,3.88,0.07
3000.00,0.00,250.88,0.00,2994.65,-179.12,250.04,-0.10,50.51,0.00,-3.61,0.00,87.57,-6.71,4.40,0.09
3000.00,0.00,248.68,0.00,2994.71,-178.05,251.85,-0.05,50.51,0.00,-4.22,0.00,87.65,-0.20,2.97,0.09
3000.00,0.00,247.02,0.00,2994.95,-174.03,253.01,-0.01,50.51,0.00,-2.89,0.00,87.40,5.47,1.80,0.09
3000.00,0.00,245.86,0.00,2995.21,-169.50,253.54,0.02,50.51,0.00,-1.67,0.00,88.34,6.73,0.94,0.04
3000.00,0.00,245.29,0.00,2995.51,-163.99,253.72,0.01,50.51,0.00,-0.52,0.00,88.07,2.41,-0.22,-0.07
3000.00,0.00,245.31,0.00,2995.62,-162.10,253.35,-0.03,50.51,0.00,0.49,0.00,87.68,-3.65,-1.18,-0.09
3000.00,0.00,245.84,0.00,2995.55,-163.27,252.51,-0.07,50.51,0.00,1.48,0.00,86.96,-9.87,-2.10,-0.09
3000.00,0.00,246.81,0.00,2995.39,-166.24,251.31,-0.10,50.51,0.00,2.36,0.00,87.87,-11.95,-2.88,-0.04
3000.00,0.00,248.12,0.00,2995.19,-169.84,249.76,-0.11,50.51,0.00,3.10,0.00,88.76,-13.03,-3.54,-0.02
3000.00,0.00,249.78,0.00,2995.00,-173.07,247.59,-0.10,50.51,0.00,3.74,0.00,88.70,-8.59,-4.17,0.07
3000.00,0.00,251.85,0.00,2995.01,-172.97,245.80,-0.06,50.51,0.00,4.28,0.00,88.70,-1.88,-2.71,0.09
3000.00,0.00,253.60,0.00,2995.21,-169.42,244.72,-0.01,50.51,0.00,2.88,0.00,88.38,4.39,-1.49,0.09
3000.00,0.00,254.74,0.00,2995.49,-164.48,244.27,0.02,50.51,0.00,1.67,0.00,89.36,6.01,-0.50,0.04
3000.00,0.00,255.29,0.00,2995.73,-159.98,244.29,0.01,50.51,0.00,0.62,0.00,88.90,2.36,0.50,-0.06
3000.00,0.00,255.32,0.00,2995.83,-158.14,244.83,-0.03,50.51,0.00,-0.38,0.00,88.30,-4.01,1.49,-0.09
3000.00,0.00,254.73,0.00,2995.75,-159.69,245.87,-0.07,50.51,0.00,-1.52,0.00,87.37,-10.57,2.42,-0.09
3000.00,0.00,253.90,0.00,2995.50,-164.27,247.34,-0.12,50.51,0.00,-2.29,0.00,86.28,-16.18,3.21,-0.09
3000.00,0.00,252.85,0.00,2995.13,-170.92,249.30,-0.15,50.51,0.00,-2.92,0.00,87.23,-17.80,3.90,-0.04
3000.00,0.00,251.05,0.00,2994.79,-176.66,251.59,-0.14,50.51,0.00,-3.66,0.00,87.42,-13.38,4.43,0.07
3000.00,0.00,249.32,0.00,2994.65,-179.00,253.52,-0.09,50.51,0.00,-4.15,0.00,87.80,-6.36,2.91,0.09
3000.00,0.00,247.77,0.00,2994.73,-177.66,254.68,-0.05,50.51,0.00,-2.91,0.00,87.83,0.32,1.69,0.09
