-2500.00,0.00,0.00,0.00,-2677.34,-797.85,6.46,2.46,0.00,0.00,0.00,0.00,0.00,0.00,0.00,0.00
-2499.59,0.00,0.29,0.00,-2676.25,-797.45,6.22,2.43,1.45,0.00,1.03,0.00,4.29,1.48,-0.93,-0.14
-2498.60,0.00,0.99,0.00,-2672.78,-796.49,5.48,2.34,2.73,0.00,1.89,0.00,8.86,2.01,-1.89,-0.21
-2496.99,0.00,2.08,0.00,-2666.60,-795.65,4.16,2.22,4.03,0.00,2.68,0.00,13.06,0.89,-2.81,-0.22
-2494.73,0.00,3.53,0.00,-2659.74,-795.74,2.65,2.12,5.35,0.00,3.38,0.00,15.62,-1.16,-3.48,-0.21
-2492.35,0.00,5.00,0.00,-2650.76,-797.25,1.18,2.02,6.44,0.00,3.87,0.00,17.31,-4.21,-2.14,-0.19
-2488.26,0.00,7.35,0.00,-2642.74,-799.85,0.46,1.93,7.97,0.00,4.43,0.00,17.81,-6.99,-1.15,-0.18
-2483.65,0.00,9.80,0.00,-2635.31,-802.43,0.17,1.85,9.39,0.00,4.82,0.00,16.40,-4.97,-0.26,-0.18
-2478.43,0.00,12.37,0.00,-2628.96,-803.99,0.24,1.78,10.74,0.00,5.11,0.00,15.47,-2.99,0.54,-0.18
-2472.73,0.00,14.97,0.00,-2621.55,-804.77,0.77,1.69,12.04,0.00,5.31,0.00,14.85,-0.45,1.49,-0.19
-2467.25,0.00,17.31,0.00,-2613.67,-804.19,1.85,1.58,13.15,0.00,5.44,0.00,14.81,2.36,2.44,-0.20
-2460.73,0.00,19.90,0.00,-2607.28,-801.98,3.37,1.52,14.33,0.00,5.55,0.00,10.23,5.93,3.25,-0.04
-2452.28,0.00,23.04,0.00,-2603.02,-797.64,5.27,1.52,15.70,0.00,5.64,0.00,6.49,10.29,3.90,0.07
-2444.97,0.00,25.59,0.00,-2600.73,-791.07,7.44,1.58,16.77,0.00,5.69,0.00,2.67,14.62,4.42,0.13
-2436.36,0.00,28.41,0.00,-2600.34,-784.82,9.20,1.63,17.93,0.00,5.73,0.00,-0.40,17.57,4.72,0.14
-2428.25,0.00,30.94,0.00,-2600.95,-774.99,11.56,1.68,18.92,0.00,5.76,0.00,-1.94,22.60,5.01,0.08
-2418.79,0.00,33.73,0.00,-2601.42,-760.84,14.48,1.70,19.99,0.00,5.78,0.00,0.27,26.92,5.27,-0.04
-2409.09,0.00,36.46,0.00,-2600.61,-747.65,16.94,1.66,21.01,0.00,5.79,0.00,3.10,30.14,5.42,-0.11
-2397.64,0.00,39.54,0.00,-2598.02,-731.32,19.75,1.60,22.11,0.00,5.81,0.00,6.66,33.22,5.54,-0.12
-2386.23,0.00,42.46,0.00,-2594.71,-714.36,22.42,1.56,23.11,0.00,5.81,0.00,7.10,37.27,5.62,-0.07
-2375.48,0.00,45.11,0.00,-2590.44,-690.99,25.73,1.53,23.99,0.00,5.82,0.00,7.45,42.06,5.69,-0.04
-2364.43,0.00,47.74,0.00,-2586.73,-669.48,28.52,1.51,24.84,0.00,5.82,0.00,7.75,45.79,5.73,-0.03
-2350.81,0.00,50.87,0.00,-2583.50,-650.05,30.88,1.50,25.80,0.00,5.83,0.00,8.02,48.71,5.76,-0.02
-2338.22,0.00,53.66,0.00,-2578.86,-621.49,34.12,1.49,26.63,0.00,5.83,0.00,8.43,52.41,5.78,-0.02
-2321.59,0.00,57.23,0.00,-2574.57,-594.60,37.00,1.48,27.64,0.00,5.83,0.00,8.80,55.37,5.80,-0.02
-2308.63,0.00,59.92,0.00,-2570.47,-568.72,39.65,1.47,28.37,0.00,5.83,0.00,9.15,57.82,5.81,-0.01
-2291.86,0.00,63.31,0.00,-2565.76,-538.92,42.57,1.46,29.24,0.00,5.83,0.00,9.52,60.26,5.81,-0.01
-2278.34,0.00,65.97,0.00,-2560.77,-507.41,45.55,1.46,29.89,0.00,5.83,0.00,9.90,62.47,5.82,-0.01
-2261.32,0.00,69.25,0.00,-2554.18,-473.27,48.74,1.43,30.66,0.00,5.83,0.00,14.14,62.31,5.82,-0.09
-2246.85,0.00,71.97,0.00,-2544.84,-439.07,51.96,1.38,31.27,0.00,5.83,0.00,19.11,61.56,5.83,-0.10
-2232.68,0.00,74.59,0.00,-2535.82,-410.78,54.61,1.35,31.83,0.00,5.83,0.00,20.28,62.75,5.83,-0.05
-2213.27,0.00,78.10,0.00,-2527.49,-385.20,56.96,1.33,32.54,0.00,5.83,0.00,20.88,63.83,5.83,-0.03
-2197.11,0.00,80.97,0.00,-2515.34,-351.65,60.06,1.30,33.08,0.00,5.83,0.00,24.69,62.54,5.83,-0.09
-2184.17,0.00,83.24,0.00,-2500.86,-318.59,63.19,1.25,33.50,0.00,5.83,0.00,28.79,60.77,5.83,-0.10
-2166.49,0.00,86.29,0.00,-2485.23,-286.07,66.28,1.21,34.03,0.00,5.83,0.00,29.79,61.66,5.83,-0.04
-2148.46,0.00,89.35,0.00,-2470.75,-256.15,69.09,1.20,34.53,0.00,5.83,0.00,30.31,62.55,5.83,-0.03
-2127.97,0.00,92.78,0.00,-2450.66,-218.20,72.71,1.15,35.07,0.00,5.83,0.00,34.33,59.94,5.83,-0.09
-2113.69,0.00,95.15,0.00,-2432.96,-189.56,75.56,1.11,35.41,0.00,5.83,0.00,37.67,57.44,5.83,-0.10
-2098.05,0.00,97.71,0.00,-2417.95,-167.90,77.80,1.07,35.77,0.00,5.83,0.00,40.09,55.36,5.83,-0.10
-2079.12,0.00,100.78,0.00,-2398.74,-142.96,80.50,1.03,36.18,0.00,5.83,0.00,42.73,52.80,5.83,-0.10
-2060.53,0.00,103.76,0.00,-2377.99,-118.76,83.25,0.98,36.55,0.00,5.83,0.00,45.09,50.22,5.83,-0.10
-2043.09,0.00,106.53,0.00,-2357.37,-96.99,85.85,0.93,36.88,0.00,5.83,0.00,47.16,47.69,5.83,-0.10
-2025.76,0.00,109.25,0.00,-2332.19,-73.08,88.88,0.88,37.18,0.00,5.83,0.00,49.41,44.59,5.83,-0.10
-2008.78,0.00,111.91,0.00,-2307.05,-51.74,91.78,0.83,37.46,0.00,5.83,0.00,51.40,41.47,5.83,-0.10
-1985.30,0.00,115.54,0.00,-2280.43,-31.63,94.74,0.78,37.82,0.00,5.83,0.00,53.27,38.09,5.83,-0.11
-1962.74,0.00,119.01,0.00,-2258.19,-16.82,97.21,0.73,38.14,0.00,5.83,0.00,51.95,32.50,5.83,-0.11
-1945.45,0.00,121.64,0.00,-2233.18,-2.70,100.07,0.67,38.37,0.00,5.83,0.00,50.37,25.94,5.83,-0.12
-1926.19,0.00,124.56,0.00,-2206.94,9.20,103.17,0.61,38.61,0.00,5.83,0.00,48.32,19.47,5.83,-0.13
-1908.26,0.00,127.26,0.00,-2184.83,16.98,105.91,0.55,38.82,0.00,5.83,0.00,46.27,14.34,5.83,-0.13
-1887.77,0.00,130.33,0.00,-2164.25,22.37,108.57,0.49,39.05,0.00,5.83,0.00,44.10,9.81,5.83,-0.13
-1868.71,0.00,133.17,0.00,-2143.24,25.84,111.44,0.42,39.24,0.00,5.83,0.00,41.52,4.86,5.83,-0.14
-1847.02,0.00,136.38,0.00,-2121.99,27.00,114.55,0.35,39.45,0.00,5.83,0.00,38.41,0.05,5.83,-0.14
-1831.36,0.00,138.69,0.00,-2103.51,25.92,117.49,0.27,39.59,0.00,5.83,0.00,35.27,-3.88,5.83,-0.15
-1810.77,0.00,141.72,0.00,-2089.61,23.69,119.88,0.21,39.76,0.00,5.83,0.00,32.60,-6.64,5.83,-0.15
-1783.71,0.00,145.68,0.00,-2072.10,18.87,123.23,0.13,39.97,0.00,5.83,0.00,28.83,-9.80,5.83,-0.15
-1769.52,0.00,147.75,0.00,-2057.97,13.84,126.01,0.06,40.07,0.00,5.83,0.00,30.20,-11.14,5.83,-0.14
-1748.17,0.00,150.85,0.00,-2042.92,8.05,128.85,-0.00,40.22,0.00,5.83,0.00,31.58,-12.59,5.83,-0.13
-1730.24,0.00,153.44,0.00,-2025.32,1.72,131.92,-0.05,40.33,0.00,5.83,0.00,34.94,-11.59,5.83,-0.06
-1713.36,0.00,155.88,0.00,-2009.51,-2.62,134.49,-0.06,40.43,0.00,5.83,0.00,36.80,-8.38,5.83,0.03
-1690.77,0.00,159.13,0.00,-1987.38,-5.88,137.87,-0.02,40.56,0.00,5.83,0.00,39.32,-3.22,5.83,0.10
-1668.25,0.00,162.37,0.00,-1967.15,-6.97,140.73,0.02,40.68,0.00,5.83,0.00,42.61,-1.53,5.83,0.06
-1646.04,0.00,165.55,0.00,-1943.12,-7.39,143.89,0.04,40.79,0.00,5.83,0.00,45.92,-0.20,5.83,0.04
-1626.81,0.00,168.29,0.00,-1918.00,-7.18,146.96,0.06,40.88,0.00,5.83,0.00,48.87,0.88,5.83,0.03
-1608.72,0.00,170.87,0.00,-1894.57,-7.37,149.72,0.05,40.96,0.00,5.83,0.00,50.03,-1.73,5.83,-0.06
-1588.55,0.00,173.74,0.00,-1868.65,-9.40,152.71,0.01,41.04,0.00,5.83,0.00,50.97,-5.87,5.83,-0.10
-1570.69,0.00,176.28,0.00,-1844.92,-12.34,155.37,-0.02,41.10,0.00,5.83,0.00,52.96,-6.79,5.83,-0.05
-1548.28,0.00,179.45,0.00,-1820.56,-14.82,158.04,-0.03,41.18,0.00,5.83,0.00,53.69,-4.07,5.83,0.04
-1527.61,0.00,182.38,0.00,-1791.94,-15.57,161.12,0.01,41.25,0.00,5.83,0.00,54.47,0.96,5.83,0.10
-1508.80,0.00,185.04,0.00,-1764.65,-14.53,163.98,0.05,41.31,0.00,5.83,0.00,56.45,2.89,5.83,0.05
-1483.11,0.00,188.66,0.00,-1731.63,-12.41,167.33,0.07,41.39,0.00,5.83,0.00,58.54,4.30,5.83,0.03
-1462.91,0.00,191.50,0.00,-1704.60,-11.03,170.01,0.06,41.44,0.00,5.83,0.00,58.91,1.56,5.83,-0.06
-1441.79,0.00,194.47,0.00,-1673.29,-11.63,173.10,0.02,41.49,0.00,5.83,0.00,59.17,-3.43,5.83,-0.10
-1419.97,0.00,197.54,0.00,-1645.52,-13.62,175.80,-0.01,41.55,0.00,5.83,0.00,60.55,-4.83,5.83,-0.05
-1400.46,0.00,200.28,0.00,-1612.36,-15.40,179.00,-0.01,41.59,0.00,5.83,0.00,60.58,-1.48,5.83,0.06
-1377.68,0.00,203.47,0.00,-1585.27,-14.42,181.73,0.04,41.64,0.00,5.83,0.00,55.58,5.16,5.83,0.12
-1353.63,0.00,206.84,0.00,-1560.34,-10.18,184.49,0.10,41.68,0.00,5.83,0.00,50.15,11.86,5.83,0.14
-1334.23,0.00,209.55,0.00,-1536.81,-5.02,187.21,0.13,41.72,0.00,5.83,0.00,50.89,10.09,5.83,-0.01
-1313.01,0.00,212.52,0.00,-1510.04,-0.92,190.24,0.10,41.75,0.00,5.83,0.00,52.09,5.80,5.83,-0.09
-1292.02,0.00,215.45,0.00,-1481.07,0.53,193.45,0.05,41.78,0.00,5.83,0.00,53.10,-0.01,5.83,-0.10
-1270.92,0.00,218.39,0.00,-1457.91,-0.55,195.98,0.00,41.82,0.00,5.83,0.00,53.55,-4.47,5.83,-0.10
-1270.92,0.00,218.39,0.00,-1402.50,-5.13,201.86,-0.03,41.82,0.00,5.83,0.00,55.57,-2.15,5.83,0.07
-1230.04,0.00,224.09,0.00,-1402.50,-5.13,201.86,-0.03,41.87,0.00,5.83,0.00,55.57,-2.15,5.83,0.07
-1213.42,0.00,226.40,0.00,-1376.40,-4.97,204.59,0.01,41.89,0.00,5.83,0.00,55.89,2.52,5.83,0.10
-1191.04,0.00,229.52,0.00,-1345.86,-2.96,207.72,0.05,41.92,0.00,5.83,0.00,57.67,4.53,5.83,0.05
-1170.54,0.00,232.37,0.00,-1315.05,-1.29,210.83,0.05,41.94,0.00,5.83,0.00,57.93,1.50,5.83,-0.06
-1147.74,0.00,235.54,0.00,-1288.67,-1.68,213.49,0.01,41.96,0.00,5.83,0.00,58.05,-2.89,5.83,-0.09
-1126.88,0.00,238.44,0.00,-1257.56,-3.77,216.57,-0.03,41.98,0.00,5.83,0.00,59.56,-4.63,5.83,-0.05
-1107.59,0.00,241.12,0.00,-1225.29,-5.46,219.73,-0.02,42.00,0.00,5.83,0.00,59.54,-1.39,5.83,0.06
-1086.57,0.00,244.04,0.00,-1199.91,-5.05,222.30,0.01,42.01,0.00,5.83,0.00,55.88,2.90,5.83,0.09
-1066.49,0.00,246.83,0.00,-1174.50,-2.47,225.06,0.06,42.03,0.00,5.83,0.00,51.96,7.44,5.83,0.10
-1047.78,0.00,249.42,0.00,-1145.60,2.06,228.41,0.09,42.04,0.00,5.83,0.00,49.08,7.99,5.83,0.03
-1023.07,0.00,252.85,0.00,-1121.84,5.93,231.30,0.11,42.06,0.00,5.83,0.00,46.94,7.55,5.83,0.01
-1005.78,0.00,254.90,0.00,-1099.75,9.69,234.12,0.11,42.07,0.00,4.37,0.00,44.93,8.03,5.83,0.03
-985.18,0.00,256.66,0.00,-1077.43,13.99,237.09,0.13,42.08,0.00,2.98,0.00,42.87,8.80,5.83,0.04
-963.75,0.00,257.83,0.00,-1052.65,19.57,240.56,0.15,42.09,0.00,1.79,0.00,40.56,9.83,5.83,0.04
-940.22,0.00,258.47,0.00,-1031.14,24.80,243.73,0.17,42.10,0.00,0.61,0.00,38.81,9.40,5.83,0.01
-920.62,0.00,258.51,0.00,-1010.34,29.70,246.93,0.17,42.11,0.00,-0.32,0.00,37.29,8.52,5.83,-0.01
-902.89,0.00,258.19,0.00,-991.01,33.88,250.01,0.16,42.12,0.00,-1.15,0.00,36.00,7.35,5.83,-0.03
-880.64,0.00,257.29,0.00,-974.48,37.78,252.82,0.17,42.13,0.00,-2.12,0.00,33.01,8.91,5.83,0.05
-858.47,0.00,255.92,0.00,-960.38,42.29,255.44,0.20,42.14,0.00,-2.98,0.00,30.07,11.00,5.83,0.09
-839.52,0.00,254.43,0.00,-948.50,47.31,257.87,0.24,42.15,0.00,-3.59,0.00,27.25,12.91,5.83,0.10
-818.44,0.00,252.47,0.00,-935.08,54.79,260.40,0.30,42.16,0.00,-4.16,0.00,23.61,14.93,3.99,0.11
-795.69,0.00,250.08,0.00,-922.43,64.16,262.24,0.37,42.16,0.00,-4.63,0.00,19.61,16.52,2.43,0.12
-772.51,0.00,247.42,0.00,-914.78,71.34,263.05,0.42,42.17,0.00,-4.98,0.00,16.79,17.26,1.49,0.12
-750.18,0.00,245.27,0.00,-906.24,77.53,263.51,0.40,42.18,0.00,-3.36,0.00,15.80,7.00,0.39,-0.17
-728.59,0.00,243.92,0.00,-897.97,78.07,263.40,0.28,42.18,0.00,-2.10,0.00,14.00,-3.84,-0.70,-0.25
-710.59,0.00,243.24,0.00,-892.09,74.13,262.80,0.16,42.19,0.00,-1.18,0.00,10.34,-11.32,-1.64,-0.26
-687.96,0.00,242.93,0.00,-888.60,67.98,261.89,0.04,42.19,0.00,-0.09,0.00,5.77,-15.78,-2.41,-0.27
-666.64,0.00,243.17,0.00,-887.24,59.87,260.55,-0.09,42.20,0.00,0.92,0.00,0.43,-18.07,-3.15,-0.28
-646.27,0.00,243.86,0.00,-888.41,51.05,258.86,-0.22,42.20,0.00,1.83,0.00,-4.76,-18.19,-3.78,-0.27
-622.73,0.00,245.17,0.00,-891.41,43.47,257.10,-0.34,42.20,0.00,2.78,0.00,-8.55,-16.65,-4.24,-0.25
-603.13,0.00,246.64,0.00,-895.08,36.06,255.06,-0.44,42.21,0.00,3.44,0.00,-7.63,-16.02,-4.63,-0.23
-579.78,0.00,248.75,0.00,-897.93,28.60,252.39,-0.52,42.21,0.00,4.09,0.00,-2.97,-11.88,-4.99,-0.05
-555.34,0.00,251.29,0.00,-897.96,22.66,249.42,-0.51,42.22,0.00,4.61,0.00,2.37,-9.17,-5.25,0.08
-536.52,0.00,253.01,0.00,-896.50,19.13,247.07,-0.44,42.22,0.00,3.30,0.00,2.78,-4.17,-3.50,0.17
-516.74,0.00,254.25,0.00,-895.14,18.20,245.66,-0.35,42.22,0.00,2.14,0.00,2.47,0.05,-2.23,0.20
-497.96,0.00,254.96,0.00,-892.89,18.92,244.85,-0.24,42.22,0.00,1.18,0.00,6.03,2.66,-1.14,0.21
-475.48,0.00,255.27,0.00,-887.93,21.68,244.57,-0.12,42.23,0.00,0.09,0.00,9.69,6.06,0.10,0.19
-455.43,0.00,255.07,0.00,-881.46,26.05,244.98,-0.02,42.23,0.00,-0.85,0.00,12.62,8.99,1.23,0.17
-431.07,0.00,254.23,0.00,-873.13,30.95,245.97,0.05,42.23,0.00,-1.94,0.00,17.21,8.83,2.24,0.09
-410.65,0.00,253.07,0.00,-864.70,34.28,247.16,0.07,42.23,0.00,-2.75,0.00,19.99,6.18,2.96,-0.01
-391.97,0.00,251.70,0.00,-853.13,36.50,248.94,0.04,42.23,0.00,-3.39,0.00,23.40,2.46,3.68,-0.10
-371.69,0.00,249.91,0.00,-840.30,36.57,250.99,-0.02,42.24,0.00,-3.97,0.00,26.38,-1.87,4.23,-0.13
-348.31,0.00,248.17,0.00,-826.14,34.29,252.74,-0.09,42.24,0.00,-2.51,0.00,28.77,-6.60,2.83,-0.13
-322.47,0.00,247.10,0.00,-812.72,31.02,253.73,-0.14,42.24,0.00,-1.15,0.00,32.18,-8.10,1.80,-0.07
-300.50,0.00,246.80,0.00,-794.03,26.18,254.36,-0.17,42.24,0.00,-0.10,0.00,36.26,-9.57,0.66,-0.05
-279.02,0.00,247.04,0.00,-769.81,21.16,254.34,-0.16,42.24,0.00,0.91,0.00,39.71,-6.12,-0.61,0.08
-256.77,0.00,247.81,0.00,-750.12,19.30,253.80,-0.11,42.24,0.00,1.91,0.00,42.24,-1.93,-1.53,0.11
-234.64,0.00,249.07,0.00,-728.80,19.57,252.81,-0.06,42.25,0.00,2.79,0.00,44.39,2.54,-2.41,0.11
-213.07,0.00,250.70,0.00,-702.48,21.45,251.16,-0.01,42.25,0.00,3.51,0.00,48.02,3.79,-3.27,0.05
-190.47,0.00,252.18,0.00,-676.09,23.65,249.81,0.01,42.25,0.00,2.18,0.00,51.21,4.42,-1.99,0.03
-167.39,0.00,253.01,0.00,-650.63,25.07,249.13,0.00,42.25,0.00,0.99,0.00,52.58,1.32,-0.94,-0.06
-148.31,0.00,253.23,0.00,-617.75,23.88,248.97,-0.05,42.25,0.00,0.08,0.00,53.89,-4.77,0.30,-0.10
-126.21,0.00,252.97,0.00,-590.20,20.90,249.39,-0.08,42.25,0.00,-0.96,0.00,56.27,-6.78,1.28,-0.05
-101.00,0.00,252.03,0.00,-565.92,18.43,250.13,-0.09,42.25,0.00,-2.07,0.00,57.19,-4.65,2.07,0.04
-76.34,0.00,250.51,0.00,-536.82,17.31,251.40,-0.05,42.25,0.00,-3.02,0.00,58.21,-0.00,2.90,0.09
-54.89,0.00,248.78,0.00,-505.57,17.86,252.56,-0.02,42.25,0.00,-3.70,0.00,60.46,1.71,1.67,0.04
-32.78,0.00,247.24,0.00,-472.38,17.95,253.13,-0.02,42.25,0.00,-2.36,0.00,60.90,-1.61,0.53,-0.06
-9.93,0.00,246.32,0.00,-439.88,15.53,253.10,-0.07,42.25,0.00,-1.17,0.00,61.01,-7.09,-0.53,-0.10
11.89,0.00,246.02,0.00,-411.77,11.80,252.64,-0.10,42.25,0.00,-0.12,0.00,62.44,-8.92,-1.42,-0.05
34.21,0.00,246.26,0.00,-383.18,8.25,251.78,-0.10,42.26,0.00,0.93,0.00,62.84,-6.48,-2.24,0.05
57.02,0.00,247.07,0.00,-350.86,6.30,250.40,-0.06,42.26,0.00,1.95,0.00,63.34,-1.41,-3.06,0.09
76.52,0.00,248.17,0.00,-317.98,6.16,248.64,-0.03,42.26,0.00,2.72,0.00,64.99,0.45,-3.74,0.04
95.45,0.00,249.55,0.00,-284.08,6.71,246.55,-0.01,42.26,0.00,3.38,0.00,66.42,1.49,-4.28,0.03
117.24,0.00,251.47,0.00,-252.85,7.58,244.90,0.00,42.26,0.00,4.00,0.00,67.56,2.16,-2.98,0.02
140.20,0.00,253.20,0.00,-216.38,8.92,243.68,0.01,42.26,0.00,2.55,0.00,68.70,2.76,-1.72,0.02
161.46,0.00,254.17,0.00,-181.70,10.44,243.11,0.02,42.26,0.00,1.42,0.00,69.63,3.23,-0.67,0.01
182.67,0.00,254.59,0.00,-144.15,11.11,243.07,0.00,42.26,0.00,0.39,0.00,68.99,-0.89,0.41,-0.07
203.46,0.00,254.52,0.00,-111.39,10.18,243.51,-0.02,42.26,0.00,-0.59,0.00,69.76,-2.68,1.34,-0.04
221.37,0.00,254.07,0.00,-78.91,8.65,244.35,-0.04,42.26,0.00,-1.42,0.00,70.41,-3.76,2.18,-0.03
248.47,0.00,252.76,0.00,-45.45,6.66,245.58,-0.05,42.26,0.00,-2.55,0.00,70.99,-4.56,2.95,-0.02
270.01,0.00,251.23,0.00,-7.55,5.20,247.39,-0.04,42.26,0.00,-3.32,0.00,70.20,-0.69,3.68,0.07
291.73,0.00,249.34,0.00,26.42,5.36,249.30,-0.01,42.26,0.00,-3.95,0.00,70.83,1.01,4.20,0.04
308.24,0.00,248.03,0.00,62.25,6.17,251.54,0.01,42.26,0.00,-2.89,0.00,71.38,2.06,4.64,0.03
327.63,0.00,246.98,0.00,98.42,6.32,253.48,-0.01,42.26,0.00,-1.82,0.00,70.26,-1.71,3.14,-0.07
353.51,0.00,246.31,0.00,133.23,3.89,254.71,-0.05,42.26,0.00,-0.53,0.00,68.89,-7.47,1.94,-0.10
377.12,0.00,246.36,0.00,166.25,-1.13,255.38,-0.10,42.26,0.00,0.59,0.00,67.38,-12.62,0.91,-0.10
397.82,0.00,246.90,0.00,196.35,-6.33,255.56,-0.11,42.26,0.00,1.53,0.00,66.73,-10.26,-0.00,0.03
415.29,0.00,247.70,0.00,229.11,-9.14,255.27,-0.06,42.26,0.00,2.27,0.00,60.94,-1.09,-1.02,0.13
435.53,0.00,249.00,0.00,256.57,-6.72,254.53,0.01,42.26,0.00,3.04,0.00,54.03,9.79,-1.92,0.17
456.03,0.00,250.65,0.00,281.21,-1.08,253.40,0.07,42.26,0.00,3.69,0.00,49.80,13.18,-2.73,0.11
477.53,0.00,252.15,0.00,302.64,5.42,252.01,0.12,42.26,0.00,2.38,0.00,46.05,15.44,-3.38,0.11
501.46,0.00,253.10,0.00,324.53,11.92,250.73,0.14,42.26,0.00,1.14,0.00,47.15,12.37,-2.22,-0.02
521.89,0.00,253.39,0.00,346.83,17.52,249.93,0.13,42.26,0.00,0.15,0.00,42.63,10.29,-1.13,-0.03
521.89,0.00,253.39,0.00,381.16,18.29,249.79,0.00,42.26,0.00,0.15,0.00,31.79,-6.50,0.72,-0.17
546.90,0.00,253.10,0.00,396.32,11.95,250.49,-0.11,42.26,0.00,-1.02,0.00,24.74,-15.55,1.75,-0.22
567.92,0.00,252.33,0.00,406.58,2.72,251.59,-0.22,42.26,0.00,-1.95,0.00,17.35,-20.75,2.60,-0.23
593.34,0.00,250.82,0.00,412.95,-7.75,252.57,-0.32,42.26,0.00,-2.95,0.00,9.06,-20.88,1.47,-0.21
614.99,0.00,249.11,0.00,417.78,-16.56,253.05,-0.35,42.26,0.00,-3.65,0.00,7.94,-10.82,0.28,0.09
634.28,0.00,247.74,0.00,421.71,-20.23,252.90,-0.28,42.26,0.00,-2.47,0.00,7.40,-4.30,-0.74,0.20
657.22,0.00,246.77,0.00,424.91,-20.96,252.32,-0.18,42.26,0.00,-1.27,0.00,6.25,0.64,-1.64,0.21
677.25,0.00,246.42,0.00,427.51,-19.44,251.26,-0.08,42.26,0.00,-0.30,0.00,4.30,4.95,-2.51,0.22
698.89,0.00,246.56,0.00,429.93,-16.49,249.95,0.02,42.26,0.00,0.72,0.00,6.15,7.84,-3.20,0.21
720.28,0.00,247.20,0.00,433.79,-11.44,248.04,0.12,42.26,0.00,1.69,0.00,8.07,10.79,-3.88,0.19
743.41,0.00,248.42,0.00,438.77,-6.70,246.44,0.18,42.26,0.00,2.64,0.00,11.11,7.96,-2.52,0.03
764.82,0.00,249.97,0.00,445.49,-3.41,245.47,0.16,42.26,0.00,3.39,0.00,14.62,5.02,-1.37,-0.08
783.72,0.00,251.62,0.00,452.93,-1.88,245.09,0.11,42.26,0.00,3.93,0.00,17.67,1.92,-0.43,-0.13
803.92,0.00,253.15,0.00,464.74,-2.25,245.23,0.03,42.26,0.00,2.66,0.00,21.20,-2.77,0.77,-0.14
842.58,0.00,254.60,0.00,464.74,-2.25,245.23,0.03,42.26,0.00,0.66,0.00,21.20,-2.77,0.77,-0.14
861.61,0.00,254.67,0.00,479.24,-4.37,246.08,-0.03,42.26,0.00,-0.24,0.00,26.20,-4.03,1.92,-0.07
881.33,0.00,254.32,0.00,492.79,-5.77,247.25,-0.04,42.26,0.00,-1.16,0.00,28.84,-1.70,2.74,0.04
902.62,0.00,253.47,0.00,508.00,-5.65,248.83,-0.01,42.26,0.00,-2.09,0.00,31.41,2.00,3.47,0.10
920.64,0.00,252.41,0.00,525.38,-4.22,250.80,0.03,42.26,0.00,-2.80,0.00,35.35,3.31,4.07,0.06
940.67,0.00,250.90,0.00,545.97,-2.07,253.19,0.06,42.26,0.00,-3.48,0.00,39.31,4.40,4.57,0.04
959.28,0.00,249.24,0.00,568.97,-0.48,255.25,0.05,42.26,0.00,-4.00,0.00,41.70,1.14,2.95,-0.07
980.18,0.00,247.64,0.00,590.82,-1.14,256.41,0.01,42.26,0.00,-2.67,0.00,43.61,-3.40,1.75,-0.11
1001.95,0.00,246.60,0.00,616.27,-3.59,257.03,-0.04,42.26,0.00,-1.50,0.00,47.04,-5.02,0.58,-0.05
1021.48,0.00,246.15,0.00,636.70,-5.28,257.07,-0.04,42.26,0.00,-0.54,0.00,48.37,-2.81,-0.28,0.04
1042.55,0.00,246.15,0.00,663.59,-5.43,256.60,0.00,42.26,0.00,0.45,0.00,49.91,2.07,-1.35,0.10
1064.43,0.00,246.68,0.00,688.87,-3.89,255.69,0.04,42.26,0.00,1.46,0.00,52.52,3.81,-2.24,0.05
1089.24,0.00,247.88,0.00,717.29,-1.52,254.26,0.06,42.26,0.00,2.50,0.00,55.09,5.01,-3.08,0.03
1111.01,0.00,249.39,0.00,745.88,0.28,252.48,0.05,42.26,0.00,3.28,0.00,56.09,1.85,-3.76,-0.06
1128.08,0.00,250.84,0.00,777.44,-0.34,250.20,0.00,42.26,0.00,3.80,0.00,56.91,-3.65,-4.34,-0.10
1146.03,0.00,252.18,0.00,808.63,-2.88,248.33,-0.03,42.26,0.00,2.68,0.00,59.01,-5.42,-2.84,-0.05
1168.20,0.00,253.23,0.00,841.40,-5.02,247.15,-0.03,42.26,0.00,1.48,0.00,59.57,-2.09,-1.57,0.06
1191.03,0.00,253.70,0.00,870.25,-4.76,246.67,0.01,42.26,0.00,0.37,0.00,59.92,2.79,-0.56,0.09
1211.58,0.00,253.62,0.00,904.43,-2.48,246.70,0.05,42.26,0.00,-0.60,0.00,61.77,4.89,0.56,0.04
1230.02,0.00,253.15,0.00,936.88,-0.66,247.29,0.04,42.26,0.00,-1.45,0.00,61.99,1.81,1.57,-0.06
1251.27,0.00,252.17,0.00,969.46,-1.19,248.38,-0.00,42.26,0.00,-2.35,0.00,62.08,-3.47,2.50,-0.09
1272.23,0.00,250.79,0.00,998.49,-3.28,249.72,-0.03,42.26,0.00,-3.13,0.00,63.35,-5.16,3.20,-0.05
1291.49,0.00,249.21,0.00,1025.76,-5.02,250.85,-0.03,42.26,0.00,-3.73,0.00,63.30,-2.79,2.15,0.04
1314.82,0.00,247.60,0.00,1060.54,-4.94,251.67,0.01,42.26,0.00,-2.31,0.00,63.17,2.78,0.97,0.09
1333.95,0.00,246.80,0.00,1095.64,-1.54,251.86,0.06,42.26,0.00,-1.31,0.00,62.61,8.74,-0.16,0.10
1355.79,0.00,246.43,0.00,1133.17,4.32,251.38,0.10,42.26,0.00,-0.26,0.00,63.88,10.54,-1.33,0.04
1395.98,0.00,247.12,0.00,1133.17,4.32,251.38,0.10,42.26,0.00,1.61,0.00,63.88,10.54,-1.33,0.04
1420.50,0.00,248.39,0.00,1167.83,9.02,250.36,0.09,42.26,0.00,2.62,0.00,63.83,6.59,-2.31,-0.07
1441.38,0.00,249.88,0.00,1199.11,10.72,249.02,0.05,42.26,0.00,3.35,0.00,63.72,0.78,-3.08,-0.10
1462.13,0.00,251.70,0.00,1234.64,9.22,247.71,-0.01,42.26,0.00,3.95,0.00,63.35,-5.39,-1.76,-0.10
1479.68,0.00,253.08,0.00,1267.70,5.91,247.11,-0.04,42.26,0.00,2.83,0.00,64.43,-7.00,-0.67,-0.04
1504.16,0.00,254.28,0.00,1301.40,2.03,247.06,-0.06,42.26,0.00,1.50,0.00,65.44,-7.80,0.37,-0.03
1527.54,0.00,254.76,0.00,1331.38,-0.86,247.46,-0.06,42.26,0.00,0.36,0.00,65.15,-4.69,1.27,0.06
1551.18,0.00,254.62,0.00,1368.65,-1.67,248.52,-0.01,42.26,0.00,-0.76,0.00,64.75,1.42,2.31,0.09
1572.41,0.00,253.97,0.00,1400.79,-0.37,249.87,0.02,42.26,0.00,-1.72,0.00,65.68,3.43,3.09,0.04
1591.45,0.00,253.00,0.00,1431.79,1.53,251.48,0.04,42.26,0.00,-2.50,0.00,66.47,4.51,3.71,0.03
1616.35,0.00,251.23,0.00,1462.37,2.98,253.33,0.03,42.26,0.00,-3.38,0.00,65.95,1.59,4.21,-0.06
1616.35,0.00,251.23,0.00,1515.68,3.05,255.94,-0.00,42.26,0.00,-3.38,0.00,55.43,-0.93,1.93,-0.03
1638.03,0.00,249.31,0.00,1542.18,2.35,256.61,-0.02,42.26,0.00,-4.00,0.00,50.10,-1.71,0.86,-0.03
1657.90,0.00,247.77,0.00,1567.88,1.23,256.75,-0.03,42.26,0.00,-2.74,0.00,44.81,-2.31,-0.24,-0.02
1678.84,0.00,246.73,0.00,1591.97,-0.25,256.25,-0.04,42.26,0.00,-1.60,0.00,39.64,-2.76,-1.37,-0.02
1716.93,0.00,246.17,0.00,1591.97,-0.25,256.25,-0.04,42.26,0.00,0.24,0.00,39.64,-2.76,-1.37,-0.02
1737.72,0.00,246.55,0.00,1610.35,-1.68,255.33,-0.05,42.26,0.00,1.21,0.00,35.50,-3.04,-2.26,-0.02
1758.21,0.00,247.38,0.00,1626.67,-3.22,254.01,-0.07,42.26,0.00,2.11,0.00,31.60,-3.23,-3.04,-0.02
1781.42,0.00,248.81,0.00,1638.82,-4.56,252.65,-0.07,42.26,0.00,3.00,0.00,28.51,-3.33,-3.59,-0.02
1781.42,0.00,248.81,0.00,1663.62,-7.97,248.47,-0.10,42.26,0.00,3.00,0.00,21.31,-3.40,-4.60,-0.02
1802.52,0.00,250.50,0.00,1672.46,-9.49,246.73,-0.11,42.26,0.00,3.67,0.00,18.25,-3.35,-3.27,-0.02
1840.73,0.00,252.74,0.00,1672.46,-9.49,246.73,-0.11,42.26,0.00,1.49,0.00,18.25,-3.35,-3.27,-0.02
1863.10,0.00,253.20,0.00,1682.22,-11.48,245.24,-0.12,42.26,0.00,0.40,0.00,14.24,-3.19,-1.81,-0.02
1884.25,0.00,253.13,0.00,1688.75,-13.10,244.62,-0.14,42.26,0.00,-0.60,0.00,10.86,-2.98,-0.70,-0.03
1904.19,0.00,252.60,0.00,1693.33,-12.64,244.54,-0.10,42.26,0.00,-1.52,0.00,7.79,4.19,0.30,0.19
1923.89,0.00,251.68,0.00,1698.05,-9.60,244.99,-0.00,42.26,0.00,-2.35,0.00,10.17,7.30,1.31,0.18
1948.27,0.00,250.03,0.00,1704.81,-5.56,246.00,0.07,42.26,0.00,-3.24,0.00,14.35,7.57,2.30,0.10
1971.69,0.00,248.02,0.00,1714.54,-2.03,247.70,0.09,42.26,0.00,-3.93,0.00,17.77,4.43,3.23,-0.04
1993.14,0.00,246.41,0.00,1723.67,-0.73,249.38,0.05,42.26,0.00,-2.59,0.00,20.55,1.28,3.83,-0.11
2011.05,0.00,245.54,0.00,1735.34,-1.24,251.00,-0.01,42.26,0.00,-1.62,0.00,23.32,-2.89,2.46,-0.13
2032.39,0.00,245.01,0.00,1748.66,-3.15,251.94,-0.06,42.26,0.00,-0.57,0.00,27.36,-4.23,1.30,-0.07
2055.49,0.00,245.03,0.00,1763.13,-4.66,252.30,-0.07,42.26,0.00,0.52,0.00,29.85,-1.80,0.27,0.04
2079.06,0.00,245.66,0.00,1778.48,-4.57,252.17,-0.03,42.26,0.00,1.60,0.00,32.16,1.99,-0.72,0.11
2098.63,0.00,246.61,0.00,1796.87,-2.04,251.45,0.03,42.26,0.00,2.42,0.00,34.25,6.71,-1.77,0.12
2119.06,0.00,247.98,0.00,1813.58,1.38,250.42,0.07,42.26,0.00,3.17,0.00,37.31,7.81,-2.57,0.07
2138.07,0.00,249.56,0.00,1832.42,4.57,248.95,0.08,42.26,0.00,3.75,0.00,39.31,5.18,-3.31,-0.04
2158.65,0.00,251.53,0.00,1852.60,6.05,247.64,0.04,42.26,0.00,4.27,0.00,41.32,0.98,-2.09,-0.10
2178.05,0.00,253.15,0.00,1874.02,5.19,246.90,-0.01,42.26,0.00,2.98,0.00,42.96,-3.94,-0.99,-0.11
2198.83,0.00,254.30,0.00,1894.23,2.98,246.67,-0.05,42.26,0.00,1.82,0.00,45.58,-5.46,-0.07,-0.06
2222.60,0.00,254.95,0.00,1918.20,0.81,246.93,-0.05,42.26,0.00,0.64,0.00,47.11,-2.82,0.95,0.05
2242.45,0.00,255.01,0.00,1945.02,0.73,247.79,-0.01,42.26,0.00,-0.30,0.00,48.61,2.23,2.00,0.10
2267.33,0.00,254.46,0.00,1966.58,2.08,248.83,0.02,42.26,0.00,-1.45,0.00,50.81,3.72,2.73,0.06
2288.18,0.00,253.50,0.00,1992.64,4.26,250.40,0.05,42.26,0.00,-2.34,0.00,53.19,4.82,3.45,0.04
2308.72,0.00,252.15,0.00,2021.95,6.00,252.48,0.04,42.26,0.00,-3.10,0.00,54.17,1.42,4.09,-0.07
2327.05,0.00,250.67,0.00,2049.98,5.29,254.17,-0.01,42.26,0.00,-3.68,0.00,54.81,-3.79,2.70,-0.10
2348.67,0.00,248.62,0.00,2077.98,1.91,255.21,-0.06,42.26,0.00,-4.23,0.00,55.02,-8.88,1.54,-0.10
2369.03,0.00,246.95,0.00,2109.06,-3.54,255.71,-0.10,42.26,0.00,-2.90,0.00,56.96,-10.41,0.39,-0.05
2386.71,0.00,245.97,0.00,2138.54,-8.03,255.62,-0.09,42.26,0.00,-1.91,0.00,57.55,-6.93,-0.64,0.06
2403.25,0.00,245.40,0.00,2170.75,-10.06,254.94,-0.05,42.26,0.00,-1.07,0.00,58.14,-0.77,-1.71,0.10
2423.72,0.00,245.15,0.00,2198.42,-8.96,253.90,0.00,42.26,0.00,-0.09,0.00,58.18,4.77,-2.53,0.11
2445.68,0.00,245.40,0.00,2223.66,-5.79,252.64,0.05,42.26,0.00,0.94,0.00,57.92,9.30,-3.20,0.11
2466.32,0.00,246.11,0.00,2255.46,0.83,250.66,0.11,42.26,0.00,1.86,0.00,57.38,14.08,-3.90,0.10
2489.93,0.00,247.44,0.00,2283.02,6.95,248.66,0.12,42.26,0.00,2.80,0.00,57.72,11.35,-4.38,-0.03
2512.42,0.00,249.16,0.00,2316.83,11.79,246.65,0.09,42.26,0.00,3.56,0.00,58.53,5.56,-2.76,-0.10
2533.55,0.00,251.10,0.00,2344.51,13.02,245.64,0.04,42.26,0.00,4.13,0.00,58.91,0.19,-1.67,-0.10
2552.84,0.00,252.66,0.00,2371.54,11.16,245.10,-0.02,42.26,0.00,2.87,0.00,53.77,-7.11,-0.67,-0.13
2571.49,0.00,253.67,0.00,2400.92,6.78,245.06,-0.06,42.26,0.00,1.84,0.00,55.62,-8.75,0.41,-0.05
2595.21,0.00,254.33,0.00,2429.21,3.09,245.55,-0.07,42.26,0.00,0.66,0.00,56.17,-5.72,1.40,0.05
2614.32,0.00,254.41,0.00,2454.53,1.57,246.38,-0.03,42.26,0.00,-0.25,0.00,56.67,-1.37,2.21,0.09
2635.47,0.00,254.01,0.00,2489.56,1.55,248.05,0.01,42.26,0.00,-1.24,0.00,58.79,0.81,3.17,0.04
2657.36,0.00,253.09,0.00,2518.84,2.24,249.78,0.02,42.26,0.00,-2.18,0.00,60.30,1.87,3.80,0.03
2676.10,0.00,251.95,0.00,2550.52,3.46,251.91,0.04,42.26,0.00,-2.90,0.00,61.71,2.72,4.34,0.02
2698.45,0.00,250.19,0.00,2579.68,5.79,253.66,0.06,42.26,0.00,-3.63,0.00,57.22,6.61,2.95,0.08
2716.26,0.00,248.55,0.00,2602.36,9.33,254.65,0.10,42.26,0.00,-4.11,0.00,53.51,10.23,1.98,0.10
2737.82,0.00,246.85,0.00,2624.56,14.58,255.28,0.15,42.26,0.00,-2.72,0.00,49.63,13.62,1.05,0.10
2760.55,0.00,245.76,0.00,2648.28,22.35,255.52,0.20,42.26,0.00,-1.50,0.00,45.21,16.86,0.03,0.11
2782.15,0.00,245.29,0.00,2666.88,30.16,255.34,0.24,42.26,0.00,-0.44,0.00,41.52,19.08,-0.82,0.11
2805.58,0.00,245.39,0.00,2686.99,40.57,254.63,0.30,42.26,0.00,0.67,0.00,37.25,21.17,-1.80,0.11
2826.25,0.00,245.97,0.00,2703.07,50.62,253.61,0.35,42.26,0.00,1.61,0.00,33.56,22.62,-2.59,0.11
2846.77,0.00,246.98,0.00,2718.70,62.22,252.11,0.41,42.26,0.00,2.46,0.00,29.65,23.81,-3.33,0.12
2869.27,0.00,248.54,0.00,2733.11,71.36,250.27,0.39,42.26,0.00,3.27,0.00,28.31,13.41,-3.94,-0.16
2895.08,0.00,250.80,0.00,2747.76,75.04,248.60,0.29,42.26,0.00,4.02,0.00,26.75,1.70,-2.54,-0.21
2920.42,0.00,252.67,0.00,2759.27,73.53,247.70,0.19,42.26,0.00,2.44,0.00,23.61,-7.13,-1.51,-0.23
2944.66,0.00,253.66,0.00,2769.56,68.16,247.24,0.08,42.26,0.00,1.17,0.00,18.80,-13.79,-0.50,-0.23
2966.49,0.00,253.96,0.00,2777.34,60.16,247.26,-0.03,42.26,0.00,0.12,0.00,13.16,-17.88,0.49,-0.24
2987.99,0.00,253.74,0.00,2781.81,52.04,247.67,-0.13,42.26,0.00,-0.89,0.00,8.16,-19.65,1.33,-0.24
3000.00,0.00,253.05,0.00,2784.43,41.95,248.60,-0.25,42.26,0.00,-1.81,0.00,2.72,-20.00,2.25,-0.24
3000.00,0.00,252.15,0.00,2784.66,33.76,249.70,-0.35,42.26,0.00,-2.52,0.00,-1.21,-19.29,2.92,-0.23
3000.00,0.00,250.56,0.00,2782.53,23.54,251.56,-0.48,42.26,0.00,-3.32,0.00,-5.94,-17.59,3.68,-0.23
3000.00,0.00,248.41,0.00,2778.67,15.45,253.02,-0.59,42.26,0.00,-4.02,0.00,-9.29,-15.31,2.41,-0.23
3000.00,0.00,246.97,0.00,2773.09,5.26,254.08,-0.73,42.26,0.00,-2.86,0.00,-7.64,-15.46,0.95,-0.20
3000.00,0.00,245.87,0.00,2769.88,-0.56,254.28,-0.79,42.26,0.00,-1.71,0.00,-5.73,-9.41,-0.03,-0.02
3000.00,0.00,245.30,0.00,2767.29,-4.08,253.89,-0.75,42.26,0.00,-0.62,0.00,-3.51,-3.49,-1.18,0.15
3000.00,0.00,245.25,0.00,2765.95,-4.58,253.12,-0.67,42.26,0.00,0.29,0.00,-2.46,0.88,-2.05,0.22
3000.00,0.00,245.72,0.00,2764.73,-2.77,251.79,-0.55,42.26,0.00,1.35,0.00,-2.42,5.55,-2.91,0.23
3000.00,0.00,246.59,0.00,2763.47,0.50,250.35,-0.45,42.26,0.00,2.21,0.00,-3.32,8.87,-3.53,0.22
3000.00,0.00,247.87,0.00,2761.30,5.80,248.39,-0.34,42.26,0.00,2.99,0.00,-5.16,11.60,-4.11,0.20
3000.00,0.00,249.66,0.00,2759.58,10.61,246.62,-0.26,42.26,0.00,3.70,0.00,-3.45,11.86,-4.49,0.19
3000.00,0.00,251.58,0.00,2758.35,16.89,244.74,-0.17,42.26,0.00,4.22,0.00,-1.56,12.45,-3.01,0.19
3000.00,0.00,253.28,0.00,2757.94,21.77,243.57,-0.11,42.26,0.00,2.87,0.00,0.00,7.81,-1.83,0.04
3000.00,0.00,254.40,0.00,2757.34,24.63,242.96,-0.12,42.26,0.00,1.68,0.00,-2.19,4.41,-0.81,-0.08
3000.00,0.00,254.96,0.00,2755.24,26.07,242.86,-0.19,42.26,0.00,0.58,0.00,-4.82,1.04,0.36,-0.17
3000.00,0.00,254.99,0.00,2753.31,25.64,243.33,-0.29,42.26,0.00,-0.39,0.00,-3.04,-2.41,1.36,-0.20
3000.00,0.00,254.59,0.00,2752.06,23.10,244.43,-0.40,42.26,0.00,-1.27,0.00,-1.64,-6.16,2.38,-0.21
3000.00,0.00,253.81,0.00,2751.51,19.02,245.89,-0.51,42.26,0.00,-2.10,0.00,-0.65,-9.27,3.18,-0.20
3000.00,0.00,252.48,0.00,2752.34,14.47,247.85,-0.57,42.26,0.00,-2.94,0.00,3.40,-7.71,3.88,-0.03
3000.00,0.00,250.88,0.00,2754.22,11.75,250.04,-0.55,42.26,0.00,-3.61,0.00,3.71,-3.12,4.40,0.11
3000.00,0.00,248.68,0.00,2757.22,10.67,251.85,-0.48,42.26,0.00,-4.22,0.00,7.75,-1.26,2.97,0.17
3000.00,0.00,247.02,0.00,2762.12,10.64,253.01,-0.40,42.26,0.00,-2.89,0.00,11.39,1.01,1.80,0.18
3000.00,0.00,245.86,0.00,2767.31,11.46,253.54,-0.33,42.26,0.00,-1.67,0.00,13.98,2.84,0.94,0.17
3000.00,0.00,245.29,0.00,2776.75,12.76,253.72,-0.25,42.26,0.00,-0.52,0.00,18.33,1.80,-0.22,0.09
3000.00,0.00,245.31,0.00,2786.07,12.71,253.35,-0.24,42.26,0.00,0.49,0.00,19.78,-1.76,-1.18,-0.03
3000.00,0.00,245.84,0.00,2795.01,10.86,252.51,-0.28,42.26,0.00,1.48,0.00,16.48,-5.39,-2.10,-0.13
3000.00,0.00,246.81,0.00,2801.74,7.25,251.31,-0.35,42.26,0.00,2.36,0.00,12.31,-9.40,-2.88,-0.18
3000.00,0.00,248.12,0.00,2806.13,1.72,249.76,-0.45,42.26,0.00,3.10,0.00,6.63,-13.21,-3.54,-0.22
3000.00,0.00,249.78,0.00,2807.07,-6.69,247.59,-0.59,42.26,0.00,3.74,0.00,-2.39,-16.22,-4.17,-0.27
3000.00,0.00,251.85,0.00,2805.92,-13.37,245.80,-0.66,42.26,0.00,4.28,0.00,-1.74,-9.75,-2.71,-0.03
3000.00,0.00,253.60,0.00,2805.49,-15.69,244.72,-0.61,42.26,0.00,2.88,0.00,-0.17,-0.03,-1.49,0.24
3000.00,0.00,254.74,0.00,2805.39,-13.55,244.27,-0.48,42.26,0.00,1.67,0.00,-0.63,8.05,-0.50,0.31
3000.00,0.00,255.29,0.00,2804.31,-7.60,244.29,-0.32,42.26,0.00,0.62,0.00,-3.83,14.81,0.50,0.29
3000.00,0.00,255.32,0.00,2802.60,-0.13,244.83,-0.20,42.26,0.00,-0.38,0.00,-2.89,14.59,1.49,0.21
3000.00,0.00,254.73,0.00,2801.46,7.41,245.87,-0.09,42.26,0.00,-1.52,0.00,-1.60,14.46,2.42,0.20
3000.00,0.00,253.90,0.00,2801.04,14.83,247.34,0.01,42.26,0.00,-2.29,0.00,-0.20,14.53,3.21,0.20
3000.00,0.00,252.85,0.00,2799.71,20.23,249.30,0.05,42.26,0.00,-2.92,0.00,-3.99,6.50,3.90,-0.06
3000.00,0.00,251.05,0.00,2796.61,21.89,251.59,-0.03,42.26,0.00,-3.66,0.00,-7.17,0.47,4.43,-0.22
3000.00,0.00,249.32,0.00,2791.63,20.86,253.52,-0.15,42.26,0.00,-4.15,0.00,-11.03,-3.66,2.91,-0.23
3000.00,0.00,247.77,0.00,2784.77,18.35,254.68,-0.27,42.26,0.00,-2.91,0.00,-14.90,-5.49,1.69,-0.21
