-2500.00,0.00,0.00,0.00,-2677.34,-797.85,6.46,2.46,0.00,0.00,0.00,0.00,0.00,0.00,0.00,0.00
-2499.59,0.00,0.29,0.00,-2676.17,-797.43,6.22,2.43,1.45,0.00,1.03,0.00,4.58,1.57,-0.93,-0.15
-2498.60,0.00,0.99,0.00,-2672.46,-796.42,5.48,2.33,2.73,0.00,1.89,0.00,9.46,2.06,-1.89,-0.22
-2496.99,0.00,2.08,0.00,-2665.89,-795.61,4.16,2.21,4.03,0.00,2.68,0.00,13.87,0.74,-2.81,-0.22
-2494.73,0.00,3.53,0.00,-2658.63,-795.83,2.65,2.11,5.35,0.00,3.38,0.00,16.48,-1.57,-3.48,-0.21
-2492.35,0.00,5.00,0.00,-2649.20,-797.65,1.18,2.00,6.44,0.00,3.87,0.00,18.12,-4.91,-2.14,-0.20
-2488.26,0.00,7.35,0.00,-2640.84,-800.63,0.46,1.91,7.97,0.00,4.43,0.00,18.51,-7.92,-1.15,-0.19
-2483.65,0.00,9.80,0.00,-2632.81,-804.78,0.17,1.83,9.39,0.00,4.82,0.00,18.20,-10.76,-0.26,-0.18
-2478.43,0.00,12.37,0.00,-2625.86,-808.67,0.24,1.76,10.74,0.00,5.11,0.00,16.71,-8.83,0.54,-0.17
-2472.73,0.00,14.97,0.00,-2618.00,-812.34,0.77,1.68,12.04,0.00,5.31,0.00,15.48,-6.31,1.49,-0.18
-2467.25,0.00,17.31,0.00,-2609.97,-814.88,1.85,1.58,13.15,0.00,5.44,0.00,14.84,-3.50,2.44,-0.19
-2460.73,0.00,19.90,0.00,-2602.19,-815.90,3.37,1.48,14.33,0.00,5.55,0.00,14.93,-0.71,3.25,-0.20
-2452.28,0.00,23.04,0.00,-2594.87,-814.87,5.27,1.39,15.70,0.00,5.64,0.00,13.43,4.29,3.90,-0.12
-2444.97,0.00,25.59,0.00,-2588.93,-811.39,7.44,1.36,16.77,0.00,5.69,0.00,10.03,8.82,4.42,0.01
-2436.36,0.00,28.41,0.00,-2585.55,-807.24,9.20,1.38,17.93,0.00,5.73,0.00,7.78,12.42,4.72,0.08
-2428.25,0.00,30.94,0.00,-2582.59,-800.05,11.56,1.43,18.92,0.00,5.76,0.00,4.69,16.89,5.01,0.13
-2418.79,0.00,33.73,0.00,-2581.20,-788.97,14.48,1.51,19.99,0.00,5.78,0.00,0.52,21.66,5.27,0.14
-2409.09,0.00,36.46,0.00,-2580.55,-778.19,16.94,1.55,21.01,0.00,5.79,0.00,2.31,24.95,5.42,0.01
-2397.64,0.00,39.54,0.00,-2578.50,-764.45,19.75,1.53,22.11,0.00,5.81,0.00,5.55,28.31,5.54,-0.08
-2386.23,0.00,42.46,0.00,-2574.87,-750.19,22.42,1.48,23.11,0.00,5.81,0.00,9.32,30.92,5.62,-0.12
-2375.48,0.00,45.11,0.00,-2567.92,-731.25,25.73,1.41,23.99,0.00,5.82,0.00,13.91,33.47,5.69,-0.12
-2364.43,0.00,47.74,0.00,-2560.84,-713.91,28.52,1.36,24.84,0.00,5.82,0.00,15.00,37.32,5.73,-0.06
-2350.81,0.00,50.87,0.00,-2554.51,-697.89,30.88,1.34,25.80,0.00,5.83,0.00,15.78,40.49,5.76,-0.04
-2338.22,0.00,53.66,0.00,-2545.31,-673.83,34.12,1.32,26.63,0.00,5.83,0.00,16.83,44.58,5.78,-0.03
-2321.59,0.00,57.23,0.00,-2536.69,-650.74,37.00,1.31,27.64,0.00,5.83,0.00,17.76,47.91,5.80,-0.02
-2308.63,0.00,59.92,0.00,-2528.38,-628.18,39.65,1.30,28.37,0.00,5.83,0.00,18.59,50.69,5.81,-0.02
-2291.86,0.00,63.31,0.00,-2518.77,-601.87,42.57,1.29,29.24,0.00,5.83,0.00,19.47,53.48,5.81,-0.02
-2278.34,0.00,65.97,0.00,-2508.55,-573.74,45.55,1.28,29.89,0.00,5.83,0.00,20.33,56.03,5.82,-0.01
-2261.32,0.00,69.25,0.00,-2497.18,-542.36,48.74,1.27,30.66,0.00,5.83,0.00,21.18,58.43,5.82,-0.01
-2246.85,0.00,71.97,0.00,-2484.30,-510.30,51.96,1.24,31.27,0.00,5.83,0.00,25.36,57.61,5.83,-0.09
-2232.68,0.00,74.59,0.00,-2471.77,-484.40,54.61,1.20,31.83,0.00,5.83,0.00,29.27,56.36,5.83,-0.10
-2213.27,0.00,78.10,0.00,-2459.25,-461.91,56.96,1.16,32.54,0.00,5.83,0.00,32.40,55.10,5.83,-0.10
-2197.11,0.00,80.97,0.00,-2440.95,-433.18,60.06,1.11,33.08,0.00,5.83,0.00,36.05,53.29,5.83,-0.10
-2184.17,0.00,83.24,0.00,-2420.63,-405.14,63.19,1.06,33.50,0.00,5.83,0.00,39.28,51.36,5.83,-0.10
-2166.49,0.00,86.29,0.00,-2399.46,-377.54,66.28,1.02,34.03,0.00,5.83,0.00,40.23,52.51,5.83,-0.04
-2148.46,0.00,89.35,0.00,-2379.92,-351.97,69.09,1.00,34.53,0.00,5.83,0.00,40.87,53.60,5.83,-0.03
-2127.97,0.00,92.78,0.00,-2353.48,-319.68,72.71,0.96,35.07,0.00,5.83,0.00,44.28,50.63,5.83,-0.09
-2113.69,0.00,95.15,0.00,-2331.06,-295.69,75.56,0.92,35.41,0.00,5.83,0.00,47.08,47.75,5.83,-0.10
-2098.05,0.00,97.71,0.00,-2312.52,-277.83,77.80,0.88,35.77,0.00,5.83,0.00,49.06,45.37,5.83,-0.10
-2079.12,0.00,100.78,0.00,-2289.30,-257.60,80.50,0.83,36.18,0.00,5.83,0.00,51.19,42.43,5.83,-0.10
-2060.53,0.00,103.76,0.00,-2264.70,-238.38,83.25,0.79,36.55,0.00,5.83,0.00,53.04,39.51,5.83,-0.10
-2043.09,0.00,106.53,0.00,-2240.66,-221.46,85.85,0.74,36.88,0.00,5.83,0.00,54.60,36.64,5.83,-0.10
-2025.76,0.00,109.25,0.00,-2211.79,-203.41,88.88,0.69,37.18,0.00,5.83,0.00,56.23,33.15,5.83,-0.10
-2008.78,0.00,111.91,0.00,-2183.44,-187.88,91.78,0.63,37.46,0.00,5.83,0.00,57.57,29.62,5.83,-0.11
-1985.30,0.00,115.54,0.00,-2154.90,-174.62,94.74,0.58,37.82,0.00,5.83,0.00,55.08,23.35,5.83,-0.11
-1962.74,0.00,119.01,0.00,-2132.08,-165.92,97.21,0.53,38.14,0.00,5.83,0.00,52.94,18.29,5.83,-0.12
-1945.45,0.00,121.64,0.00,-2106.87,-158.49,100.07,0.47,38.37,0.00,5.83,0.00,50.32,12.72,5.83,-0.12
-1926.19,0.00,124.56,0.00,-2080.97,-153.40,103.17,0.40,38.61,0.00,5.83,0.00,47.22,7.06,5.83,-0.13
-1908.26,0.00,127.26,0.00,-2059.60,-151.29,105.91,0.34,38.82,0.00,5.83,0.00,44.28,2.47,5.83,-0.14
-1887.77,0.00,130.33,0.00,-2040.15,-151.19,108.57,0.28,39.05,0.00,5.83,0.00,41.24,-1.56,5.83,-0.14
-1868.71,0.00,133.17,0.00,-2020.78,-152.99,111.44,0.21,39.24,0.00,5.83,0.00,37.84,-5.31,5.83,-0.14
-1847.02,0.00,136.38,0.00,-2001.69,-156.84,114.55,0.13,39.45,0.00,5.83,0.00,34.09,-8.70,5.83,-0.14
-1831.36,0.00,138.69,0.00,-1985.48,-161.93,117.49,0.06,39.59,0.00,5.83,0.00,30.62,-11.22,5.83,-0.14
-1810.77,0.00,141.72,0.00,-1972.69,-166.88,119.88,0.00,39.76,0.00,5.83,0.00,31.51,-12.73,5.83,-0.14
-1783.71,0.00,145.68,0.00,-1954.21,-174.78,123.23,-0.07,39.97,0.00,5.83,0.00,32.81,-14.70,5.83,-0.13
-1769.52,0.00,147.75,0.00,-1938.08,-180.86,126.01,-0.10,40.07,0.00,5.83,0.00,34.71,-11.10,5.83,0.01
-1748.17,0.00,150.85,0.00,-1920.62,-185.12,128.85,-0.08,40.22,0.00,5.83,0.00,36.92,-6.71,5.83,0.09
-1730.24,0.00,153.44,0.00,-1900.53,-187.08,131.92,-0.02,40.33,0.00,5.83,0.00,39.00,-1.21,5.83,0.12
-1713.36,0.00,155.88,0.00,-1883.06,-186.46,134.49,0.04,40.43,0.00,5.83,0.00,40.27,3.55,5.83,0.12
-1690.77,0.00,159.13,0.00,-1859.35,-182.48,137.87,0.11,40.56,0.00,5.83,0.00,41.34,9.51,5.83,0.12
-1668.25,0.00,162.37,0.00,-1838.34,-177.34,140.73,0.15,40.68,0.00,5.83,0.00,43.92,11.11,5.83,0.06
-1646.04,0.00,165.55,0.00,-1814.07,-172.11,143.89,0.15,40.79,0.00,5.83,0.00,45.73,8.15,5.83,-0.06
-1626.81,0.00,168.29,0.00,-1789.40,-169.20,146.96,0.10,40.88,0.00,5.83,0.00,47.50,3.14,5.83,-0.11
-1608.72,0.00,170.87,0.00,-1766.61,-169.00,149.72,0.05,40.96,0.00,5.83,0.00,48.65,-1.81,5.83,-0.11
-1588.55,0.00,173.74,0.00,-1741.44,-171.34,152.71,-0.01,41.04,0.00,5.83,0.00,49.43,-6.74,5.83,-0.11
-1570.69,0.00,176.28,0.00,-1718.41,-174.70,155.37,-0.04,41.10,0.00,5.83,0.00,51.43,-7.76,5.83,-0.06
-1548.28,0.00,179.45,0.00,-1694.73,-177.63,158.04,-0.05,41.18,0.00,5.83,0.00,52.22,-5.04,5.83,0.04
-1527.61,0.00,182.38,0.00,-1666.87,-178.86,161.12,-0.01,41.25,0.00,5.83,0.00,53.06,0.14,5.83,0.10
-1508.80,0.00,185.04,0.00,-1640.70,-177.31,163.98,0.05,41.31,0.00,5.83,0.00,53.41,5.61,5.83,0.11
-1483.11,0.00,188.66,0.00,-1610.09,-172.23,167.33,0.11,41.39,0.00,5.83,0.00,53.36,11.44,5.83,0.11
-1462.91,0.00,191.50,0.00,-1585.41,-167.40,170.01,0.12,41.44,0.00,5.83,0.00,53.93,9.38,5.83,-0.02
-1441.79,0.00,194.47,0.00,-1557.92,-164.05,173.10,0.09,41.49,0.00,5.83,0.00,50.22,3.50,5.83,-0.10
-1419.97,0.00,197.54,0.00,-1535.53,-164.01,175.80,0.03,41.55,0.00,5.83,0.00,46.73,-2.66,5.83,-0.13
-1400.46,0.00,200.28,0.00,-1511.27,-167.42,179.00,-0.04,41.59,0.00,5.83,0.00,42.26,-8.92,5.83,-0.13
-1377.68,0.00,203.47,0.00,-1492.48,-172.67,181.73,-0.10,41.64,0.00,5.83,0.00,38.36,-12.94,5.83,-0.13
-1353.63,0.00,206.84,0.00,-1473.91,-178.20,184.49,-0.12,41.68,0.00,5.83,0.00,39.94,-10.45,5.83,0.00
-1334.23,0.00,209.55,0.00,-1455.90,-181.92,187.21,-0.10,41.72,0.00,5.83,0.00,37.62,-5.80,5.83,0.10
-1313.01,0.00,212.52,0.00,-1437.15,-183.20,190.24,-0.04,41.75,0.00,5.83,0.00,34.85,0.30,5.83,0.13
-1292.02,0.00,215.45,0.00,-1418.98,-181.18,193.45,0.03,41.78,0.00,5.83,0.00,31.47,6.28,5.83,0.14
-1270.92,0.00,218.39,0.00,-1405.08,-177.49,195.98,0.09,41.82,0.00,5.83,0.00,32.45,10.27,5.83,0.13
-1270.92,0.00,218.39,0.00,-1369.50,-167.47,201.86,0.14,41.82,0.00,5.83,0.00,37.45,7.59,5.83,-0.06
-1230.04,0.00,224.09,0.00,-1369.50,-167.47,201.86,0.14,41.87,0.00,5.83,0.00,37.45,7.59,5.83,-0.06
-1213.42,0.00,226.40,0.00,-1351.47,-165.02,204.59,0.10,41.89,0.00,5.83,0.00,39.37,3.15,5.83,-0.11
-1191.04,0.00,229.52,0.00,-1329.81,-165.04,207.72,0.03,41.92,0.00,5.83,0.00,41.02,-2.65,5.83,-0.12
-1170.54,0.00,232.37,0.00,-1307.62,-168.03,210.83,-0.03,41.94,0.00,5.83,0.00,42.07,-7.96,5.83,-0.12
-1147.74,0.00,235.54,0.00,-1288.32,-172.61,213.49,-0.09,41.96,0.00,5.83,0.00,42.70,-11.74,5.83,-0.12
-1126.88,0.00,238.44,0.00,-1265.35,-178.10,216.57,-0.11,41.98,0.00,5.83,0.00,44.24,-9.02,5.83,0.02
-1107.59,0.00,241.12,0.00,-1240.85,-181.57,219.73,-0.07,42.00,0.00,5.83,0.00,45.96,-3.99,5.83,0.10
-1086.57,0.00,244.04,0.00,-1220.31,-182.12,222.30,-0.02,42.01,0.00,5.83,0.00,46.96,1.07,5.83,0.12
-1066.49,0.00,246.83,0.00,-1197.92,-180.22,225.06,0.03,42.03,0.00,5.83,0.00,47.58,6.37,5.83,0.12
-1047.78,0.00,249.42,0.00,-1170.47,-174.76,228.41,0.10,42.04,0.00,5.83,0.00,47.88,11.92,5.83,0.11
-1023.07,0.00,252.85,0.00,-1146.16,-168.51,231.30,0.14,42.06,0.00,5.83,0.00,49.96,13.01,5.83,0.05
-1005.78,0.00,254.90,0.00,-1121.85,-163.12,234.12,0.14,42.07,0.00,4.37,0.00,50.91,9.39,5.83,-0.06
-985.18,0.00,256.66,0.00,-1096.89,-160.25,237.09,0.08,42.08,0.00,2.98,0.00,47.38,2.41,5.83,-0.12
-963.75,0.00,257.83,0.00,-1070.20,-161.68,240.56,0.00,42.09,0.00,1.79,0.00,42.53,-6.14,5.83,-0.14
-940.22,0.00,258.47,0.00,-1048.62,-167.03,243.73,-0.08,42.10,0.00,0.61,0.00,37.34,-12.62,5.83,-0.15
-920.62,0.00,258.51,0.00,-1029.59,-175.14,246.93,-0.15,42.11,0.00,-0.32,0.00,32.58,-16.37,5.83,-0.14
-902.89,0.00,258.19,0.00,-1013.13,-182.45,250.01,-0.18,42.12,0.00,-1.15,0.00,30.17,-11.61,5.83,0.03
-880.64,0.00,257.29,0.00,-999.06,-186.69,252.82,-0.15,42.13,0.00,-2.12,0.00,28.50,-6.45,5.83,0.12
-858.47,0.00,255.92,0.00,-986.68,-188.34,255.44,-0.09,42.14,0.00,-2.98,0.00,26.75,-1.40,5.83,0.14
-839.52,0.00,254.43,0.00,-976.01,-187.83,257.87,-0.03,42.15,0.00,-3.59,0.00,24.64,3.31,5.83,0.15
-818.44,0.00,252.47,0.00,-963.78,-184.60,260.40,0.06,42.16,0.00,-4.16,0.00,21.59,8.19,3.99,0.15
-795.69,0.00,250.08,0.00,-950.47,-178.31,262.24,0.14,42.16,0.00,-4.63,0.00,23.21,12.56,2.43,0.14
-772.51,0.00,247.42,0.00,-940.16,-173.45,263.05,0.18,42.17,0.00,-4.98,0.00,25.34,10.54,1.49,0.02
-750.18,0.00,245.27,0.00,-925.89,-168.85,263.51,0.16,42.18,0.00,-3.36,0.00,28.35,7.04,0.39,-0.09
-728.59,0.00,243.92,0.00,-909.37,-166.40,263.40,0.10,42.18,0.00,-2.10,0.00,31.29,2.20,-0.70,-0.13
-710.59,0.00,243.24,0.00,-893.62,-166.56,262.80,0.04,42.19,0.00,-1.18,0.00,33.39,-2.43,-1.64,-0.13
-687.96,0.00,242.93,0.00,-878.50,-168.61,261.89,-0.02,42.19,0.00,-0.09,0.00,34.89,-6.41,-2.41,-0.13
-666.64,0.00,243.17,0.00,-861.26,-171.94,260.55,-0.06,42.20,0.00,0.92,0.00,37.87,-7.50,-3.15,-0.07
-646.27,0.00,243.86,0.00,-842.45,-174.96,258.86,-0.07,42.20,0.00,1.83,0.00,39.73,-4.97,-3.78,0.04
-622.73,0.00,245.17,0.00,-824.74,-176.30,257.10,-0.04,42.20,0.00,2.78,0.00,41.38,-1.37,-4.24,0.10
-603.13,0.00,246.64,0.00,-805.46,-175.82,255.06,0.01,42.21,0.00,3.44,0.00,42.81,3.07,-4.63,0.11
-579.78,0.00,248.75,0.00,-780.79,-173.50,252.39,0.05,42.21,0.00,4.09,0.00,45.96,4.92,-4.99,0.05
-555.34,0.00,251.29,0.00,-753.77,-171.53,249.42,0.05,42.22,0.00,4.61,0.00,47.58,1.74,-5.25,-0.06
-536.52,0.00,253.01,0.00,-727.06,-172.09,247.07,0.00,42.22,0.00,3.30,0.00,48.86,-3.43,-3.50,-0.10
-516.74,0.00,254.25,0.00,-701.59,-174.33,245.66,-0.03,42.22,0.00,2.14,0.00,51.30,-5.05,-2.23,-0.05
-497.96,0.00,254.96,0.00,-675.57,-176.21,244.85,-0.04,42.22,0.00,1.18,0.00,52.25,-2.29,-1.14,0.05
-475.48,0.00,255.27,0.00,-643.25,-175.69,244.57,0.01,42.23,0.00,0.09,0.00,53.15,3.63,0.10,0.10
-455.43,0.00,255.07,0.00,-612.25,-172.93,244.98,0.05,42.23,0.00,-0.85,0.00,55.45,5.62,1.23,0.05
-431.07,0.00,254.23,0.00,-581.47,-170.67,245.97,0.05,42.23,0.00,-1.94,0.00,56.16,2.37,2.24,-0.06
-410.65,0.00,253.07,0.00,-556.05,-170.69,247.16,0.01,42.23,0.00,-2.75,0.00,56.60,-2.14,2.96,-0.10
-391.97,0.00,251.70,0.00,-526.05,-173.40,248.94,-0.04,42.23,0.00,-3.39,0.00,56.73,-7.51,3.68,-0.10
-371.69,0.00,249.91,0.00,-496.94,-176.77,250.99,-0.06,42.24,0.00,-3.97,0.00,57.13,-5.37,4.23,0.03
-348.31,0.00,248.17,0.00,-467.64,-178.24,252.74,-0.02,42.24,0.00,-2.51,0.00,57.58,-0.55,2.83,0.09
-322.47,0.00,247.10,0.00,-442.39,-177.30,253.73,0.02,42.24,0.00,-1.15,0.00,57.69,4.33,1.80,0.10
-300.50,0.00,246.80,0.00,-411.19,-173.18,254.36,0.08,42.24,0.00,-0.10,0.00,57.27,10.17,0.66,0.11
-279.02,0.00,247.04,0.00,-374.71,-167.61,254.34,0.09,42.24,0.00,0.91,0.00,57.72,6.94,-0.61,-0.05
-256.77,0.00,247.81,0.00,-348.08,-165.75,253.80,0.05,42.24,0.00,1.91,0.00,53.90,1.20,-1.53,-0.11
-234.64,0.00,249.07,0.00,-322.78,-166.91,252.81,-0.01,42.25,0.00,2.79,0.00,49.70,-5.17,-2.41,-0.12
-213.07,0.00,250.70,0.00,-297.12,-173.29,251.16,-0.10,42.25,0.00,3.51,0.00,41.38,-15.84,-3.27,-0.19
-190.47,0.00,252.18,0.00,-274.85,-180.83,249.81,-0.14,42.25,0.00,2.18,0.00,42.79,-12.65,-1.99,0.00
-167.39,0.00,253.01,0.00,-254.68,-185.31,249.13,-0.11,42.25,0.00,0.99,0.00,39.86,-6.06,-0.94,0.12
-148.31,0.00,253.23,0.00,-232.10,-184.57,248.97,-0.00,42.25,0.00,0.08,0.00,33.70,7.02,0.30,0.20
-126.21,0.00,252.97,0.00,-216.51,-179.39,249.39,0.09,42.25,0.00,-0.96,0.00,29.18,12.81,1.28,0.17
-101.00,0.00,252.03,0.00,-203.89,-173.22,250.13,0.15,42.25,0.00,-2.07,0.00,29.74,15.66,2.07,0.14
-76.34,0.00,250.51,0.00,-188.34,-166.19,251.40,0.18,42.25,0.00,-3.02,0.00,31.94,12.47,2.90,-0.01
-54.89,0.00,248.78,0.00,-172.18,-161.40,252.56,0.15,42.25,0.00,-3.70,0.00,29.82,6.26,1.67,-0.12
-32.78,0.00,247.24,0.00,-156.61,-160.07,253.13,0.07,42.25,0.00,-2.36,0.00,27.26,-0.69,0.53,-0.15
-9.93,0.00,246.32,0.00,-142.94,-162.18,253.10,-0.01,42.25,0.00,-1.17,0.00,24.23,-6.47,-0.53,-0.16
11.89,0.00,246.02,0.00,-131.60,-166.10,252.64,-0.08,42.25,0.00,-0.12,0.00,25.44,-10.31,-1.42,-0.15
34.21,0.00,246.26,0.00,-119.69,-171.59,251.78,-0.15,42.26,0.00,0.93,0.00,26.61,-13.39,-2.24,-0.14
57.02,0.00,247.07,0.00,-105.41,-177.69,250.40,-0.18,42.26,0.00,1.95,0.00,29.07,-10.63,-3.06,0.01
76.52,0.00,248.17,0.00,-89.76,-182.06,248.64,-0.15,42.26,0.00,2.72,0.00,31.83,-6.66,-3.74,0.10
95.45,0.00,249.55,0.00,-72.63,-184.10,246.55,-0.09,42.26,0.00,3.38,0.00,34.33,-1.65,-4.28,0.13
117.24,0.00,251.47,0.00,-56.17,-183.66,244.90,-0.03,42.26,0.00,4.00,0.00,36.08,3.07,-2.98,0.13
140.20,0.00,253.20,0.00,-36.41,-180.53,243.68,0.04,42.26,0.00,2.55,0.00,37.57,8.04,-1.72,0.12
161.46,0.00,254.17,0.00,-17.29,-175.40,243.11,0.10,42.26,0.00,1.42,0.00,38.63,11.97,-0.67,0.12
182.67,0.00,254.59,0.00,4.20,-169.67,243.07,0.12,42.26,0.00,0.39,0.00,40.58,9.19,0.41,-0.02
203.46,0.00,254.52,0.00,23.84,-166.33,243.51,0.09,42.26,0.00,-0.59,0.00,42.45,5.18,1.34,-0.10
221.37,0.00,254.07,0.00,43.91,-165.13,244.35,0.04,42.26,0.00,-1.42,0.00,43.99,0.40,2.18,-0.11
248.47,0.00,252.76,0.00,65.03,-166.23,245.58,-0.01,42.26,0.00,-2.55,0.00,45.12,-4.55,2.95,-0.11
270.01,0.00,251.23,0.00,89.55,-170.19,247.39,-0.07,42.26,0.00,-3.32,0.00,45.97,-9.60,3.68,-0.11
291.73,0.00,249.34,0.00,112.29,-175.17,249.30,-0.11,42.26,0.00,-3.95,0.00,48.25,-10.80,4.20,-0.06
308.24,0.00,248.03,0.00,136.92,-179.84,251.54,-0.11,42.26,0.00,-2.89,0.00,49.53,-7.68,4.64,0.06
327.63,0.00,246.98,0.00,162.62,-182.37,253.48,-0.07,42.26,0.00,-1.82,0.00,50.82,-2.53,3.14,0.10
353.51,0.00,246.31,0.00,188.30,-182.09,254.71,-0.01,42.26,0.00,-0.53,0.00,51.62,3.08,1.94,0.11
377.12,0.00,246.36,0.00,213.46,-179.25,255.38,0.04,42.26,0.00,0.59,0.00,51.99,8.05,0.91,0.11
397.82,0.00,246.90,0.00,236.87,-174.64,255.56,0.09,42.26,0.00,1.53,0.00,52.10,11.97,-0.00,0.11
415.29,0.00,247.70,0.00,263.96,-169.10,255.27,0.11,42.26,0.00,2.27,0.00,52.96,9.35,-1.02,-0.03
435.53,0.00,249.00,0.00,289.62,-165.77,254.53,0.08,42.26,0.00,3.04,0.00,53.90,4.77,-1.92,-0.09
456.03,0.00,250.65,0.00,315.50,-164.93,253.40,0.03,42.26,0.00,3.69,0.00,54.50,-0.76,-2.73,-0.11
477.53,0.00,252.15,0.00,340.02,-166.54,252.01,-0.02,42.26,0.00,2.38,0.00,54.65,-5.87,-3.38,-0.11
501.46,0.00,253.10,0.00,365.68,-170.54,250.73,-0.07,42.26,0.00,1.14,0.00,54.52,-10.58,-2.22,-0.11
521.89,0.00,253.39,0.00,393.35,-176.21,249.93,-0.11,42.26,0.00,0.15,0.00,56.16,-11.80,-1.13,-0.05
521.89,0.00,253.39,0.00,443.78,-182.98,249.79,-0.06,42.26,0.00,0.15,0.00,52.11,-1.42,0.72,0.13
546.90,0.00,253.10,0.00,470.38,-181.04,250.49,0.01,42.26,0.00,-1.02,0.00,46.71,7.47,1.75,0.15
567.92,0.00,252.33,0.00,491.85,-175.25,251.59,0.09,42.26,0.00,-1.95,0.00,40.54,14.86,2.60,0.17
593.34,0.00,250.82,0.00,510.70,-166.78,252.57,0.17,42.26,0.00,-2.95,0.00,35.44,18.42,1.47,0.15
614.99,0.00,249.11,0.00,530.22,-158.48,253.05,0.18,42.26,0.00,-3.65,0.00,32.22,10.62,0.28,-0.09
634.28,0.00,247.74,0.00,545.95,-155.41,252.90,0.11,42.26,0.00,-2.47,0.00,29.52,2.18,-0.74,-0.17
657.22,0.00,246.77,0.00,559.04,-156.15,252.32,0.03,42.26,0.00,-1.27,0.00,26.59,-4.52,-1.64,-0.17
677.25,0.00,246.42,0.00,571.30,-159.88,251.26,-0.05,42.26,0.00,-0.30,0.00,23.11,-9.77,-2.51,-0.17
698.89,0.00,246.56,0.00,580.98,-165.07,249.95,-0.13,42.26,0.00,0.72,0.00,20.03,-12.78,-3.20,-0.16
720.28,0.00,247.20,0.00,592.04,-172.73,248.04,-0.21,42.26,0.00,1.69,0.00,21.34,-15.64,-3.88,-0.14
743.41,0.00,248.42,0.00,603.79,-179.88,246.44,-0.24,42.26,0.00,2.64,0.00,24.14,-12.44,-2.52,0.01
764.82,0.00,249.97,0.00,617.15,-185.18,245.47,-0.21,42.26,0.00,3.39,0.00,27.33,-8.37,-1.37,0.11
783.72,0.00,251.62,0.00,629.28,-187.76,245.09,-0.15,42.26,0.00,3.93,0.00,25.96,-3.41,-0.43,0.14
803.92,0.00,253.15,0.00,645.86,-187.89,245.23,-0.07,42.26,0.00,2.66,0.00,28.85,2.41,0.77,0.14
842.58,0.00,254.60,0.00,645.86,-187.89,245.23,-0.07,42.26,0.00,0.66,0.00,28.85,2.41,0.77,0.14
861.61,0.00,254.67,0.00,664.10,-184.63,246.08,0.02,42.26,0.00,-0.24,0.00,31.05,7.73,1.92,0.14
881.33,0.00,254.32,0.00,679.70,-179.85,247.25,0.08,42.26,0.00,-1.16,0.00,32.44,11.35,2.74,0.13
902.62,0.00,253.47,0.00,696.87,-173.97,248.83,0.13,42.26,0.00,-2.09,0.00,35.62,11.96,3.47,0.07
920.64,0.00,252.41,0.00,715.92,-168.64,250.80,0.13,42.26,0.00,-2.80,0.00,37.89,8.76,4.07,-0.05
940.67,0.00,250.90,0.00,737.44,-165.28,253.19,0.09,42.26,0.00,-3.48,0.00,40.31,3.80,4.57,-0.11
959.28,0.00,249.24,0.00,760.89,-164.93,255.25,0.02,42.26,0.00,-4.00,0.00,42.25,-2.04,2.95,-0.12
980.18,0.00,247.64,0.00,782.85,-167.38,256.41,-0.04,42.26,0.00,-2.67,0.00,43.50,-7.00,1.75,-0.11
1001.95,0.00,246.60,0.00,808.08,-171.81,257.03,-0.08,42.26,0.00,-1.50,0.00,46.49,-8.49,0.58,-0.05
1021.48,0.00,246.15,0.00,828.25,-174.95,257.07,-0.09,42.26,0.00,-0.54,0.00,47.70,-6.17,-0.28,0.04
1042.55,0.00,246.15,0.00,854.76,-176.91,256.60,-0.04,42.26,0.00,0.45,0.00,49.24,-1.22,-1.35,0.10
1064.43,0.00,246.68,0.00,879.29,-176.13,255.69,0.01,42.26,0.00,1.46,0.00,50.23,3.88,-2.24,0.11
1089.24,0.00,247.88,0.00,906.45,-173.51,254.26,0.05,42.26,0.00,2.50,0.00,52.65,5.65,-3.08,0.05
1111.01,0.00,249.39,0.00,933.77,-171.30,252.48,0.05,42.26,0.00,3.28,0.00,53.58,2.81,-3.76,-0.05
1128.08,0.00,250.84,0.00,963.92,-171.33,250.20,0.00,42.26,0.00,3.80,0.00,54.39,-2.59,-4.34,-0.10
1146.03,0.00,252.18,0.00,993.76,-173.35,248.33,-0.04,42.26,0.00,2.68,0.00,56.51,-4.50,-2.84,-0.05
1168.20,0.00,253.23,0.00,1025.16,-175.02,247.15,-0.03,42.26,0.00,1.48,0.00,57.08,-1.30,-1.57,0.06
1191.03,0.00,253.70,0.00,1052.79,-174.41,246.67,0.01,42.26,0.00,0.37,0.00,57.41,3.48,-0.56,0.10
1211.58,0.00,253.62,0.00,1085.57,-171.79,246.70,0.04,42.26,0.00,-0.60,0.00,59.27,5.41,0.56,0.04
1230.02,0.00,253.15,0.00,1116.71,-169.73,247.29,0.04,42.26,0.00,-1.45,0.00,59.50,2.23,1.57,-0.06
1251.27,0.00,252.17,0.00,1147.97,-170.12,248.38,-0.00,42.26,0.00,-2.35,0.00,59.53,-3.32,2.50,-0.10
1272.23,0.00,250.79,0.00,1175.43,-172.93,249.72,-0.05,42.26,0.00,-3.13,0.00,59.21,-8.26,3.20,-0.10
1291.49,0.00,249.21,0.00,1201.19,-176.85,250.85,-0.08,42.26,0.00,-3.73,0.00,60.32,-9.64,2.15,-0.05
1314.82,0.00,247.60,0.00,1234.32,-181.01,251.67,-0.08,42.26,0.00,-2.31,0.00,60.29,-5.34,0.97,0.08
1333.95,0.00,246.80,0.00,1266.03,-180.79,251.86,-0.01,42.26,0.00,-1.31,0.00,53.89,5.18,-0.16,0.15
1355.79,0.00,246.43,0.00,1295.17,-173.93,251.38,0.09,42.26,0.00,-0.26,0.00,45.09,16.21,-1.33,0.18
1395.98,0.00,247.12,0.00,1295.17,-173.93,251.38,0.09,42.26,0.00,1.61,0.00,45.09,16.21,-1.33,0.18
1420.50,0.00,248.39,0.00,1317.98,-164.09,250.36,0.17,42.26,0.00,2.62,0.00,39.56,19.40,-2.31,0.14
1441.38,0.00,249.88,0.00,1336.47,-156.54,249.02,0.18,42.26,0.00,3.35,0.00,36.41,11.97,-3.08,-0.09
1462.13,0.00,251.70,0.00,1355.90,-152.76,247.71,0.11,42.26,0.00,3.95,0.00,33.30,2.43,-1.76,-0.17
1479.68,0.00,253.08,0.00,1372.09,-153.88,247.11,0.02,42.26,0.00,2.83,0.00,29.54,-5.72,-0.67,-0.18
1504.16,0.00,254.28,0.00,1386.16,-158.68,247.06,-0.07,42.26,0.00,1.50,0.00,25.05,-11.89,0.37,-0.18
1527.54,0.00,254.76,0.00,1396.76,-164.95,247.46,-0.15,42.26,0.00,0.36,0.00,21.43,-14.89,1.27,-0.16
1551.18,0.00,254.62,0.00,1409.43,-174.36,248.52,-0.23,42.26,0.00,-0.76,0.00,22.59,-17.60,2.31,-0.14
1572.41,0.00,253.97,0.00,1421.24,-182.10,249.87,-0.27,42.26,0.00,-1.72,0.00,25.28,-14.19,3.09,0.01
1591.45,0.00,253.00,0.00,1432.81,-187.50,251.48,-0.24,42.26,0.00,-2.50,0.00,24.21,-9.27,3.71,0.11
1616.35,0.00,251.23,0.00,1443.71,-190.48,253.33,-0.18,42.26,0.00,-3.38,0.00,23.03,-4.14,4.21,0.15
1616.35,0.00,251.23,0.00,1462.60,-189.85,255.94,-0.04,42.26,0.00,-3.38,0.00,19.55,4.81,1.93,0.16
1638.03,0.00,249.31,0.00,1473.02,-186.32,256.61,0.04,42.26,0.00,-4.00,0.00,21.45,8.74,0.86,0.15
1657.90,0.00,247.77,0.00,1485.25,-180.47,256.75,0.12,42.26,0.00,-2.74,0.00,23.19,12.31,-0.24,0.14
1678.84,0.00,246.73,0.00,1499.48,-174.33,256.25,0.15,42.26,0.00,-1.60,0.00,26.19,9.28,-1.37,-0.01
1716.93,0.00,246.17,0.00,1499.48,-174.33,256.25,0.15,42.26,0.00,0.24,0.00,26.19,9.28,-1.37,-0.01
1737.72,0.00,246.55,0.00,1513.14,-170.67,255.33,0.12,42.26,0.00,1.21,0.00,29.03,5.75,-2.26,-0.10
1758.21,0.00,247.38,0.00,1528.06,-168.99,254.01,0.07,42.26,0.00,2.11,0.00,31.63,1.45,-3.04,-0.12
1781.42,0.00,248.81,0.00,1541.34,-169.25,252.65,0.02,42.26,0.00,3.00,0.00,33.43,-2.34,-3.59,-0.13
1781.42,0.00,248.81,0.00,1577.29,-175.44,248.47,-0.09,42.26,0.00,3.00,0.00,38.52,-8.03,-4.60,-0.06
1802.52,0.00,250.50,0.00,1595.08,-178.52,246.73,-0.09,42.26,0.00,3.67,0.00,40.27,-5.65,-3.27,0.04
1840.73,0.00,252.74,0.00,1595.08,-178.52,246.73,-0.09,42.26,0.00,1.49,0.00,40.27,-5.65,-3.27,0.04
1863.10,0.00,253.20,0.00,1620.41,-180.27,245.24,-0.05,42.26,0.00,0.40,0.00,42.61,-0.32,-1.81,0.11
1884.25,0.00,253.13,0.00,1643.34,-178.92,244.62,0.01,42.26,0.00,-0.60,0.00,44.13,4.91,-0.70,0.11
1904.19,0.00,252.60,0.00,1666.02,-176.03,244.54,0.05,42.26,0.00,-1.52,0.00,46.87,6.43,0.30,0.06
1923.89,0.00,251.68,0.00,1690.99,-172.42,244.99,0.08,42.26,0.00,-2.35,0.00,49.57,7.39,1.31,0.04
1948.27,0.00,250.03,0.00,1718.29,-169.32,246.00,0.07,42.26,0.00,-3.24,0.00,50.91,3.93,2.30,-0.07
1971.69,0.00,248.02,0.00,1749.33,-168.91,247.70,0.01,42.26,0.00,-3.93,0.00,52.16,-2.13,3.23,-0.10
1993.14,0.00,246.41,0.00,1774.13,-171.17,249.38,-0.04,42.26,0.00,-2.59,0.00,52.71,-6.89,3.83,-0.10
2011.05,0.00,245.54,0.00,1802.58,-175.31,251.00,-0.07,42.26,0.00,-1.62,0.00,54.84,-8.44,2.46,-0.05
2032.39,0.00,245.01,0.00,1831.37,-178.91,251.94,-0.07,42.26,0.00,-0.57,0.00,55.63,-5.22,1.30,0.06
2055.49,0.00,245.03,0.00,1859.62,-180.15,252.30,-0.03,42.26,0.00,0.52,0.00,56.32,-0.05,0.27,0.10
2079.06,0.00,245.66,0.00,1887.46,-178.71,252.17,0.02,42.26,0.00,1.60,0.00,56.61,5.31,-0.72,0.10
2098.63,0.00,246.61,0.00,1918.67,-174.13,251.45,0.08,42.26,0.00,2.42,0.00,56.54,10.64,-1.77,0.10
2119.06,0.00,247.98,0.00,1945.04,-169.63,250.42,0.09,42.26,0.00,3.17,0.00,56.96,8.56,-2.57,-0.02
2138.07,0.00,249.56,0.00,1973.17,-166.58,248.95,0.07,42.26,0.00,3.75,0.00,57.60,4.03,-3.31,-0.09
2158.65,0.00,251.53,0.00,2002.03,-166.12,247.64,0.02,42.26,0.00,4.27,0.00,57.94,-1.66,-2.09,-0.10
2178.05,0.00,253.15,0.00,2031.39,-168.52,246.90,-0.04,42.26,0.00,2.98,0.00,57.85,-7.20,-0.99,-0.10
2198.83,0.00,254.30,0.00,2057.64,-172.89,246.67,-0.08,42.26,0.00,1.82,0.00,57.52,-11.49,-0.07,-0.10
2222.60,0.00,254.95,0.00,2087.42,-178.21,246.93,-0.10,42.26,0.00,0.64,0.00,57.87,-8.91,0.95,0.03
2242.45,0.00,255.01,0.00,2119.95,-181.50,247.79,-0.06,42.26,0.00,-0.30,0.00,58.39,-3.08,2.00,0.10
2267.33,0.00,254.46,0.00,2144.32,-181.49,248.83,-0.01,42.26,0.00,-1.45,0.00,54.64,2.53,2.73,0.11
2288.18,0.00,253.50,0.00,2170.42,-178.62,250.40,0.04,42.26,0.00,-2.34,0.00,50.21,8.19,3.45,0.12
2308.72,0.00,252.15,0.00,2197.78,-172.57,252.48,0.11,42.26,0.00,-3.10,0.00,50.06,13.36,4.09,0.11
2327.05,0.00,250.67,0.00,2223.72,-166.43,254.17,0.13,42.26,0.00,-3.68,0.00,50.95,10.46,2.70,-0.03
2348.67,0.00,248.62,0.00,2248.54,-163.25,255.21,0.08,42.26,0.00,-4.23,0.00,46.92,2.49,1.54,-0.14
2369.03,0.00,246.95,0.00,2272.95,-164.93,255.71,-0.01,42.26,0.00,-2.90,0.00,41.53,-7.35,0.39,-0.16
2386.71,0.00,245.97,0.00,2292.58,-171.02,255.62,-0.09,42.26,0.00,-1.91,0.00,35.21,-15.10,-0.64,-0.18
2403.25,0.00,245.40,0.00,2312.33,-180.36,254.94,-0.18,42.26,0.00,-1.07,0.00,35.77,-18.04,-1.71,-0.13
2423.72,0.00,245.15,0.00,2328.64,-187.56,253.90,-0.19,42.26,0.00,-0.09,0.00,33.33,-12.67,-2.53,0.05
2445.68,0.00,245.40,0.00,2342.70,-191.69,252.64,-0.15,42.26,0.00,0.94,0.00,31.53,-6.82,-3.20,0.13
2466.32,0.00,246.11,0.00,2359.32,-193.20,250.66,-0.07,42.26,0.00,1.86,0.00,28.86,0.58,-3.90,0.16
2489.93,0.00,247.44,0.00,2372.43,-191.43,248.66,0.00,42.26,0.00,2.80,0.00,26.03,6.07,-4.38,0.16
2512.42,0.00,249.16,0.00,2386.39,-186.29,246.65,0.09,42.26,0.00,3.56,0.00,22.29,10.89,-2.76,0.15
2533.55,0.00,251.10,0.00,2397.19,-180.35,245.64,0.16,42.26,0.00,4.13,0.00,23.43,13.99,-1.67,0.14
2552.84,0.00,252.66,0.00,2409.33,-173.50,245.10,0.21,42.26,0.00,2.87,0.00,26.69,14.40,-0.67,0.08
2571.49,0.00,253.67,0.00,2424.49,-166.74,245.06,0.22,42.26,0.00,1.84,0.00,29.61,11.03,0.41,-0.05
2595.21,0.00,254.33,0.00,2440.28,-162.34,245.55,0.17,42.26,0.00,0.66,0.00,32.49,6.64,1.40,-0.12
2614.32,0.00,254.41,0.00,2455.41,-160.46,246.38,0.12,42.26,0.00,-0.25,0.00,34.69,2.12,2.21,-0.13
2635.47,0.00,254.01,0.00,2477.20,-161.21,248.05,0.04,42.26,0.00,-1.24,0.00,36.91,-3.96,3.17,-0.13
2657.36,0.00,253.09,0.00,2495.69,-164.35,249.78,-0.02,42.26,0.00,-2.18,0.00,38.19,-8.30,3.80,-0.12
2676.10,0.00,251.95,0.00,2515.81,-169.78,251.91,-0.09,42.26,0.00,-2.90,0.00,39.23,-12.16,4.34,-0.12
2698.45,0.00,250.19,0.00,2535.55,-175.12,253.66,-0.11,42.26,0.00,-3.63,0.00,40.93,-9.57,2.95,0.01
2716.26,0.00,248.55,0.00,2552.74,-178.33,254.65,-0.09,42.26,0.00,-4.11,0.00,42.54,-6.25,1.98,0.08
2737.82,0.00,246.85,0.00,2571.50,-180.03,255.28,-0.05,42.26,0.00,-2.72,0.00,44.07,-1.95,1.05,0.11
2760.55,0.00,245.76,0.00,2594.05,-179.55,255.52,0.01,42.26,0.00,-1.50,0.00,45.41,3.33,0.03,0.11
2782.15,0.00,245.29,0.00,2613.81,-177.10,255.34,0.06,42.26,0.00,-0.44,0.00,46.20,7.59,-0.82,0.11
2805.58,0.00,245.39,0.00,2638.24,-172.72,254.63,0.10,42.26,0.00,0.67,0.00,48.70,9.14,-1.80,0.05
2826.25,0.00,245.97,0.00,2660.75,-169.11,253.61,0.10,42.26,0.00,1.61,0.00,49.82,6.59,-2.59,-0.05
2846.77,0.00,246.98,0.00,2685.91,-167.07,252.11,0.06,42.26,0.00,2.46,0.00,51.04,1.86,-3.33,-0.10
2869.27,0.00,248.54,0.00,2711.72,-167.62,250.27,0.01,42.26,0.00,3.27,0.00,51.87,-3.50,-3.94,-0.11
2895.08,0.00,250.80,0.00,2739.40,-171.01,248.60,-0.05,42.26,0.00,4.02,0.00,52.30,-8.67,-2.54,-0.11
2920.42,0.00,252.67,0.00,2763.74,-175.31,247.70,-0.08,42.26,0.00,2.44,0.00,54.05,-9.85,-1.51,-0.05
2944.66,0.00,253.66,0.00,2790.31,-179.38,247.24,-0.08,42.26,0.00,1.17,0.00,54.77,-6.78,-0.50,0.05
2966.49,0.00,253.96,0.00,2817.56,-181.39,247.26,-0.04,42.26,0.00,0.12,0.00,55.48,-1.64,0.49,0.10
2987.99,0.00,253.74,0.00,2841.44,-180.92,247.67,0.00,42.26,0.00,-0.89,0.00,55.76,3.33,1.33,0.11
3000.00,0.00,253.05,0.00,2869.69,-177.69,248.60,0.05,42.26,0.00,-1.81,0.00,55.71,8.75,2.25,0.11
3000.00,0.00,252.15,0.00,2892.87,-173.15,249.70,0.10,42.26,0.00,-2.52,0.00,55.43,12.59,2.92,0.10
3000.00,0.00,250.56,0.00,2923.79,-166.93,251.56,0.11,42.26,0.00,-3.32,0.00,55.99,9.58,3.68,-0.04
3000.00,0.00,248.41,0.00,2950.08,-162.75,253.02,0.10,42.26,0.00,-4.02,0.00,50.85,7.61,2.41,-0.03
3000.00,0.00,246.97,0.00,2981.58,-158.47,254.08,0.07,42.26,0.00,-2.86,0.00,44.46,5.52,0.95,-0.03
3000.00,0.00,245.87,0.00,2995.95,-155.81,254.28,0.06,42.26,0.00,-1.71,0.00,40.14,4.27,-0.03,-0.03
3000.00,0.00,245.30,0.00,2996.11,-152.63,253.89,0.04,42.26,0.00,-0.62,0.00,35.27,3.01,-1.18,-0.03
3000.00,0.00,245.25,0.00,2996.21,-150.68,253.12,0.03,42.26,0.00,0.29,0.00,31.58,2.15,-2.05,-0.03
3000.00,0.00,245.72,0.00,2996.30,-149.03,251.79,0.01,42.26,0.00,1.35,0.00,27.61,1.33,-2.91,-0.03
3000.00,0.00,246.59,0.00,2996.35,-148.03,250.35,-0.01,42.26,0.00,2.21,0.00,24.40,0.74,-3.53,-0.03
3000.00,0.00,247.87,0.00,2996.38,-147.26,248.39,-0.02,42.26,0.00,2.99,0.00,20.83,0.17,-4.11,-0.04
3000.00,0.00,249.66,0.00,2996.40,-146.95,246.62,-0.04,42.26,0.00,3.70,0.00,20.29,-0.58,-4.49,-0.05
3000.00,0.00,251.58,0.00,2996.44,-146.19,244.74,-0.04,42.26,0.00,4.22,0.00,18.23,1.56,-3.01,0.04
3000.00,0.00,253.28,0.00,2996.53,-144.32,243.57,-0.01,42.26,0.00,2.87,0.00,16.16,4.09,-1.83,0.10
3000.00,0.00,254.40,0.00,2996.67,-141.36,242.96,0.04,42.26,0.00,1.68,0.00,13.93,6.48,-0.81,0.12
3000.00,0.00,254.96,0.00,2996.89,-136.49,242.86,0.12,42.26,0.00,0.58,0.00,10.99,8.85,0.36,0.13
3000.00,0.00,254.99,0.00,2997.12,-131.32,243.33,0.19,42.26,0.00,-0.39,0.00,8.22,10.38,1.36,0.14
3000.00,0.00,254.59,0.00,2997.40,-124.91,244.43,0.27,42.26,0.00,-1.27,0.00,5.03,11.44,2.38,0.15
3000.00,0.00,253.81,0.00,2997.65,-118.80,245.89,0.35,42.26,0.00,-2.10,0.00,2.09,11.85,3.18,0.15
3000.00,0.00,252.48,0.00,2997.86,-112.33,247.85,0.43,42.26,0.00,-2.94,0.00,-1.00,11.74,3.88,0.16
3000.00,0.00,250.88,0.00,2996.49,-106.32,250.04,0.52,42.26,0.00,-3.61,0.00,-3.90,11.13,4.40,0.17
3000.00,0.00,248.68,0.00,2993.77,-100.98,251.85,0.60,42.26,0.00,-4.22,0.00,-6.58,10.09,2.97,0.17
3000.00,0.00,247.02,0.00,2989.78,-96.32,253.01,0.69,42.26,0.00,-2.89,0.00,-9.05,8.59,1.80,0.18
3000.00,0.00,245.86,0.00,2986.23,-93.30,253.54,0.75,42.26,0.00,-1.67,0.00,-8.55,6.62,0.94,0.12
3000.00,0.00,245.29,0.00,2981.29,-89.93,253.72,0.81,42.26,0.00,-0.52,0.00,-8.56,5.23,-0.22,0.10
3000.00,0.00,245.31,0.00,2977.11,-87.66,253.35,0.86,42.26,0.00,0.49,0.00,-8.56,4.22,-1.18,0.10
3000.00,0.00,245.84,0.00,2972.86,-85.82,252.51,0.91,42.26,0.00,1.48,0.00,-8.56,3.30,-2.10,0.09
3000.00,0.00,246.81,0.00,2968.81,-84.46,251.31,0.95,42.26,0.00,2.36,0.00,-8.55,2.50,-2.88,0.09
3000.00,0.00,248.12,0.00,2964.74,-83.48,249.76,0.99,42.26,0.00,3.10,0.00,-8.54,1.74,-3.54,0.09
3000.00,0.00,249.78,0.00,2960.01,-82.77,247.59,1.04,42.26,0.00,3.74,0.00,-8.52,0.90,-4.17,0.09
3000.00,0.00,251.85,0.00,2955.46,-82.51,245.80,1.09,42.26,0.00,4.28,0.00,-8.48,0.14,-2.71,0.08
3000.00,0.00,253.60,0.00,2950.93,-82.65,244.72,1.13,42.26,0.00,2.88,0.00,-8.43,-0.60,-1.49,0.08
3000.00,0.00,254.74,0.00,2946.89,-83.11,244.27,1.17,42.26,0.00,1.67,0.00,-8.36,-1.23,-0.50,0.08
3000.00,0.00,255.29,0.00,2942.76,-83.90,244.29,1.21,42.26,0.00,0.62,0.00,-8.27,-1.88,0.50,0.08
3000.00,0.00,255.32,0.00,2937.94,-85.21,244.83,1.27,42.26,0.00,-0.38,0.00,-10.32,-3.23,1.49,0.14
3000.00,0.00,254.73,0.00,2932.13,-87.43,245.87,1.35,42.26,0.00,-1.52,0.00,-11.74,-5.19,2.42,0.16
3000.00,0.00,253.90,0.00,2925.88,-90.73,247.34,1.44,42.26,0.00,-2.29,0.00,-12.44,-7.45,3.21,0.17
3000.00,0.00,252.85,0.00,2919.07,-95.53,249.30,1.53,42.26,0.00,-2.92,0.00,-12.50,-9.98,3.90,0.16
3000.00,0.00,251.05,0.00,2912.40,-101.73,251.59,1.62,42.26,0.00,-3.66,0.00,-11.93,-12.49,4.43,0.16
3000.00,0.00,249.32,0.00,2906.25,-109.19,253.52,1.70,42.26,0.00,-4.15,0.00,-10.86,-14.85,2.91,0.16
3000.00,0.00,247.77,0.00,2900.98,-117.54,254.68,1.78,42.26,0.00,-2.91,0.00,-9.44,-16.92,1.69,0.15
