-2500.00,0.00,0.00,0.00,-2584.07,-445.64,0.92,-0.97,0.00,0.00,0.00,0.00,0.00,0.00,0.00,0.00
-2499.61,0.00,0.28,0.00,-2583.77,-445.00,0.69,-0.95,1.41,0.00,1.00,0.00,1.14,2.51,-0.92,0.09
-2498.72,0.00,0.90,0.00,-2583.06,-443.27,0.07,-0.90,2.61,0.00,1.81,0.00,1.90,4.98,-1.77,0.14
-2497.23,0.00,1.92,0.00,-2581.96,-439.80,0.00,-0.82,3.87,0.00,2.59,0.00,2.09,7.85,-0.66,0.17
-2495.31,0.00,3.17,0.00,-2580.78,-433.23,0.00,-0.69,5.05,0.00,3.23,0.00,1.76,16.07,0.40,0.28
-2492.34,0.00,5.00,0.00,-2580.79,-423.72,0.46,-0.55,6.45,0.00,3.87,0.00,-1.85,21.59,1.36,0.27
-2488.38,0.00,7.29,0.00,-2583.04,-412.49,1.35,-0.43,7.93,0.00,4.42,0.00,-7.12,24.37,2.23,0.25
-2483.71,0.00,9.77,0.00,-2588.34,-399.93,2.71,-0.31,9.37,0.00,4.82,0.00,-13.23,24.89,3.04,0.23
-2478.62,0.00,12.28,0.00,-2597.28,-386.94,4.56,-0.18,10.70,0.00,5.10,0.00,-19.44,23.50,3.75,0.22
-2472.94,0.00,14.88,0.00,-2608.69,-375.65,6.63,-0.08,11.99,0.00,5.30,0.00,-24.66,20.92,4.29,0.21
-2466.86,0.00,17.46,0.00,-2621.49,-366.52,8.77,0.02,13.22,0.00,5.45,0.00,-28.75,17.80,4.68,0.20
-2459.43,0.00,20.40,0.00,-2637.86,-358.22,11.36,0.12,14.55,0.00,5.57,0.00,-32.41,13.84,5.01,0.19
-2451.05,0.00,23.48,0.00,-2654.07,-352.60,13.82,0.21,15.89,0.00,5.65,0.00,-34.88,10.00,5.23,0.18
-2443.15,0.00,26.19,0.00,-2674.35,-348.40,16.83,0.31,17.02,0.00,5.70,0.00,-36.87,5.43,5.42,0.17
-2435.53,0.00,28.67,0.00,-2692.99,-346.81,19.56,0.39,18.03,0.00,5.73,0.00,-37.86,1.43,5.54,0.16
-2425.91,0.00,31.64,0.00,-2710.14,-347.05,22.08,0.46,19.20,0.00,5.76,0.00,-38.19,-2.07,5.62,0.16
-2416.46,0.00,34.40,0.00,-2726.48,-348.69,24.50,0.53,20.24,0.00,5.78,0.00,-38.08,-5.22,5.67,0.15
-2407.89,0.00,36.79,0.00,-2745.20,-352.21,27.32,0.60,21.13,0.00,5.80,0.00,-37.54,-8.60,5.72,0.15
-2397.31,0.00,39.62,0.00,-2763.75,-357.40,30.19,0.67,22.13,0.00,5.81,0.00,-36.61,-11.73,5.75,0.14
-2384.41,0.00,42.91,0.00,-2781.46,-363.95,33.04,0.74,23.27,0.00,5.82,0.00,-35.38,-14.52,5.78,0.14
-2375.94,0.00,45.00,0.00,-2796.39,-369.54,35.92,0.81,23.96,0.00,5.82,0.00,-25.92,-8.39,5.79,0.14
-2363.13,0.00,48.04,0.00,-2806.63,-371.81,38.65,0.88,24.93,0.00,5.82,0.00,-18.49,-1.77,5.80,0.15
-2351.68,0.00,50.67,0.00,-2813.75,-370.73,41.41,0.95,25.74,0.00,5.83,0.00,-12.42,5.72,5.81,0.17
-2338.43,0.00,53.62,0.00,-2817.71,-365.48,44.31,1.02,26.62,0.00,5.83,0.00,-4.46,14.70,5.82,0.11
-2323.18,0.00,56.89,0.00,-2817.75,-357.34,46.90,1.05,27.55,0.00,5.83,0.00,3.43,21.24,5.82,0.00
-2310.57,0.00,59.52,0.00,-2813.81,-345.27,49.70,1.03,28.26,0.00,5.83,0.00,12.23,28.21,5.82,-0.09
-2297.11,0.00,62.26,0.00,-2805.31,-329.94,52.53,0.97,28.97,0.00,5.83,0.00,21.86,34.06,5.83,-0.12
-2283.28,0.00,65.01,0.00,-2790.37,-310.20,55.65,0.91,29.66,0.00,5.83,0.00,32.79,38.85,5.83,-0.11
-2269.53,0.00,67.68,0.00,-2772.81,-291.39,58.36,0.86,30.30,0.00,5.83,0.00,41.92,41.77,5.83,-0.11
-2253.29,0.00,70.77,0.00,-2746.19,-267.22,61.62,0.80,31.00,0.00,5.83,0.00,52.04,44.22,5.83,-0.10
-2236.76,0.00,73.84,0.00,-2723.23,-248.72,64.02,0.76,31.67,0.00,5.83,0.00,58.66,45.43,5.83,-0.09
-2221.08,0.00,76.70,0.00,-2693.11,-226.60,66.83,0.72,32.26,0.00,5.83,0.00,65.63,46.27,5.83,-0.09
-2204.75,0.00,79.62,0.00,-2661.25,-205.14,69.53,0.68,32.83,0.00,5.83,0.00,71.57,46.47,5.83,-0.09
-2188.54,0.00,82.48,0.00,-2622.85,-180.25,72.54,0.65,33.36,0.00,5.83,0.00,76.67,49.76,5.83,-0.04
-2171.05,0.00,85.51,0.00,-2580.55,-152.73,75.65,0.63,33.90,0.00,5.83,0.00,80.99,52.79,5.83,-0.02
-2154.82,0.00,88.28,0.00,-2534.80,-122.89,78.87,0.62,34.36,0.00,5.83,0.00,84.61,55.21,5.83,-0.02
-2138.50,0.00,91.03,0.00,-2490.16,-95.11,81.87,0.59,34.80,0.00,5.83,0.00,88.41,52.47,5.83,-0.07
-2122.18,0.00,93.75,0.00,-2445.17,-70.03,84.78,0.55,35.21,0.00,5.83,0.00,91.90,48.65,5.83,-0.08
-2104.13,0.00,96.72,0.00,-2398.31,-46.74,87.70,0.51,35.63,0.00,5.83,0.00,94.70,44.69,5.83,-0.08
-2084.69,0.00,99.88,0.00,-2343.93,-22.88,91.00,0.47,36.06,0.00,5.83,0.00,97.16,40.10,5.83,-0.08
-2065.65,0.00,102.94,0.00,-2281.62,0.64,94.70,0.41,36.45,0.00,5.83,0.00,99.16,34.65,5.83,-0.08
-2046.88,0.00,105.93,0.00,-2227.72,17.37,98.03,0.36,36.81,0.00,5.83,0.00,90.59,25.10,5.83,-0.09
-2029.52,0.00,108.67,0.00,-2179.24,27.61,101.32,0.30,37.12,0.00,5.83,0.00,82.28,12.78,5.83,-0.13
-2007.13,0.00,112.17,0.00,-2141.75,31.08,104.12,0.23,37.49,0.00,5.83,0.00,74.78,2.97,5.83,-0.15
-1989.96,0.00,114.83,0.00,-2100.11,30.37,107.67,0.14,37.76,0.00,5.83,0.00,63.10,-4.30,5.83,-0.13
-1951.67,0.00,120.70,0.00,-2100.11,30.37,107.67,0.14,38.29,0.00,5.83,0.00,63.10,-4.30,5.83,-0.13
-1936.92,0.00,122.94,0.00,-2068.20,26.24,110.91,0.07,38.48,0.00,5.83,0.00,53.16,-9.90,5.83,-0.14
-1921.48,0.00,125.27,0.00,-2040.13,18.75,114.35,-0.02,38.67,0.00,5.83,0.00,42.91,-14.75,5.83,-0.15
-1900.83,0.00,128.38,0.00,-2022.14,11.08,117.08,-0.09,38.90,0.00,5.83,0.00,34.99,-17.69,5.83,-0.16
-1880.80,0.00,131.37,0.00,-2007.74,2.18,119.82,-0.17,39.12,0.00,5.83,0.00,27.09,-19.80,5.83,-0.17
-1858.97,0.00,134.62,0.00,-1992.96,-6.47,122.64,-0.21,39.33,0.00,5.83,0.00,33.58,-16.46,5.83,-0.01
-1839.47,0.00,137.50,0.00,-1976.33,-13.48,125.60,-0.19,39.51,0.00,5.83,0.00,32.14,-11.61,5.83,0.08
-1819.95,0.00,140.37,0.00,-1957.97,-18.45,129.02,-0.13,39.68,0.00,5.83,0.00,30.50,-5.95,5.83,0.12
-1803.44,0.00,142.80,0.00,-1944.43,-20.10,131.68,-0.08,39.82,0.00,5.83,0.00,28.96,-1.73,5.83,0.12
-1785.54,0.00,145.41,0.00,-1929.00,-19.56,134.93,-0.01,39.96,0.00,5.83,0.00,26.68,3.12,5.83,0.13
-1762.31,0.00,148.80,0.00,-1916.12,-16.87,137.89,0.06,40.12,0.00,5.83,0.00,24.24,7.00,5.83,0.13
-1742.95,0.00,151.60,0.00,-1904.11,-12.16,140.98,0.13,40.25,0.00,5.83,0.00,21.40,10.33,5.83,0.13
-1724.42,0.00,154.29,0.00,-1893.71,-5.96,144.04,0.20,40.37,0.00,5.83,0.00,18.40,12.89,5.83,0.14
-1702.35,0.00,157.47,0.00,-1883.77,-0.49,146.67,0.23,40.50,0.00,5.83,0.00,25.20,11.52,5.83,0.01
-1680.14,0.00,160.66,0.00,-1867.64,5.03,149.83,0.21,40.62,0.00,5.83,0.00,33.54,8.87,5.83,-0.10
-1657.98,0.00,163.84,0.00,-1844.99,8.82,153.27,0.14,40.73,0.00,5.83,0.00,42.21,4.16,5.83,-0.12
-1635.22,0.00,167.10,0.00,-1823.89,9.65,155.97,0.08,40.84,0.00,5.83,0.00,48.27,-0.15,5.83,-0.12
-1615.40,0.00,169.92,0.00,-1799.88,8.46,158.70,0.03,40.93,0.00,5.83,0.00,53.71,-4.48,5.83,-0.11
-1596.59,0.00,172.60,0.00,-1768.64,4.55,161.90,-0.03,41.01,0.00,5.83,0.00,59.23,-9.24,5.83,-0.10
-1572.50,0.00,176.02,0.00,-1738.35,-0.23,164.73,-0.06,41.10,0.00,5.83,0.00,65.04,-10.23,5.83,-0.05
-1552.72,0.00,178.83,0.00,-1705.36,-4.49,167.59,-0.06,41.17,0.00,5.83,0.00,69.29,-7.10,5.83,0.05
-1531.74,0.00,181.80,0.00,-1666.98,-6.65,170.71,-0.02,41.24,0.00,5.83,0.00,73.43,-1.30,5.83,0.09
-1510.27,0.00,184.83,0.00,-1630.28,-5.59,173.76,0.03,41.31,0.00,5.83,0.00,67.66,4.66,5.83,0.09
-1486.86,0.00,188.13,0.00,-1592.54,-0.95,177.19,0.08,41.38,0.00,5.83,0.00,61.43,10.38,5.83,0.10
-1467.09,0.00,190.92,0.00,-1558.37,4.16,180.31,0.10,41.43,0.00,5.83,0.00,65.87,8.29,5.83,-0.04
-1444.59,0.00,194.08,0.00,-1522.86,8.25,183.57,0.08,41.49,0.00,5.83,0.00,61.72,6.66,5.83,-0.03
-1424.02,0.00,196.97,0.00,-1490.53,11.52,186.73,0.07,41.54,0.00,5.83,0.00,58.07,5.55,5.83,-0.02
-1403.53,0.00,199.85,0.00,-1461.44,14.14,189.74,0.06,41.58,0.00,5.83,0.00,54.90,4.74,5.83,-0.02
-1381.73,0.00,202.90,0.00,-1435.02,16.32,192.63,0.05,41.63,0.00,5.83,0.00,52.10,4.11,5.83,-0.01
-1358.32,0.00,206.18,0.00,-1410.08,18.20,195.50,0.04,41.67,0.00,5.83,0.00,49.53,3.60,5.83,-0.01
-1334.87,0.00,209.46,0.00,-1386.16,19.86,198.40,0.04,41.72,0.00,5.83,0.00,47.12,3.16,5.83,-0.01
-1313.18,0.00,212.49,0.00,-1361.65,21.43,201.52,0.03,41.75,0.00,5.83,0.00,44.72,2.76,5.83,-0.01
-1294.74,0.00,215.07,0.00,-1341.63,22.62,204.19,0.03,41.78,0.00,5.83,0.00,42.79,2.46,5.83,-0.01
-1272.10,0.00,218.23,0.00,-1321.41,23.74,207.02,0.02,41.81,0.00,5.83,0.00,40.89,2.19,5.83,-0.01
-1252.29,0.00,220.99,0.00,-1300.19,24.83,210.13,0.02,41.84,0.00,5.83,0.00,38.92,1.93,5.83,-0.01
-1232.70,0.00,223.72,0.00,-1283.41,25.63,212.70,0.01,41.87,0.00,5.83,0.00,37.38,1.74,5.83,-0.01
-1210.95,0.00,226.75,0.00,-1265.15,26.45,215.62,0.01,41.89,0.00,5.83,0.00,35.74,1.55,5.83,-0.01
-1188.64,0.00,229.85,0.00,-1245.57,27.26,218.91,0.01,41.92,0.00,5.83,0.00,33.99,1.36,5.83,-0.01
-1167.50,0.00,232.80,0.00,-1232.22,27.78,221.24,0.00,41.94,0.00,5.83,0.00,32.81,1.24,5.83,-0.01
-1147.33,0.00,235.60,0.00,-1216.03,28.36,224.19,0.00,41.96,0.00,5.83,0.00,31.38,1.10,5.83,-0.01
-1132.34,0.00,237.68,0.00,-1200.00,28.90,227.25,-0.00,41.97,0.00,5.83,0.00,29.98,0.98,5.83,-0.01
-1109.78,0.00,240.82,0.00,-1184.02,29.40,230.44,-0.01,41.99,0.00,5.83,0.00,28.59,0.86,5.83,-0.01
-1087.87,0.00,243.86,0.00,-1170.83,30.40,233.26,0.01,42.01,0.00,5.83,0.00,26.25,3.15,5.83,0.06
-1062.70,0.00,247.35,0.00,-1159.13,31.97,235.92,0.03,42.03,0.00,5.83,0.00,25.14,3.64,5.83,0.05
-1044.61,0.00,249.86,0.00,-1146.25,34.79,239.09,0.07,42.04,0.00,5.83,0.00,22.38,6.45,5.83,0.10
-1023.08,0.00,252.85,0.00,-1136.33,38.46,241.86,0.12,42.06,0.00,5.83,0.00,19.80,8.78,5.83,0.12
-1001.28,0.00,255.34,0.00,-1127.22,43.42,244.77,0.18,42.07,0.00,4.03,0.00,16.94,10.81,5.83,0.12
-981.04,0.00,256.92,0.00,-1120.38,48.53,247.34,0.24,42.08,0.00,2.73,0.00,14.34,12.19,5.83,0.13
-958.83,0.00,258.01,0.00,-1114.43,54.46,250.05,0.30,42.10,0.00,1.53,0.00,11.59,13.22,5.83,0.13
-939.52,0.00,258.47,0.00,-1109.49,58.48,252.78,0.30,42.11,0.00,0.58,0.00,9.81,4.76,5.83,-0.14
-917.56,0.00,258.47,0.00,-1105.26,58.53,255.60,0.20,42.12,0.00,-0.47,0.00,7.64,-3.69,5.83,-0.26
-898.36,0.00,258.03,0.00,-1102.36,54.45,258.65,0.06,42.12,0.00,-1.36,0.00,3.52,-10.79,5.83,-0.28
-877.04,0.00,257.08,0.00,-1101.95,47.92,261.07,-0.08,42.13,0.00,-2.27,0.00,-1.57,-14.58,4.09,-0.29
-857.79,0.00,255.86,0.00,-1103.88,40.85,262.65,-0.21,42.14,0.00,-3.00,0.00,-6.19,-15.29,2.81,-0.27
-834.26,0.00,253.95,0.00,-1108.10,33.48,263.73,-0.34,42.15,0.00,-3.75,0.00,-10.06,-13.94,1.65,-0.23
-811.77,0.00,251.77,0.00,-1111.13,26.88,264.24,-0.43,42.16,0.00,-4.31,0.00,-4.23,-15.78,0.71,-0.21
-787.69,0.00,249.16,0.00,-1110.81,19.51,264.32,-0.50,42.17,0.00,-4.76,0.00,4.76,-14.88,-0.27,-0.05
-787.69,0.00,249.16,0.00,-1100.98,7.56,263.27,-0.45,42.17,0.00,-4.76,0.00,12.87,-10.02,-1.97,0.13
-765.25,0.00,247.11,0.00,-1094.89,4.05,262.13,-0.38,42.17,0.00,-3.19,0.00,12.89,-5.35,-2.76,0.16
-746.43,0.00,245.96,0.00,-1087.90,2.71,260.35,-0.29,42.18,0.00,-2.10,0.00,12.19,-0.05,-3.55,0.17
-722.56,0.00,245.15,0.00,-1081.04,3.02,258.76,-0.22,42.18,0.00,-0.89,0.00,19.94,1.50,-4.04,0.17
-700.75,0.00,244.99,0.00,-1067.57,4.57,256.45,-0.13,42.19,0.00,0.15,0.00,29.45,4.15,-4.53,0.15
-679.62,0.00,245.34,0.00,-1051.14,7.26,254.16,-0.07,42.19,0.00,1.14,0.00,37.54,6.76,-4.87,0.13
-659.99,0.00,246.10,0.00,-1027.40,10.92,251.40,-0.02,42.20,0.00,2.01,0.00,47.84,6.58,-5.16,0.06
-633.13,0.00,247.75,0.00,-999.40,13.41,248.57,-0.02,42.20,0.00,3.04,0.00,55.84,2.79,-5.36,-0.05
-612.54,0.00,249.41,0.00,-961.91,14.35,245.98,-0.04,42.21,0.00,3.70,0.00,65.90,0.56,-3.42,-0.03
-590.79,0.00,251.48,0.00,-933.89,14.28,244.83,-0.05,42.21,0.00,4.25,0.00,71.76,-0.73,-2.40,-0.02
-574.19,0.00,252.91,0.00,-893.17,13.42,243.89,-0.06,42.21,0.00,3.14,0.00,78.64,-2.27,-1.21,-0.02
-533.37,0.00,254.79,0.00,-893.17,13.42,243.89,-0.06,42.22,0.00,0.94,0.00,78.64,-2.27,-1.21,-0.02
-508.97,0.00,254.96,0.00,-846.22,13.08,243.57,-0.05,42.22,0.00,-0.22,0.00,83.55,1.37,-0.04,0.07
-489.13,0.00,254.62,0.00,-806.76,14.04,243.78,-0.02,42.22,0.00,-1.15,0.00,87.98,2.55,0.87,0.04
-464.51,0.00,253.60,0.00,-761.53,15.51,244.48,-0.01,42.23,0.00,-2.22,0.00,92.08,3.22,1.82,0.02
-464.51,0.00,253.60,0.00,-667.09,17.89,247.15,-0.01,42.23,0.00,-2.22,0.00,96.38,-1.33,3.40,-0.08
-442.66,0.00,252.21,0.00,-624.00,15.42,248.91,-0.06,42.23,0.00,-3.05,0.00,87.68,-8.41,3.97,-0.10
-421.95,0.00,250.53,0.00,-577.80,7.75,251.33,-0.12,42.23,0.00,-3.70,0.00,76.84,-17.47,4.51,-0.12
-399.85,0.00,248.43,0.00,-548.19,-1.07,252.90,-0.18,42.23,0.00,-4.26,0.00,67.79,-24.33,3.30,-0.16
-382.89,0.00,246.97,0.00,-517.10,-14.28,254.22,-0.25,42.24,0.00,-3.13,0.00,56.48,-27.31,2.06,-0.13
-340.78,0.00,245.08,0.00,-517.10,-14.28,254.22,-0.25,42.24,0.00,-0.87,0.00,56.48,-27.31,2.06,-0.13
-317.29,0.00,244.94,0.00,-489.02,-30.23,255.00,-0.33,42.24,0.00,0.25,0.00,44.91,-29.16,0.86,-0.14
-317.29,0.00,244.94,0.00,-451.80,-47.34,254.95,-0.27,42.24,0.00,0.25,0.00,41.28,-12.91,-0.89,0.12
-297.81,0.00,245.28,0.00,-432.72,-50.54,254.27,-0.19,42.24,0.00,1.16,0.00,38.17,-1.52,-1.80,0.19
-276.77,0.00,246.12,0.00,-414.87,-48.46,253.14,-0.10,42.24,0.00,2.08,0.00,33.48,8.41,-2.66,0.20
-256.37,0.00,247.34,0.00,-398.45,-41.47,251.43,0.02,42.24,0.00,2.87,0.00,26.97,15.85,-3.45,0.21
-217.02,0.00,250.63,0.00,-398.45,-41.47,251.43,0.02,42.25,0.00,4.07,0.00,26.97,15.85,-3.45,0.21
-195.86,0.00,252.28,0.00,-385.83,-31.65,249.37,0.13,42.25,0.00,2.71,0.00,20.33,19.78,-4.09,0.21
-176.95,0.00,253.24,0.00,-376.93,-20.59,247.64,0.24,42.25,0.00,1.68,0.00,13.97,21.68,-2.66,0.21
-157.70,0.00,253.76,0.00,-371.22,-9.09,246.59,0.35,42.25,0.00,0.73,0.00,8.34,21.93,-1.47,0.21
-135.36,0.00,253.84,0.00,-364.96,0.79,246.15,0.40,42.25,0.00,-0.33,0.00,16.56,19.08,-0.46,0.02
-114.10,0.00,253.40,0.00,-356.75,8.74,246.19,0.38,42.25,0.00,-1.32,0.00,16.53,13.52,0.54,-0.09
-90.62,0.00,252.35,0.00,-349.85,13.36,246.61,0.33,42.25,0.00,-2.32,0.00,16.45,9.07,1.35,-0.14
-71.59,0.00,251.12,0.00,-340.71,16.70,247.70,0.25,42.25,0.00,-3.04,0.00,15.75,3.34,2.37,-0.16
-52.82,0.00,249.62,0.00,-331.58,17.60,248.96,0.17,42.25,0.00,-3.64,0.00,23.60,0.72,3.08,-0.16
-33.87,0.00,248.28,0.00,-319.08,17.16,250.50,0.11,42.25,0.00,-2.48,0.00,30.97,-2.44,3.69,-0.14
-15.71,0.00,247.45,0.00,-299.62,14.49,252.09,0.03,42.25,0.00,-1.52,0.00,39.02,-6.86,2.29,-0.13
6.76,0.00,246.97,0.00,-279.32,10.25,252.90,-0.03,42.25,0.00,-0.42,0.00,45.34,-10.55,1.24,-0.12
27.55,0.00,247.03,0.00,-256.38,4.38,253.23,-0.08,42.25,0.00,0.57,0.00,51.10,-13.98,0.27,-0.11
48.81,0.00,247.58,0.00,-229.65,-2.63,253.11,-0.12,42.26,0.00,1.54,0.00,58.35,-14.77,-0.69,-0.05
70.87,0.00,248.66,0.00,-201.51,-8.73,252.56,-0.12,42.26,0.00,2.46,0.00,63.81,-11.85,-1.58,0.05
70.87,0.00,248.66,0.00,-144.04,-14.48,250.49,-0.04,42.26,0.00,2.46,0.00,63.28,-1.07,-3.04,0.11
109.37,0.00,251.15,0.00,-144.04,-14.48,250.49,-0.04,42.26,0.00,2.13,0.00,63.28,-1.07,-3.04,0.11
129.40,0.00,251.89,0.00,-108.92,-13.28,249.25,0.01,42.26,0.00,1.10,0.00,68.58,4.96,-1.79,0.10
150.24,0.00,252.16,0.00,-76.57,-10.52,248.68,0.04,42.26,0.00,0.10,0.00,73.78,6.80,-0.83,0.05
174.05,0.00,251.87,0.00,-35.42,-6.48,248.55,0.06,42.26,0.00,-1.02,0.00,79.22,8.10,0.24,0.03
198.05,0.00,250.95,0.00,4.37,-3.25,248.93,0.05,42.26,0.00,-2.08,0.00,82.35,4.79,1.21,-0.06
222.48,0.00,249.45,0.00,49.84,-2.47,249.89,0.01,42.26,0.00,-3.01,0.00,85.21,-1.48,2.20,-0.09
222.48,0.00,249.45,0.00,136.59,-6.80,250.94,-0.04,42.26,0.00,-3.01,0.00,67.47,-4.89,-0.20,-0.03
248.05,0.00,248.11,0.00,169.77,-9.49,250.54,-0.05,42.26,0.00,-1.60,0.00,60.83,-5.36,-1.22,-0.02
288.54,0.00,247.57,0.00,169.77,-9.49,250.54,-0.05,42.26,0.00,0.36,0.00,60.83,-5.36,-1.22,-0.02
308.77,0.00,247.99,0.00,197.43,-12.13,249.72,-0.06,42.26,0.00,1.30,0.00,55.30,-5.62,-2.11,-0.02
328.13,0.00,248.80,0.00,226.98,-15.39,248.22,-0.08,42.26,0.00,2.13,0.00,49.29,-5.79,-3.03,-0.02
349.07,0.00,250.08,0.00,249.09,-18.15,247.09,-0.09,42.26,0.00,2.94,0.00,44.69,-5.85,-1.90,-0.02
372.90,0.00,251.32,0.00,268.03,-20.76,246.48,-0.10,42.26,0.00,1.63,0.00,40.63,-5.86,-0.95,-0.02
392.26,0.00,251.82,0.00,286.85,-23.63,246.28,-0.10,42.26,0.00,0.67,0.00,36.42,-5.81,0.04,-0.02
413.43,0.00,251.88,0.00,303.20,-26.38,246.55,-0.11,42.26,0.00,-0.33,0.00,32.55,-5.72,0.99,-0.02
413.43,0.00,251.88,0.00,328.07,-31.16,248.10,-0.13,42.26,0.00,-0.33,0.00,26.09,-5.46,2.53,-0.02
433.46,0.00,251.48,0.00,338.15,-33.37,249.29,-0.14,42.26,0.00,-1.26,0.00,23.15,-5.29,3.16,-0.02
452.38,0.00,250.71,0.00,350.29,-36.34,251.37,-0.15,42.26,0.00,-2.09,0.00,19.16,-4.99,3.90,-0.02
475.27,0.00,249.31,0.00,359.39,-38.88,253.01,-0.17,42.26,0.00,-2.97,0.00,15.65,-4.66,2.51,-0.02
497.15,0.00,248.13,0.00,366.70,-41.25,253.99,-0.18,42.26,0.00,-1.75,0.00,12.22,-4.26,1.32,-0.02
517.00,0.00,247.56,0.00,371.79,-41.10,254.37,-0.13,42.26,0.00,-0.77,0.00,9.05,4.13,0.33,0.21
552.84,0.00,247.67,0.00,371.79,-41.10,254.37,-0.13,42.26,0.00,0.93,0.00,9.05,4.13,0.33,0.21
569.98,0.00,248.22,0.00,375.30,-36.71,254.24,-0.00,42.26,0.00,1.70,0.00,4.33,11.39,-0.72,0.27
588.83,0.00,249.17,0.00,376.10,-31.38,253.77,0.11,42.26,0.00,2.48,0.00,-0.03,14.59,-1.50,0.28
608.74,0.00,250.53,0.00,374.68,-23.70,252.77,0.25,42.26,0.00,3.20,0.00,-5.14,15.62,-2.39,0.27
632.34,0.00,251.90,0.00,370.65,-15.62,251.21,0.38,42.26,0.00,1.86,0.00,-9.14,14.04,-3.23,0.23
655.19,0.00,252.56,0.00,365.64,-10.26,249.86,0.45,42.26,0.00,0.72,0.00,-9.25,7.06,-1.93,0.03
676.49,0.00,252.64,0.00,360.93,-8.05,249.18,0.44,42.26,0.00,-0.29,0.00,-9.03,2.25,-0.83,-0.09
698.66,0.00,252.19,0.00,356.41,-7.91,249.04,0.38,42.26,0.00,-1.32,0.00,-9.26,-1.24,0.17,-0.16
717.14,0.00,251.41,0.00,352.13,-9.10,249.33,0.30,42.26,0.00,-2.12,0.00,-9.95,-3.81,1.05,-0.18
736.48,0.00,250.25,0.00,349.72,-10.89,250.06,0.21,42.26,0.00,-2.87,0.00,-1.12,-3.96,1.94,-0.19
756.38,0.00,248.72,0.00,351.51,-13.08,251.20,0.12,42.26,0.00,-3.53,0.00,7.69,-5.32,2.74,-0.20
776.46,0.00,247.37,0.00,357.20,-16.05,252.19,0.03,42.26,0.00,-2.33,0.00,16.09,-7.49,1.68,-0.17
797.48,0.00,246.51,0.00,367.30,-19.02,252.73,-0.01,42.26,0.00,-1.24,0.00,24.94,-5.05,0.67,-0.02
822.75,0.00,246.17,0.00,383.45,-20.74,252.77,0.00,42.26,0.00,-0.02,0.00,34.74,-1.50,-0.40,0.08
840.49,0.00,246.36,0.00,402.41,-20.27,252.33,0.05,42.26,0.00,0.81,0.00,43.06,3.19,-1.34,0.11
867.40,0.00,247.30,0.00,426.03,-17.13,251.40,0.10,42.26,0.00,2.01,0.00,50.74,8.89,-2.25,0.11
885.26,0.00,248.32,0.00,457.45,-11.13,249.87,0.14,42.26,0.00,2.72,0.00,60.43,12.04,-3.13,0.05
904.20,0.00,249.71,0.00,491.06,-5.34,248.03,0.14,42.26,0.00,3.38,0.00,67.64,9.82,-3.81,-0.06
925.98,0.00,251.63,0.00,531.11,-1.47,246.36,0.10,42.26,0.00,4.00,0.00,74.63,4.25,-2.36,-0.09
949.14,0.00,253.37,0.00,564.91,-0.77,245.57,0.05,42.26,0.00,2.54,0.00,79.14,-0.54,-1.39,-0.09
970.13,0.00,254.32,0.00,603.88,-2.33,245.16,0.01,42.26,0.00,1.43,0.00,83.21,-5.43,-0.40,-0.09
991.70,0.00,254.75,0.00,651.16,-5.80,245.27,-0.02,42.26,0.00,0.38,0.00,88.63,-6.84,0.69,-0.04
1015.57,0.00,254.61,0.00,702.32,-9.86,245.99,-0.04,42.26,0.00,-0.75,0.00,93.23,-7.53,1.76,-0.02
1038.80,0.00,253.88,0.00,747.84,-12.62,247.07,-0.03,42.26,0.00,-1.80,0.00,95.23,-3.71,2.60,0.06
1061.62,0.00,252.63,0.00,793.78,-12.86,248.50,0.01,42.26,0.00,-2.72,0.00,96.72,2.26,3.31,0.08
1082.25,0.00,251.10,0.00,840.83,-11.03,250.25,0.04,42.26,0.00,-3.43,0.00,99.14,4.79,3.91,0.04
1103.12,0.00,249.25,0.00,899.02,-7.69,252.70,0.05,42.26,0.00,-4.02,0.00,101.41,6.43,4.47,0.02
1123.25,0.00,247.68,0.00,937.32,-4.05,254.22,0.08,42.26,0.00,-2.73,0.00,92.92,11.81,3.32,0.10
1146.08,0.00,246.58,0.00,983.58,3.68,255.58,0.12,42.26,0.00,-1.50,0.00,83.90,16.72,2.03,0.08
1169.49,0.00,246.10,0.00,1020.60,12.27,256.26,0.16,42.26,0.00,-0.36,0.00,76.77,19.95,1.03,0.09
1169.49,0.00,246.10,0.00,1086.29,33.56,256.30,0.25,42.26,0.00,-0.36,0.00,64.05,24.80,-0.85,0.09
1189.03,0.00,246.17,0.00,1120.85,48.49,255.46,0.30,42.26,0.00,0.57,0.00,57.16,26.95,-1.94,0.09
1212.94,0.00,246.83,0.00,1152.38,64.96,254.00,0.36,42.26,0.00,1.66,0.00,50.61,28.69,-2.91,0.10
1239.42,0.00,248.25,0.00,1178.85,81.39,252.13,0.41,42.26,0.00,2.74,0.00,44.83,29.96,-3.68,0.10
1265.57,0.00,250.25,0.00,1197.60,94.82,250.38,0.46,42.26,0.00,3.61,0.00,40.49,30.73,-4.16,0.10
1290.06,0.00,251.86,0.00,1215.05,109.05,248.80,0.51,42.26,0.00,2.15,0.00,36.20,31.32,-2.90,0.11
1305.31,0.00,252.48,0.00,1229.65,122.56,247.80,0.55,42.26,0.00,1.36,0.00,32.36,31.68,-1.89,0.11
1326.40,0.00,252.88,0.00,1243.32,136.95,247.19,0.60,42.26,0.00,0.34,0.00,28.45,31.88,-0.93,0.11
1345.60,0.00,252.80,0.00,1257.16,153.92,247.01,0.66,42.26,0.00,-0.57,0.00,24.06,31.86,0.14,0.11
1367.32,0.00,252.23,0.00,1268.58,170.57,247.38,0.72,42.26,0.00,-1.56,0.00,19.93,31.60,1.18,0.12
1389.58,0.00,251.13,0.00,1277.23,185.70,248.19,0.78,42.26,0.00,-2.49,0.00,16.31,31.14,2.07,0.12
1411.63,0.00,249.60,0.00,1286.17,198.65,249.48,0.77,42.26,0.00,-3.28,0.00,19.04,20.83,2.90,-0.16
1434.04,0.00,248.24,0.00,1297.04,206.30,250.64,0.66,42.26,0.00,-1.99,0.00,21.84,9.42,1.68,-0.22
1455.90,0.00,247.53,0.00,1308.31,208.21,251.20,0.55,42.26,0.00,-0.89,0.00,21.94,-0.67,0.62,-0.23
1478.98,0.00,247.38,0.00,1320.35,204.77,251.18,0.41,42.26,0.00,0.21,0.00,18.81,-9.71,-0.56,-0.25
1502.02,0.00,247.82,0.00,1327.65,199.36,250.73,0.30,42.26,0.00,1.28,0.00,14.95,-14.47,-1.41,-0.25
1519.70,0.00,248.53,0.00,1333.15,192.10,249.91,0.18,42.26,0.00,2.05,0.00,10.25,-17.84,-2.21,-0.26
1539.64,0.00,249.71,0.00,1336.46,183.65,248.75,0.07,42.26,0.00,2.83,0.00,5.10,-19.86,-2.93,-0.27
1560.18,0.00,251.27,0.00,1337.46,175.34,247.77,-0.04,42.26,0.00,3.52,0.00,0.24,-20.57,-1.96,-0.28
1582.37,0.00,252.73,0.00,1335.48,163.60,247.04,-0.21,42.26,0.00,2.21,0.00,-6.39,-19.75,-0.73,-0.28
1601.36,0.00,253.48,0.00,1330.89,154.31,246.95,-0.34,42.26,0.00,1.22,0.00,-11.18,-17.24,0.28,-0.25
1621.97,0.00,253.80,0.00,1324.42,146.70,247.36,-0.46,42.26,0.00,0.23,0.00,-14.64,-13.93,1.25,-0.23
1643.76,0.00,253.63,0.00,1315.75,140.37,248.33,-0.57,42.26,0.00,-0.80,0.00,-17.15,-10.00,2.24,-0.20
1666.19,0.00,252.91,0.00,1308.89,134.12,249.76,-0.67,42.26,0.00,-1.81,0.00,-9.80,-13.68,3.08,-0.20
1689.93,0.00,251.59,0.00,1306.71,127.05,251.44,-0.74,42.26,0.00,-2.76,0.00,-0.12,-15.53,3.73,-0.05
1708.45,0.00,250.22,0.00,1309.28,118.63,252.92,-0.74,42.26,0.00,-3.40,0.00,9.65,-18.61,2.46,0.06
1727.08,0.00,248.59,0.00,1317.76,107.73,253.88,-0.68,42.26,0.00,-3.93,0.00,20.77,-21.36,1.26,0.12
1745.41,0.00,247.17,0.00,1330.92,96.72,254.23,-0.62,42.26,0.00,-2.77,0.00,31.10,-22.57,0.25,0.13
1768.10,0.00,246.05,0.00,1351.86,84.05,254.02,-0.55,42.26,0.00,-1.54,0.00,42.36,-22.41,-0.87,0.12
1787.38,0.00,245.59,0.00,1374.61,73.51,253.36,-0.50,42.26,0.00,-0.59,0.00,51.25,-21.44,-1.78,0.11
1811.00,0.00,245.61,0.00,1399.83,64.07,252.35,-0.45,42.26,0.00,0.53,0.00,58.85,-20.18,-2.57,0.11
1833.31,0.00,246.18,0.00,1428.64,55.16,250.99,-0.40,42.26,0.00,1.55,0.00,65.69,-18.70,-3.26,0.10
1852.00,0.00,247.06,0.00,1467.69,45.31,248.94,-0.34,42.26,0.00,2.34,0.00,72.97,-16.64,-3.96,0.10
1872.12,0.00,248.38,0.00,1506.27,37.47,246.80,-0.30,42.26,0.00,3.09,0.00,78.58,-14.45,-4.45,0.09
1894.54,0.00,250.23,0.00,1547.16,30.97,244.97,-0.25,42.26,0.00,3.78,0.00,83.28,-11.60,-3.01,0.09
1914.20,0.00,251.67,0.00,1587.97,26.19,243.83,-0.20,42.26,0.00,2.57,0.00,86.99,-8.64,-1.88,0.09
1931.88,0.00,252.52,0.00,1631.72,22.81,243.19,-0.16,42.26,0.00,1.62,0.00,90.12,-5.38,-0.83,0.09
1953.42,0.00,253.04,0.00,1672.21,21.17,243.04,-0.12,42.26,0.00,0.56,0.00,92.37,-2.29,0.06,0.09
1977.85,0.00,252.99,0.00,1717.64,20.99,243.33,-0.08,42.26,0.00,-0.60,0.00,94.35,1.20,1.02,0.08
2000.47,0.00,252.37,0.00,1764.52,22.56,244.09,-0.04,42.26,0.00,-1.63,0.00,95.83,4.83,1.94,0.08
2016.44,0.00,251.61,0.00,1811.33,24.03,245.34,-0.03,42.26,0.00,-2.30,0.00,86.90,0.60,2.81,-0.06
2038.03,0.00,250.20,0.00,1851.08,22.50,246.88,-0.08,42.26,0.00,-3.11,0.00,79.12,-6.41,3.49,-0.10
2056.67,0.00,248.68,0.00,1886.97,17.27,248.71,-0.13,42.26,0.00,-3.69,0.00,70.95,-14.41,4.05,-0.12
2078.77,0.00,247.15,0.00,1919.64,7.91,250.34,-0.20,42.26,0.00,-2.35,0.00,61.81,-22.20,2.72,-0.14
2099.40,0.00,246.29,0.00,1946.64,-4.43,251.35,-0.28,42.26,0.00,-1.28,0.00,52.21,-28.40,1.62,-0.17
2116.81,0.00,245.96,0.00,1970.42,-19.36,251.87,-0.35,42.26,0.00,-0.43,0.00,42.00,-29.63,0.56,-0.14
2137.54,0.00,246.01,0.00,1988.23,-33.70,251.89,-0.42,42.26,0.00,0.55,0.00,33.05,-29.90,-0.41,-0.15
2157.98,0.00,246.53,0.00,2003.61,-50.23,251.33,-0.51,42.26,0.00,1.49,0.00,23.23,-29.31,-1.49,-0.16
2200.06,0.00,248.92,0.00,2003.61,-50.23,251.33,-0.51,42.26,0.00,3.15,0.00,23.23,-29.31,-1.49,-0.16
2223.63,0.00,250.90,0.00,2015.59,-62.48,250.28,-0.51,42.26,0.00,3.87,0.00,23.32,-19.05,-2.41,0.12
2244.68,0.00,252.46,0.00,2028.36,-69.67,249.34,-0.42,42.26,0.00,2.56,0.00,23.64,-8.52,-1.22,0.20
2244.68,0.00,252.46,0.00,2049.58,-69.42,249.15,-0.23,42.26,0.00,2.56,0.00,19.84,7.42,0.71,0.22
2265.53,0.00,253.41,0.00,2058.45,-64.16,249.78,-0.12,42.26,0.00,1.45,0.00,15.83,12.78,1.67,0.22
2291.63,0.00,253.87,0.00,2064.50,-57.82,250.70,-0.02,42.26,0.00,0.18,0.00,11.94,15.56,2.45,0.22
2309.44,0.00,253.75,0.00,2069.49,-49.02,252.25,0.09,42.26,0.00,-0.66,0.00,7.28,17.23,3.26,0.21
2330.06,0.00,253.17,0.00,2072.22,-38.97,254.36,0.21,42.26,0.00,-1.60,0.00,2.67,17.47,3.97,0.21
2352.11,0.00,252.07,0.00,2075.97,-28.50,256.12,0.32,42.26,0.00,-2.52,0.00,9.93,19.86,2.49,0.18
2390.94,0.00,249.10,0.00,2075.97,-28.50,256.12,0.32,42.26,0.00,-3.81,0.00,9.93,19.86,2.49,0.18
2415.28,0.00,247.40,0.00,2083.13,-19.37,257.03,0.37,42.26,0.00,-2.32,0.00,18.79,18.19,1.40,0.02
2438.17,0.00,246.50,0.00,2094.04,-11.27,257.44,0.36,42.26,0.00,-1.13,0.00,27.59,16.90,0.45,-0.07
2463.25,0.00,246.22,0.00,2112.12,-2.84,257.36,0.30,42.26,0.00,0.07,0.00,37.88,14.20,-0.63,-0.12
2463.25,0.00,246.22,0.00,2162.25,7.72,255.58,0.18,42.26,0.00,0.07,0.00,55.29,5.63,-2.57,-0.11
2486.07,0.00,246.58,0.00,2185.72,9.18,254.41,0.13,42.26,0.00,1.14,0.00,60.70,1.96,-3.18,-0.11
2506.67,0.00,247.38,0.00,2219.26,8.88,252.54,0.08,42.26,0.00,2.04,0.00,66.79,-2.59,-3.85,-0.10
2530.04,0.00,248.79,0.00,2256.41,6.23,250.33,0.02,42.26,0.00,2.95,0.00,72.00,-6.90,-4.39,-0.10
2550.57,0.00,250.40,0.00,2291.06,2.12,248.63,-0.02,42.26,0.00,3.61,0.00,75.87,-10.34,-3.06,-0.09
2573.35,0.00,251.94,0.00,2327.60,-2.85,247.49,-0.05,42.26,0.00,2.25,0.00,80.67,-10.88,-1.95,-0.04
2593.49,0.00,252.73,0.00,2374.37,-7.79,246.77,-0.04,42.26,0.00,1.21,0.00,84.49,-6.43,-0.75,0.06
2612.03,0.00,253.04,0.00,2405.94,-9.28,246.64,-0.02,42.26,0.00,0.31,0.00,86.56,-2.01,-0.01,0.08
2632.71,0.00,252.93,0.00,2449.73,-8.55,246.91,0.03,42.26,0.00,-0.67,0.00,88.71,4.33,0.98,0.08
2653.82,0.00,252.33,0.00,2502.86,-4.98,247.84,0.06,42.26,0.00,-1.63,0.00,92.26,7.17,2.07,0.03
2677.96,0.00,251.08,0.00,2552.84,-1.99,249.22,0.05,42.26,0.00,-2.62,0.00,93.59,3.50,2.95,-0.06
2699.01,0.00,249.57,0.00,2601.37,-1.92,250.95,0.01,42.26,0.00,-3.36,0.00,94.40,-2.67,3.66,-0.08
2716.17,0.00,248.44,0.00,2651.63,-4.27,252.57,-0.02,42.26,0.00,-2.34,0.00,83.68,-4.91,2.21,-0.04
2756.18,0.00,247.25,0.00,2651.63,-4.27,252.57,-0.02,42.26,0.00,-0.33,0.00,83.68,-4.91,2.21,-0.04
2776.69,0.00,247.35,0.00,2694.47,-7.20,253.41,-0.04,42.26,0.00,0.64,0.00,74.85,-5.70,1.03,-0.03
2795.42,0.00,247.84,0.00,2733.18,-10.39,253.65,-0.05,42.26,0.00,1.50,0.00,69.70,-6.07,-0.05,-0.02
2813.89,0.00,248.69,0.00,2764.88,-13.29,253.38,-0.06,42.26,0.00,2.28,0.00,65.69,-6.23,-0.99,-0.02
2834.55,0.00,250.01,0.00,2793.64,-16.11,252.72,-0.06,42.26,0.00,3.06,0.00,62.19,-6.29,-1.84,-0.01
2855.47,0.00,251.20,0.00,2822.82,-19.16,251.61,-0.07,42.26,0.00,1.88,0.00,58.77,-6.30,-2.66,-0.01
2878.80,0.00,251.88,0.00,2851.95,-22.37,250.03,-0.08,42.26,0.00,0.71,0.00,55.48,-6.26,-3.41,-0.01
2902.51,0.00,251.93,0.00,2878.45,-25.44,248.69,-0.08,42.26,0.00,-0.41,0.00,52.58,-6.20,-2.19,-0.01
2924.88,0.00,251.41,0.00,2905.89,-28.75,247.86,-0.09,42.26,0.00,-1.44,0.00,49.68,-6.12,-1.02,-0.01
2944.88,0.00,250.50,0.00,2925.67,-31.23,247.63,-0.09,42.26,0.00,-2.30,0.00,47.64,-6.04,-0.20,-0.01
2966.36,0.00,249.11,0.00,2950.74,-34.47,247.84,-0.09,42.26,0.00,-3.10,0.00,45.12,-5.93,0.88,-0.01
2986.88,0.00,247.92,0.00,2973.71,-37.55,248.59,-0.10,42.26,0.00,-1.94,0.00,42.86,-5.82,1.87,-0.01
3000.00,0.00,247.32,0.00,2996.73,-40.73,249.27,-0.10,42.26,0.00,-1.04,0.00,40.65,-5.70,0.70,-0.01
3000.00,0.00,247.09,0.00,2999.68,-43.56,249.32,-0.10,42.26,0.00,0.14,0.00,38.59,-5.57,-0.40,-0.01
3000.00,0.00,247.49,0.00,2999.64,-46.27,248.77,-0.11,42.26,0.00,1.21,0.00,36.68,-5.44,-1.48,-0.01
3000.00,0.00,248.21,0.00,2999.60,-48.76,247.73,-0.11,42.26,0.00,2.02,0.00,34.98,-5.32,-2.40,-0.01
3000.00,0.00,249.36,0.00,2999.56,-51.39,246.77,-0.11,42.26,0.00,2.79,0.00,33.25,-5.19,-1.16,-0.01
3000.00,0.00,250.82,0.00,2999.52,-53.85,246.47,-0.12,42.26,0.00,3.46,0.00,31.68,-5.07,-0.06,-0.01
3000.00,0.00,252.31,0.00,2999.48,-55.61,246.62,-0.12,42.26,0.00,2.08,0.00,30.58,-4.97,0.73,-0.01
3000.00,0.00,253.06,0.00,2999.44,-58.00,247.34,-0.12,42.26,0.00,0.97,0.00,29.12,-4.85,1.78,-0.01
3000.00,0.00,253.27,0.00,2999.40,-60.17,248.52,-0.13,42.26,0.00,-0.04,0.00,27.83,-4.73,2.67,-0.00
3000.00,0.00,252.98,0.00,2999.36,-62.03,249.90,-0.13,42.26,0.00,-1.03,0.00,26.74,-4.63,3.34,-0.00
3000.00,0.00,252.28,0.00,2999.31,-64.28,251.99,-0.13,42.26,0.00,-1.89,0.00,25.45,-4.50,4.02,-0.00
3000.00,0.00,250.83,0.00,2999.27,-66.23,254.14,-0.13,42.26,0.00,-2.88,0.00,24.35,-4.39,4.49,-0.00
3000.00,0.00,249.11,0.00,2999.23,-68.05,255.92,-0.13,42.26,0.00,-3.61,0.00,23.33,-4.28,3.10,-0.00
3000.00,0.00,247.47,0.00,2999.19,-69.75,257.07,-0.14,42.26,0.00,-2.11,0.00,22.39,-4.18,2.00,-0.00
3000.00,0.00,246.72,0.00,2999.14,-71.85,257.83,-0.14,42.26,0.00,-1.04,0.00,21.24,-4.05,0.75,-0.00
3000.00,0.00,246.48,0.00,2999.10,-73.49,257.94,-0.14,42.26,0.00,0.03,0.00,20.35,-3.95,-0.19,-0.00
3000.00,0.00,246.70,0.00,2999.06,-75.11,257.60,-0.14,42.26,0.00,0.89,0.00,19.47,-3.84,-1.14,-0.00
3000.00,0.00,247.24,0.00,2999.02,-76.59,256.88,-0.14,42.26,0.00,1.67,0.00,18.66,-3.74,-1.97,-0.00
3000.00,0.00,248.32,0.00,2998.98,-78.06,255.78,-0.15,42.26,0.00,2.54,0.00,17.87,-3.65,-2.74,-0.00
3000.00,0.00,249.86,0.00,2998.93,-79.94,253.83,-0.15,42.26,0.00,3.32,0.00,16.85,-3.52,-3.60,-0.00
3000.00,0.00,251.98,0.00,2998.89,-81.55,251.72,-0.15,42.26,0.00,4.01,0.00,15.98,-3.40,-4.19,-0.00
3000.00,0.00,253.57,0.00,2998.85,-83.21,249.83,-0.15,42.26,0.00,2.70,0.00,15.07,-3.28,-2.64,-0.00
3000.00,0.00,254.62,0.00,2998.81,-84.46,248.91,-0.15,42.26,0.00,1.54,0.00,14.39,-3.19,-1.63,-0.00
3000.00,0.00,255.11,0.00,2998.77,-85.87,248.38,-0.16,42.26,0.00,0.40,0.00,13.60,-3.08,-0.55,-0.00
3000.00,0.00,255.07,0.00,2998.73,-87.41,248.43,-0.16,42.26,0.00,-0.51,0.00,12.74,-2.95,0.62,-0.00
3000.00,0.00,254.53,0.00,2998.69,-88.69,249.03,-0.16,42.26,0.00,-1.50,0.00,12.01,-2.84,1.60,-0.00
3000.00,0.00,253.71,0.00,2998.65,-89.93,250.09,-0.16,42.26,0.00,-2.26,0.00,11.29,-2.74,2.50,-0.00
3000.00,0.00,252.00,0.00,2998.61,-91.27,251.81,-0.16,42.26,0.00,-3.22,0.00,10.49,-2.62,3.36,-0.00
3000.00,0.00,250.18,0.00,2998.57,-92.50,253.86,-0.17,42.26,0.00,-3.86,0.00,9.75,-2.50,4.02,-0.00
3000.00,0.00,247.87,0.00,2998.54,-93.51,255.41,-0.17,42.26,0.00,-4.41,0.00,9.12,-2.40,2.76,-0.00
3000.00,0.00,246.47,0.00,2998.51,-94.63,256.54,-0.17,42.26,0.00,-3.35,0.00,8.40,-2.28,1.51,-0.00
3000.00,0.00,245.19,0.00,2998.47,-95.67,257.01,-0.17,42.26,0.00,-2.17,0.00,7.72,-2.17,0.41,-0.00
3000.00,0.00,244.38,0.00,2998.44,-96.60,256.95,-0.17,42.26,0.00,-1.02,0.00,7.09,-2.06,-0.57,-0.00
3000.00,0.00,244.15,0.00,2998.41,-97.55,256.33,-0.17,42.26,0.00,-0.17,0.00,6.41,-1.95,-1.61,-0.00
3000.00,0.00,244.32,0.00,2998.39,-98.28,255.46,-0.17,42.26,0.00,0.78,0.00,5.87,-1.85,-2.37,-0.00
3000.00,0.00,244.98,0.00,2998.36,-99.22,253.77,-0.18,42.26,0.00,1.74,0.00,5.15,-1.73,-3.27,-0.00
3000.00,0.00,245.96,0.00,2998.33,-100.03,251.79,-0.18,42.26,0.00,2.52,0.00,4.49,-1.61,-3.95,-0.00
3000.00,0.00,247.56,0.00,2998.33,-100.11,249.70,-0.16,42.26,0.00,3.33,0.00,3.07,0.78,-4.43,0.07
3000.00,0.00,249.34,0.00,2998.37,-98.90,247.20,-0.11,42.26,0.00,3.93,0.00,1.34,3.31,-4.83,0.13
3000.00,0.00,251.79,0.00,2998.42,-97.26,245.23,-0.05,42.26,0.00,4.49,0.00,0.55,3.28,-3.34,0.10
