-2500.00,0.00,0.00,0.00,-1855.66,105.90,3.30,0.75,0.00,0.00,0.00,0.00,0.00,0.00,0.00,0.00
-2499.60,0.00,0.28,0.00,-1858.10,106.54,3.01,0.81,1.42,0.00,1.01,0.00,-8.52,1.94,-1.03,0.24
-2498.62,0.00,0.97,0.00,-1864.10,107.33,2.27,0.94,2.71,0.00,1.88,0.00,-15.61,0.94,-1.93,0.28
-2496.94,0.00,2.11,0.00,-1872.88,106.92,1.15,1.07,4.06,0.00,2.70,0.00,-20.57,-2.64,-2.73,0.27
-2495.38,0.00,3.12,0.00,-1883.34,104.41,0.14,1.19,5.00,0.00,3.21,0.00,-23.09,-7.65,-1.64,0.25
-2492.74,0.00,4.76,0.00,-1895.39,98.81,0.00,1.32,6.28,0.00,3.80,0.00,-23.48,-13.59,-0.57,0.23
-2489.56,0.00,6.62,0.00,-1907.01,90.29,0.00,1.43,7.52,0.00,4.28,0.00,-22.09,-19.23,0.45,0.22
-2485.99,0.00,8.58,0.00,-1917.19,79.55,0.48,1.54,8.70,0.00,4.64,0.00,-19.63,-24.04,1.40,0.21
-2481.39,0.00,10.94,0.00,-1926.57,65.63,1.49,1.64,10.00,0.00,4.96,0.00,-16.35,-28.54,2.35,0.20
-2476.20,0.00,13.41,0.00,-1933.34,51.32,2.79,1.73,11.28,0.00,5.20,0.00,-12.73,-31.68,3.09,0.19
-2470.34,0.00,16.01,0.00,-1937.65,38.46,4.12,1.81,12.54,0.00,5.37,0.00,-9.60,-33.73,3.61,0.18
-2464.90,0.00,18.26,0.00,-1941.85,17.00,6.56,1.91,13.59,0.00,5.49,0.00,-4.64,-36.07,4.28,0.17
-2457.73,0.00,21.04,0.00,-1943.00,1.58,8.45,1.99,14.84,0.00,5.59,0.00,-1.21,-37.04,4.63,0.17
-2451.80,0.00,23.21,0.00,-1942.47,-17.39,10.90,2.07,15.78,0.00,5.64,0.00,2.81,-37.66,4.96,0.16
-2444.65,0.00,25.69,0.00,-1939.40,-39.35,13.88,2.16,16.82,0.00,5.69,0.00,7.23,-37.69,5.24,0.16
-2429.45,0.00,30.57,0.00,-1939.40,-39.35,13.88,2.16,18.78,0.00,5.75,0.00,7.23,-37.69,5.24,0.16
-2418.87,0.00,33.70,0.00,-1934.71,-58.35,16.59,2.24,19.99,0.00,5.78,0.00,10.85,-37.17,5.41,0.15
-2409.04,0.00,36.47,0.00,-1927.87,-77.88,19.51,2.32,21.01,0.00,5.79,0.00,14.37,-36.18,5.54,0.15
-2398.71,0.00,39.25,0.00,-1918.49,-98.24,22.73,2.41,22.01,0.00,5.81,0.00,17.82,-34.70,5.63,0.14
-2388.67,0.00,41.84,0.00,-1909.62,-113.87,25.35,2.47,22.91,0.00,5.81,0.00,20.32,-33.23,5.69,0.14
-2377.16,0.00,44.70,0.00,-1901.42,-126.33,27.53,2.53,23.86,0.00,5.82,0.00,22.20,-31.86,5.72,0.14
-2366.78,0.00,47.19,0.00,-1888.86,-142.75,30.60,2.60,24.66,0.00,5.82,0.00,24.53,-29.81,5.76,0.13
-2354.64,0.00,50.00,0.00,-1877.95,-156.09,33.48,2.67,25.54,0.00,5.83,0.00,19.61,-24.39,5.78,0.14
-2338.94,0.00,53.50,0.00,-1869.32,-167.36,36.46,2.74,26.59,0.00,5.83,0.00,14.43,-20.04,5.79,0.14
-2326.24,0.00,56.24,0.00,-1863.30,-176.84,39.50,2.82,27.37,0.00,5.83,0.00,9.11,-16.76,5.81,0.15
-2311.29,0.00,59.37,0.00,-1860.44,-183.56,41.99,2.88,28.22,0.00,5.83,0.00,4.68,-14.85,5.81,0.16
-2295.04,0.00,62.67,0.00,-1859.93,-190.24,45.11,2.95,29.08,0.00,5.83,0.00,-2.26,-10.89,5.82,0.11
-2279.92,0.00,65.66,0.00,-1863.13,-194.77,48.48,2.98,29.82,0.00,5.83,0.00,-8.33,-5.41,5.82,-0.03
-2265.64,0.00,68.42,0.00,-1868.94,-196.20,51.46,2.94,30.47,0.00,5.83,0.00,-13.81,-0.61,5.83,-0.12
-2249.92,0.00,71.39,0.00,-1876.97,-195.16,54.31,2.88,31.14,0.00,5.83,0.00,-18.46,4.48,5.83,-0.14
-2233.84,0.00,74.37,0.00,-1888.32,-190.89,57.49,2.80,31.78,0.00,5.83,0.00,-22.63,10.67,5.83,-0.14
-2216.83,0.00,77.46,0.00,-1902.14,-184.05,60.60,2.74,32.41,0.00,5.83,0.00,-28.50,14.49,5.83,-0.07
-2203.16,0.00,79.90,0.00,-1918.04,-176.76,63.56,2.73,32.88,0.00,5.83,0.00,-33.63,13.98,5.83,0.04
-2188.56,0.00,82.47,0.00,-1938.28,-169.76,66.78,2.78,33.36,0.00,5.83,0.00,-39.29,11.43,5.83,0.10
-2172.99,0.00,85.17,0.00,-1958.29,-164.25,69.56,2.81,33.84,0.00,5.83,0.00,-44.10,11.73,5.83,0.06
-2156.57,0.00,87.98,0.00,-1981.74,-157.24,72.58,2.81,34.31,0.00,5.83,0.00,-46.03,15.33,5.83,-0.05
-2139.37,0.00,90.88,0.00,-2003.66,-148.77,75.34,2.78,34.78,0.00,5.83,0.00,-46.63,20.20,5.83,-0.10
-2123.00,0.00,93.61,0.00,-2025.03,-138.26,78.01,2.73,35.19,0.00,5.83,0.00,-46.41,25.09,5.83,-0.10
-2104.82,0.00,96.60,0.00,-2049.30,-124.65,80.99,2.69,35.62,0.00,5.83,0.00,-48.48,27.72,5.83,-0.05
-2085.45,0.00,99.75,0.00,-2077.03,-108.55,84.25,2.67,36.04,0.00,5.83,0.00,-50.58,29.69,5.83,-0.03
-2069.69,0.00,102.29,0.00,-2110.53,-88.67,88.03,2.65,36.37,0.00,5.83,0.00,-52.62,31.45,5.83,-0.02
-2051.41,0.00,105.20,0.00,-2139.78,-69.62,91.33,2.62,36.72,0.00,5.83,0.00,-50.58,35.58,5.83,-0.09
-2033.32,0.00,108.06,0.00,-2162.65,-52.21,94.03,2.58,37.05,0.00,5.83,0.00,-48.44,39.27,5.83,-0.10
-2014.20,0.00,111.06,0.00,-2186.23,-31.50,96.95,2.52,37.38,0.00,5.83,0.00,-46.02,43.01,5.83,-0.10
-1995.66,0.00,113.94,0.00,-2205.79,-11.42,99.65,2.47,37.67,0.00,5.83,0.00,-39.16,43.52,5.83,-0.12
-1976.60,0.00,116.88,0.00,-2223.33,12.25,102.77,2.39,37.95,0.00,5.83,0.00,-27.73,44.59,5.83,-0.17
-1958.55,0.00,119.64,0.00,-2235.68,37.25,106.08,2.29,38.20,0.00,5.83,0.00,-17.15,43.42,5.83,-0.18
-1936.36,0.00,123.02,0.00,-2241.67,57.59,108.89,2.20,38.49,0.00,5.83,0.00,-8.75,41.11,5.83,-0.19
-1917.59,0.00,125.85,0.00,-2243.89,76.92,111.76,2.10,38.71,0.00,5.83,0.00,-1.16,37.63,5.83,-0.20
-1897.81,0.00,128.82,0.00,-2242.46,95.21,114.79,1.99,38.94,0.00,5.83,0.00,5.79,33.01,5.83,-0.21
-1882.67,0.00,131.08,0.00,-2238.14,109.94,117.63,1.89,39.10,0.00,5.83,0.00,11.29,27.94,5.83,-0.22
-1861.18,0.00,134.28,0.00,-2231.28,122.22,120.52,1.77,39.31,0.00,5.83,0.00,15.81,22.18,5.83,-0.23
-1840.11,0.00,137.40,0.00,-2221.91,131.98,123.58,1.65,39.51,0.00,5.83,0.00,19.35,15.55,5.83,-0.25
-1818.15,0.00,140.63,0.00,-2211.50,137.99,126.53,1.52,39.70,0.00,5.83,0.00,21.44,8.84,5.83,-0.26
-1797.56,0.00,143.65,0.00,-2199.11,140.61,129.82,1.37,39.86,0.00,5.83,0.00,22.17,1.16,5.83,-0.27
-1780.86,0.00,146.09,0.00,-2186.45,138.78,133.22,1.21,39.99,0.00,5.83,0.00,21.04,-6.68,5.83,-0.29
-1759.89,0.00,149.14,0.00,-2175.53,132.87,136.50,1.04,40.14,0.00,5.83,0.00,17.87,-13.54,5.83,-0.30
-1739.74,0.00,152.06,0.00,-2168.46,125.71,139.12,0.91,40.27,0.00,5.83,0.00,13.83,-17.71,5.83,-0.28
-1716.13,0.00,155.48,0.00,-2162.59,114.95,142.31,0.77,40.42,0.00,5.83,0.00,8.17,-21.05,5.83,-0.25
-1696.05,0.00,158.37,0.00,-2159.99,104.19,145.17,0.65,40.53,0.00,5.83,0.00,2.99,-22.61,5.83,-0.23
-1676.14,0.00,161.23,0.00,-2159.77,94.06,147.75,0.56,40.64,0.00,5.83,0.00,-1.49,-23.10,5.83,-0.21
-1655.31,0.00,164.22,0.00,-2161.58,83.43,150.44,0.46,40.75,0.00,5.83,0.00,-5.83,-22.89,5.83,-0.20
-1631.37,0.00,167.64,0.00,-2165.41,72.77,153.21,0.37,40.86,0.00,5.83,0.00,-9.86,-22.07,5.83,-0.18
-1611.34,0.00,170.49,0.00,-2171.85,61.45,156.33,0.28,40.94,0.00,5.83,0.00,-13.74,-20.44,5.83,-0.17
-1593.63,0.00,173.01,0.00,-2177.59,51.61,159.44,0.19,41.02,0.00,5.83,0.00,-8.28,-17.14,5.83,-0.17
-1572.72,0.00,175.98,0.00,-2180.24,43.81,162.24,0.10,41.10,0.00,5.83,0.00,-3.27,-15.75,5.83,-0.19
-1550.85,0.00,179.08,0.00,-2180.15,35.47,165.39,-0.00,41.18,0.00,5.83,0.00,2.98,-15.39,5.83,-0.20
-1525.36,0.00,182.69,0.00,-2177.82,29.12,167.78,-0.08,41.26,0.00,5.83,0.00,7.93,-15.76,5.83,-0.19
-1505.14,0.00,185.55,0.00,-2171.31,21.90,170.90,-0.14,41.32,0.00,5.83,0.00,15.81,-11.91,5.83,-0.02
-1486.80,0.00,188.13,0.00,-2160.66,16.60,173.95,-0.12,41.38,0.00,5.83,0.00,24.14,-8.63,5.83,0.08
-1462.79,0.00,191.52,0.00,-2147.25,13.43,176.71,-0.07,41.44,0.00,5.83,0.00,31.58,-4.97,5.83,0.12
-1442.40,0.00,194.38,0.00,-2130.91,12.18,179.41,-0.02,41.49,0.00,5.83,0.00,38.32,-0.76,5.83,0.12
-1422.25,0.00,197.21,0.00,-2111.77,12.28,182.04,0.02,41.54,0.00,5.83,0.00,45.71,0.94,5.83,0.06
-1401.98,0.00,200.06,0.00,-2088.18,13.11,184.81,0.05,41.59,0.00,5.83,0.00,52.81,2.38,5.83,0.04
-1383.60,0.00,202.64,0.00,-2065.22,13.70,187.23,0.05,41.62,0.00,5.83,0.00,57.43,0.38,5.83,-0.05
-1362.54,0.00,205.58,0.00,-2038.28,12.95,189.85,0.01,41.67,0.00,5.83,0.00,61.94,-3.53,5.83,-0.09
-1343.97,0.00,208.18,0.00,-2006.73,10.79,192.68,-0.02,41.70,0.00,5.83,0.00,67.65,-5.05,5.83,-0.04
-1326.16,0.00,210.67,0.00,-1971.59,8.00,195.58,-0.04,41.73,0.00,5.83,0.00,72.87,-6.04,5.83,-0.03
-1304.83,0.00,213.65,0.00,-1928.45,4.28,198.90,-0.05,41.76,0.00,5.83,0.00,78.18,-6.91,5.83,-0.02
-1281.01,0.00,216.98,0.00,-1889.42,1.72,201.75,-0.04,41.80,0.00,5.83,0.00,80.85,-3.37,5.83,0.07
-1264.31,0.00,219.31,0.00,-1850.47,1.52,204.53,-0.00,41.82,0.00,5.83,0.00,82.80,2.12,5.83,0.09
-1238.40,0.00,222.92,0.00,-1807.09,3.35,207.52,0.03,41.86,0.00,5.83,0.00,85.99,4.48,5.83,0.04
-1219.91,0.00,225.50,0.00,-1755.77,6.48,210.94,0.05,41.88,0.00,5.83,0.00,88.78,5.94,5.83,0.02
-1198.81,0.00,228.43,0.00,-1714.16,8.53,213.66,0.04,41.91,0.00,5.83,0.00,89.43,2.60,5.83,-0.06
-1176.49,0.00,231.54,0.00,-1661.76,7.86,217.07,-0.01,41.93,0.00,5.83,0.00,89.82,-4.31,5.83,-0.08
-1156.99,0.00,234.25,0.00,-1615.07,4.94,220.07,-0.04,41.95,0.00,5.83,0.00,91.22,-6.47,5.83,-0.04
-1134.48,0.00,237.38,0.00,-1557.59,0.43,223.72,-0.05,41.97,0.00,5.83,0.00,92.48,-7.71,5.83,-0.02
-1117.47,0.00,239.74,0.00,-1510.74,-2.54,226.69,-0.04,41.99,0.00,5.83,0.00,91.84,-3.71,5.83,0.07
-1099.61,0.00,242.22,0.00,-1464.40,-2.71,229.65,-0.00,42.00,0.00,5.83,0.00,90.99,2.50,5.83,0.08
-1079.10,0.00,245.07,0.00,-1418.82,-0.75,232.56,0.03,42.02,0.00,5.83,0.00,91.36,4.77,5.83,0.04
-1056.47,0.00,248.21,0.00,-1366.33,2.42,235.91,0.04,42.04,0.00,5.83,0.00,91.54,6.04,5.83,0.02
-1019.40,0.00,252.99,0.00,-1366.33,2.42,235.91,0.04,42.06,0.00,4.33,0.00,91.54,6.04,5.83,0.02
-996.60,0.00,254.88,0.00,-1318.61,4.60,238.97,0.03,42.07,0.00,2.83,0.00,90.24,1.96,5.83,-0.07
-975.39,0.00,255.97,0.00,-1268.22,3.62,242.26,-0.02,42.09,0.00,1.66,0.00,88.68,-4.81,5.83,-0.08
-954.83,0.00,256.50,0.00,-1228.12,0.89,244.90,-0.04,42.10,0.00,0.64,0.00,88.61,-6.76,5.83,-0.04
-930.93,0.00,256.51,0.00,-1186.48,-1.67,247.66,-0.04,42.11,0.00,-0.50,0.00,87.30,-3.75,5.83,0.05
-910.31,0.00,256.01,0.00,-1141.73,-1.95,250.68,-0.00,42.12,0.00,-1.45,0.00,85.89,2.24,5.83,0.08
-910.31,0.00,256.01,0.00,-1066.67,1.74,255.78,0.04,42.12,0.00,-1.45,0.00,85.56,5.38,5.83,0.03
-888.74,0.00,255.00,0.00,-1027.33,5.34,258.13,0.07,42.13,0.00,-2.37,0.00,78.65,9.43,4.15,0.08
-871.71,0.00,253.90,0.00,-991.19,11.03,259.76,0.11,42.14,0.00,-3.01,0.00,72.20,13.67,2.83,0.09
-851.19,0.00,252.25,0.00,-954.61,19.51,260.90,0.16,42.14,0.00,-3.67,0.00,65.55,17.56,1.59,0.09
-804.72,0.00,247.55,0.00,-954.61,19.51,260.90,0.16,42.16,0.00,-4.71,0.00,65.55,17.56,1.59,0.09
-804.72,0.00,247.55,0.00,-895.18,39.97,261.41,0.25,42.16,0.00,-4.71,0.00,54.32,22.79,-0.44,0.10
-784.87,0.00,245.71,0.00,-869.06,52.10,260.91,0.30,42.17,0.00,-3.31,0.00,49.10,24.71,-1.43,0.10
-760.03,0.00,244.23,0.00,-848.92,63.07,260.11,0.34,42.17,0.00,-1.89,0.00,44.89,26.03,-2.21,0.10
-737.25,0.00,243.56,0.00,-828.53,75.91,258.83,0.39,42.18,0.00,-0.74,0.00,40.39,27.23,-2.99,0.11
-714.98,0.00,243.47,0.00,-807.11,91.79,256.88,0.45,42.18,0.00,0.32,0.00,35.30,28.29,-3.75,0.11
-693.46,0.00,243.92,0.00,-791.72,105.11,255.01,0.51,42.19,0.00,1.32,0.00,31.32,28.90,-4.25,0.11
-675.54,0.00,244.66,0.00,-775.75,121.28,252.51,0.57,42.19,0.00,2.10,0.00,26.77,29.34,-4.70,0.11
-652.22,0.00,246.10,0.00,-763.08,132.59,250.20,0.56,42.20,0.00,2.99,0.00,27.05,19.22,-5.00,-0.15
-631.28,0.00,247.77,0.00,-751.66,138.39,248.07,0.48,42.20,0.00,3.67,0.00,27.55,9.52,-5.20,-0.21
-610.05,0.00,249.78,0.00,-741.82,140.26,246.44,0.40,42.21,0.00,4.22,0.00,26.84,1.74,-4.01,-0.22
-589.91,0.00,251.90,0.00,-730.10,138.94,244.92,0.30,42.21,0.00,4.62,0.00,24.27,-6.36,-2.78,-0.22
-566.90,0.00,253.93,0.00,-719.36,134.08,243.87,0.19,42.21,0.00,3.05,0.00,20.01,-12.62,-1.65,-0.23
-540.84,0.00,255.30,0.00,-710.14,125.58,243.31,0.07,42.22,0.00,1.60,0.00,13.96,-17.49,-0.51,-0.24
-518.13,0.00,255.83,0.00,-705.00,116.69,243.32,-0.05,42.22,0.00,0.48,0.00,8.34,-19.77,0.44,-0.25
-499.27,0.00,255.83,0.00,-702.45,106.46,243.82,-0.18,42.22,0.00,-0.41,0.00,2.36,-20.57,1.42,-0.26
-479.98,0.00,255.41,0.00,-702.90,95.81,244.84,-0.31,42.23,0.00,-1.31,0.00,-3.50,-19.91,2.36,-0.26
-457.37,0.00,254.42,0.00,-706.23,85.90,246.32,-0.45,42.23,0.00,-2.28,0.00,-8.62,-17.91,3.18,-0.26
-435.14,0.00,252.98,0.00,-711.84,77.44,248.17,-0.58,42.23,0.00,-3.11,0.00,-12.39,-14.75,3.85,-0.24
-412.09,0.00,251.06,0.00,-717.31,69.97,250.24,-0.69,42.23,0.00,-3.82,0.00,-9.82,-15.32,4.35,-0.22
-392.20,0.00,249.13,0.00,-720.34,63.33,252.37,-0.76,42.23,0.00,-4.31,0.00,-3.78,-13.82,4.72,-0.06
-370.64,0.00,247.35,0.00,-720.30,56.13,254.38,-0.76,42.24,0.00,-2.88,0.00,3.21,-13.72,3.17,0.06
-350.63,0.00,246.27,0.00,-718.18,50.47,255.64,-0.71,42.24,0.00,-1.78,0.00,4.95,-9.20,1.96,0.15
-326.44,0.00,245.64,0.00,-715.64,47.29,256.28,-0.64,42.24,0.00,-0.58,0.00,6.02,-5.16,0.98,0.18
-305.35,0.00,245.63,0.00,-712.14,45.93,256.49,-0.53,42.24,0.00,0.42,0.00,6.50,-0.27,-0.13,0.19
-280.55,0.00,246.25,0.00,-707.70,46.00,256.20,-0.44,42.24,0.00,1.56,0.00,12.14,0.62,-1.04,0.19
-260.90,0.00,247.19,0.00,-702.49,46.40,255.69,-0.38,42.24,0.00,2.39,0.00,16.41,1.56,-1.72,0.18
-239.17,0.00,248.65,0.00,-693.80,47.42,254.72,-0.30,42.25,0.00,3.19,0.00,21.57,2.87,-2.50,0.16
-213.70,0.00,250.83,0.00,-677.89,49.86,252.81,-0.21,42.25,0.00,3.95,0.00,28.37,4.76,-3.44,0.14
-196.81,0.00,252.17,0.00,-663.63,51.68,251.12,-0.16,42.25,0.00,2.87,0.00,34.13,3.43,-3.98,0.08
-175.96,0.00,253.26,0.00,-645.08,53.92,249.50,-0.11,42.25,0.00,1.72,0.00,39.18,5.43,-2.64,0.11
-153.78,0.00,253.84,0.00,-623.72,55.69,248.48,-0.09,42.25,0.00,0.62,0.00,43.66,1.63,-1.48,-0.02
-133.20,0.00,253.88,0.00,-597.27,54.86,248.01,-0.12,42.25,0.00,-0.36,0.00,48.36,-4.23,-0.30,-0.10
-109.66,0.00,253.35,0.00,-571.98,51.09,248.14,-0.18,42.25,0.00,-1.45,0.00,51.70,-10.22,0.70,-0.11
-88.54,0.00,252.37,0.00,-546.03,46.29,248.73,-0.20,42.25,0.00,-2.34,0.00,55.58,-9.27,1.63,0.02
-69.73,0.00,251.16,0.00,-515.52,42.45,249.86,-0.16,42.25,0.00,-3.05,0.00,59.81,-5.35,2.55,0.09
-46.71,0.00,249.27,0.00,-482.29,41.01,251.47,-0.11,42.25,0.00,-3.77,0.00,63.45,-0.52,3.35,0.10
-24.66,0.00,247.71,0.00,-448.14,40.05,252.86,-0.10,42.25,0.00,-2.42,0.00,65.92,-3.38,2.06,-0.03
-1.51,0.00,246.75,0.00,-418.10,37.43,253.54,-0.12,42.25,0.00,-1.21,0.00,67.53,-8.06,1.09,-0.09
17.16,0.00,246.44,0.00,-384.82,31.93,253.80,-0.17,42.25,0.00,-0.30,0.00,68.67,-13.93,0.10,-0.09
40.69,0.00,246.61,0.00,-344.51,22.92,253.50,-0.20,42.26,0.00,0.81,0.00,71.76,-16.89,-1.04,-0.04
63.05,0.00,247.34,0.00,-310.38,15.53,252.79,-0.20,42.26,0.00,1.81,0.00,73.42,-14.30,-1.92,0.06
86.43,0.00,248.63,0.00,-278.56,10.43,251.79,-0.17,42.26,0.00,2.75,0.00,75.02,-9.80,-2.64,0.09
86.43,0.00,248.63,0.00,-204.79,6.32,248.53,-0.08,42.26,0.00,2.75,0.00,77.09,0.48,-3.95,0.09
107.99,0.00,250.25,0.00,-160.20,8.28,246.75,-0.03,42.26,0.00,3.48,0.00,77.30,5.67,-2.43,0.09
153.39,0.00,252.52,0.00,-160.20,8.28,246.75,-0.03,42.26,0.00,0.99,0.00,77.30,5.67,-2.43,0.09
153.39,0.00,252.52,0.00,-89.24,13.98,245.50,0.02,42.26,0.00,0.99,0.00,79.72,6.61,-0.49,0.03
173.81,0.00,252.73,0.00,-53.79,16.20,245.50,0.01,42.26,0.00,0.01,0.00,79.38,3.27,0.40,-0.06
196.72,0.00,252.41,0.00,-20.95,16.52,245.85,-0.02,42.26,0.00,-1.07,0.00,78.98,-1.40,1.21,-0.08
218.19,0.00,251.61,0.00,18.27,13.82,246.76,-0.07,42.26,0.00,-2.01,0.00,71.87,-8.20,2.17,-0.10
241.37,0.00,250.22,0.00,62.55,9.31,248.44,-0.08,42.26,0.00,-2.92,0.00,72.20,-5.70,3.15,0.05
260.79,0.00,248.72,0.00,99.39,7.85,250.23,-0.04,42.26,0.00,-3.56,0.00,72.39,-0.34,3.81,0.09
281.40,0.00,247.32,0.00,130.77,5.96,251.68,-0.06,42.26,0.00,-2.32,0.00,64.39,-8.22,2.60,-0.14
300.66,0.00,246.52,0.00,161.63,-0.70,252.69,-0.13,42.26,0.00,-1.31,0.00,53.81,-15.80,1.41,-0.14
321.21,0.00,246.15,0.00,184.92,-9.54,253.11,-0.20,42.26,0.00,-0.32,0.00,44.51,-20.38,0.42,-0.15
343.58,0.00,246.29,0.00,203.94,-20.17,253.06,-0.27,42.26,0.00,0.74,0.00,35.48,-23.22,-0.54,-0.16
362.70,0.00,246.84,0.00,220.14,-33.19,252.45,-0.36,42.26,0.00,1.61,0.00,25.77,-24.75,-1.58,-0.17
384.28,0.00,247.92,0.00,229.34,-43.75,251.61,-0.43,42.26,0.00,2.50,0.00,18.42,-24.91,-2.33,-0.18
403.54,0.00,249.24,0.00,238.58,-53.44,250.18,-0.44,42.26,0.00,3.20,0.00,17.94,-14.09,-3.14,0.14
425.55,0.00,251.10,0.00,248.41,-57.93,248.85,-0.34,42.26,0.00,3.86,0.00,17.38,-3.21,-1.82,0.23
445.05,0.00,252.56,0.00,256.28,-57.23,248.25,-0.23,42.26,0.00,2.64,0.00,15.27,5.06,-0.80,0.23
467.13,0.00,253.60,0.00,262.66,-53.24,248.12,-0.12,42.26,0.00,1.46,0.00,11.87,10.95,0.15,0.23
490.66,0.00,254.06,0.00,267.09,-47.43,248.40,-0.01,42.26,0.00,0.31,0.00,8.09,14.33,1.04,0.23
512.72,0.00,253.92,0.00,269.85,-40.33,249.11,0.09,42.26,0.00,-0.73,0.00,4.19,15.97,1.91,0.22
534.44,0.00,253.26,0.00,270.89,-31.57,250.42,0.21,42.26,0.00,-1.71,0.00,0.06,16.26,2.82,0.22
555.25,0.00,252.18,0.00,271.55,-23.97,251.87,0.30,42.26,0.00,-2.57,0.00,2.62,17.15,3.46,0.20
576.59,0.00,250.67,0.00,274.22,-16.43,253.23,0.36,42.26,0.00,-3.32,0.00,7.85,14.13,2.24,0.04
599.41,0.00,248.68,0.00,280.58,-9.39,254.10,0.35,42.26,0.00,-3.98,0.00,14.45,11.52,1.03,-0.08
616.55,0.00,247.31,0.00,288.26,-4.87,254.33,0.30,42.26,0.00,-2.88,0.00,19.78,9.07,0.13,-0.13
639.16,0.00,246.14,0.00,297.07,-1.86,254.21,0.25,42.26,0.00,-1.64,0.00,24.36,6.42,-0.65,-0.14
664.99,0.00,245.57,0.00,310.02,0.25,253.66,0.18,42.26,0.00,-0.37,0.00,29.55,2.72,-1.57,-0.14
684.12,0.00,245.63,0.00,327.78,0.38,252.51,0.11,42.26,0.00,0.53,0.00,34.71,-1.82,-2.53,-0.13
705.39,0.00,246.17,0.00,347.69,-1.83,250.91,0.04,42.26,0.00,1.51,0.00,39.24,-6.00,-3.33,-0.12
728.42,0.00,247.29,0.00,371.22,-5.39,248.86,-0.01,42.26,0.00,2.47,0.00,45.20,-6.66,-4.01,-0.06
751.62,0.00,248.90,0.00,394.77,-8.76,247.26,-0.03,42.26,0.00,3.31,0.00,50.22,-7.03,-2.69,-0.04
773.08,0.00,250.76,0.00,422.72,-11.57,246.18,-0.03,42.26,0.00,3.93,0.00,53.91,-3.48,-1.47,0.07
798.51,0.00,252.59,0.00,454.28,-11.81,245.72,0.02,42.26,0.00,2.36,0.00,57.34,2.28,-0.31,0.10
819.07,0.00,253.45,0.00,481.06,-10.24,245.80,0.05,42.26,0.00,1.29,0.00,60.96,4.30,0.59,0.05
837.64,0.00,253.79,0.00,511.94,-8.66,246.36,0.06,42.26,0.00,0.39,0.00,63.32,1.81,1.55,-0.05
857.81,0.00,253.73,0.00,539.06,-8.78,247.19,0.02,42.26,0.00,-0.57,0.00,65.05,-2.15,2.30,-0.09
877.84,0.00,253.22,0.00,572.70,-10.38,248.58,-0.01,42.26,0.00,-1.49,0.00,68.18,-3.82,3.10,-0.04
896.13,0.00,252.39,0.00,606.39,-12.49,250.25,-0.02,42.26,0.00,-2.27,0.00,70.81,-4.74,3.74,-0.03
919.42,0.00,250.87,0.00,644.84,-14.09,252.44,-0.01,42.26,0.00,-3.13,0.00,71.92,-0.97,4.31,0.07
939.48,0.00,249.21,0.00,681.72,-12.93,254.22,0.03,42.26,0.00,-3.76,0.00,72.42,5.03,2.88,0.09
955.61,0.00,247.99,0.00,719.37,-8.57,255.37,0.08,42.26,0.00,-2.75,0.00,72.29,11.05,1.67,0.10
979.29,0.00,246.86,0.00,753.11,-2.17,255.90,0.12,42.26,0.00,-1.47,0.00,71.86,15.70,0.69,0.09
997.06,0.00,246.44,0.00,795.77,6.25,255.92,0.13,42.26,0.00,-0.60,0.00,72.43,12.34,-0.49,-0.05
1020.20,0.00,246.45,0.00,828.14,10.39,255.46,0.10,42.26,0.00,0.50,0.00,67.72,6.01,-1.40,-0.10
1039.16,0.00,246.89,0.00,865.45,10.88,254.31,0.03,42.26,0.00,1.37,0.00,61.44,-3.27,-2.44,-0.12
1063.64,0.00,248.02,0.00,894.33,6.83,252.88,-0.04,42.26,0.00,2.41,0.00,54.75,-11.76,-3.20,-0.15
1081.96,0.00,249.23,0.00,918.69,-0.94,251.16,-0.12,42.26,0.00,3.09,0.00,46.90,-19.27,-3.82,-0.18
1103.41,0.00,250.99,0.00,938.54,-10.71,249.23,-0.20,42.26,0.00,3.76,0.00,38.30,-21.74,-4.31,-0.15
1128.42,0.00,252.70,0.00,955.95,-18.55,247.53,-0.20,42.26,0.00,2.24,0.00,34.86,-11.72,-2.96,0.13
1150.05,0.00,253.53,0.00,972.33,-21.61,246.39,-0.12,42.26,0.00,1.13,0.00,31.84,-1.74,-1.80,0.19
1172.87,0.00,253.81,0.00,986.36,-20.33,245.80,-0.03,42.26,0.00,0.03,0.00,28.22,6.20,-0.81,0.19
1193.35,0.00,253.57,0.00,999.05,-15.66,245.67,0.06,42.26,0.00,-0.93,0.00,23.96,12.00,0.17,0.18
1216.64,0.00,252.74,0.00,1009.98,-8.70,246.03,0.15,42.26,0.00,-1.97,0.00,19.95,15.19,1.16,0.17
1237.37,0.00,251.55,0.00,1020.65,-2.10,246.84,0.19,42.26,0.00,-2.79,0.00,23.70,12.23,2.06,0.01
1254.65,0.00,250.27,0.00,1035.51,3.64,248.29,0.17,42.26,0.00,-3.38,0.00,28.60,8.36,2.98,-0.10
1273.80,0.00,248.60,0.00,1051.39,6.72,250.02,0.11,42.26,0.00,-3.93,0.00,32.88,3.99,3.67,-0.12
1292.67,0.00,247.15,0.00,1068.62,7.35,251.48,0.05,42.26,0.00,-2.74,0.00,36.36,-1.00,2.41,-0.13
1314.73,0.00,246.07,0.00,1084.93,5.89,252.29,-0.01,42.26,0.00,-1.54,0.00,38.94,-5.32,1.44,-0.13
1337.23,0.00,245.57,0.00,1106.53,1.61,252.73,-0.07,42.26,0.00,-0.44,0.00,41.68,-10.16,0.35,-0.12
1361.34,0.00,245.68,0.00,1127.74,-2.89,252.64,-0.10,42.26,0.00,0.70,0.00,44.67,-8.13,-0.63,0.01
1380.26,0.00,246.21,0.00,1151.87,-5.98,252.02,-0.07,42.26,0.00,1.56,0.00,47.86,-3.86,-1.63,0.09
1402.07,0.00,247.27,0.00,1180.70,-6.24,250.74,-0.01,42.26,0.00,2.47,0.00,50.81,2.43,-2.64,0.11
1422.83,0.00,248.70,0.00,1206.20,-3.61,249.24,0.05,42.26,0.00,3.22,0.00,52.62,7.69,-3.37,0.11
1446.59,0.00,250.74,0.00,1232.49,-0.22,247.92,0.07,42.26,0.00,3.93,0.00,54.70,5.90,-2.16,-0.02
1467.78,0.00,252.33,0.00,1264.94,1.71,247.07,0.03,42.26,0.00,2.60,0.00,57.09,0.86,-0.91,-0.09
1485.88,0.00,253.21,0.00,1294.95,0.59,246.90,-0.02,42.26,0.00,1.62,0.00,58.64,-4.64,0.13,-0.10
1524.36,0.00,253.78,0.00,1294.95,0.59,246.90,-0.02,42.26,0.00,-0.24,0.00,58.64,-4.64,0.13,-0.10
1524.36,0.00,253.78,0.00,1349.02,-4.07,247.83,-0.05,42.26,0.00,-0.24,0.00,62.05,-3.54,1.85,0.05
1546.51,0.00,253.36,0.00,1379.94,-4.53,248.98,-0.01,42.26,0.00,-1.27,0.00,63.07,1.39,2.69,0.09
1562.43,0.00,252.73,0.00,1414.44,-3.11,250.66,0.02,42.26,0.00,-1.97,0.00,65.37,3.44,3.47,0.04
1599.61,0.00,250.33,0.00,1414.44,-3.11,250.66,0.02,42.26,0.00,-3.35,0.00,65.37,3.44,3.47,0.04
1618.87,0.00,248.66,0.00,1446.59,-0.13,252.07,0.06,42.26,0.00,-3.91,0.00,60.31,7.85,2.19,0.09
1638.26,0.00,247.18,0.00,1473.75,4.60,252.83,0.10,42.26,0.00,-2.69,0.00,55.79,11.82,1.16,0.10
1657.37,0.00,246.23,0.00,1501.27,11.79,253.13,0.15,42.26,0.00,-1.65,0.00,50.94,15.45,0.11,0.10
1680.22,0.00,245.67,0.00,1522.73,19.22,252.96,0.20,42.26,0.00,-0.53,0.00,46.95,17.95,-0.77,0.10
1698.60,0.00,245.65,0.00,1543.49,28.12,252.38,0.25,42.26,0.00,0.34,0.00,42.87,20.09,-1.66,0.11
1720.02,0.00,246.10,0.00,1562.84,38.17,251.36,0.30,42.26,0.00,1.34,0.00,38.82,21.86,-2.49,0.11
1739.05,0.00,246.91,0.00,1578.89,48.02,250.11,0.35,42.26,0.00,2.16,0.00,35.23,23.16,-3.16,0.11
1760.95,0.00,248.27,0.00,1595.53,56.74,248.39,0.33,42.26,0.00,2.99,0.00,33.10,13.03,-3.80,-0.15
1780.96,0.00,249.86,0.00,1612.99,60.15,246.13,0.23,42.26,0.00,3.64,0.00,30.64,0.75,-4.36,-0.20
1802.56,0.00,251.89,0.00,1628.76,57.35,244.20,0.12,42.26,0.00,4.20,0.00,26.07,-9.29,-2.81,-0.21
1825.81,0.00,253.73,0.00,1639.81,51.39,243.16,0.02,42.26,0.00,2.70,0.00,21.02,-15.01,-1.71,-0.22
1844.81,0.00,254.68,0.00,1649.48,41.87,242.57,-0.10,42.26,0.00,1.67,0.00,14.68,-18.85,-0.56,-0.22
1865.11,0.00,255.22,0.00,1655.06,32.45,242.55,-0.21,42.26,0.00,0.66,0.00,9.26,-20.33,0.39,-0.22
1884.83,0.00,255.29,0.00,1658.03,23.78,242.92,-0.30,42.26,0.00,-0.27,0.00,5.10,-20.27,1.23,-0.21
1905.90,0.00,254.88,0.00,1659.49,15.22,243.65,-0.39,42.26,0.00,-1.25,0.00,1.96,-19.20,2.03,-0.19
1926.87,0.00,254.01,0.00,1660.44,7.05,244.99,-0.44,42.26,0.00,-2.16,0.00,1.80,-12.62,2.91,-0.01
1946.52,0.00,252.80,0.00,1661.40,2.16,246.62,-0.42,42.26,0.00,-2.92,0.00,2.05,-7.79,3.59,0.11
1965.51,0.00,251.33,0.00,1662.52,-0.66,248.76,-0.34,42.26,0.00,-3.54,0.00,1.98,-3.13,4.20,0.18
1987.98,0.00,249.27,0.00,1664.67,-1.60,250.76,-0.26,42.26,0.00,-4.15,0.00,6.95,-1.12,4.59,0.19
2012.22,0.00,247.39,0.00,1669.92,-1.34,252.72,-0.16,42.26,0.00,-2.60,0.00,12.42,1.95,3.07,0.18
2030.87,0.00,246.49,0.00,1676.33,0.16,253.80,-0.08,42.26,0.00,-1.60,0.00,16.65,4.74,2.03,0.17
2051.90,0.00,245.98,0.00,1685.91,3.41,254.51,-0.00,42.26,0.00,-0.56,0.00,21.20,7.95,0.96,0.15
2074.30,0.00,246.00,0.00,1698.46,7.60,254.71,0.05,42.26,0.00,0.50,0.00,27.36,8.44,-0.07,0.08
2095.72,0.00,246.53,0.00,1716.85,11.63,254.28,0.06,42.26,0.00,1.48,0.00,33.16,5.02,-1.26,-0.06
2117.03,0.00,247.53,0.00,1733.77,13.00,253.45,0.02,42.26,0.00,2.38,0.00,37.59,1.00,-2.13,-0.11
2134.08,0.00,248.63,0.00,1755.20,11.98,252.05,-0.04,42.26,0.00,3.02,0.00,41.99,-4.38,-3.00,-0.12
2155.67,0.00,250.38,0.00,1778.90,9.02,250.26,-0.08,42.26,0.00,3.71,0.00,47.50,-6.47,-3.70,-0.06
2174.39,0.00,251.73,0.00,1804.80,6.26,248.72,-0.08,42.26,0.00,2.56,0.00,51.39,-3.95,-2.36,0.05
2196.27,0.00,252.72,0.00,1837.19,5.66,247.74,-0.03,42.26,0.00,1.39,0.00,55.41,1.66,-1.04,0.10
2219.38,0.00,253.14,0.00,1868.96,7.15,247.51,0.00,42.26,0.00,0.27,0.00,60.15,3.42,0.06,0.05
2242.37,0.00,252.96,0.00,1900.82,9.19,247.83,0.02,42.26,0.00,-0.81,0.00,64.10,4.40,1.08,0.03
2263.90,0.00,252.27,0.00,1938.03,10.65,248.77,0.01,42.26,0.00,-1.78,0.00,66.46,0.52,2.13,-0.07
2282.51,0.00,251.30,0.00,1966.78,10.48,249.84,-0.01,42.26,0.00,-2.55,0.00,69.12,-1.06,2.82,-0.04
2304.69,0.00,249.73,0.00,2001.98,8.59,250.93,-0.05,42.26,0.00,-3.33,0.00,70.25,-6.17,1.66,-0.09
2321.06,0.00,248.65,0.00,2037.51,4.90,251.47,-0.08,42.26,0.00,-2.37,0.00,72.56,-8.26,0.62,-0.04
2340.71,0.00,247.81,0.00,2072.07,0.71,251.52,-0.09,42.26,0.00,-1.34,0.00,74.44,-9.42,-0.32,-0.03
2362.73,0.00,247.43,0.00,2113.95,-3.50,251.00,-0.08,42.26,0.00,-0.27,0.00,75.15,-5.31,-1.42,0.07
2381.70,0.00,247.53,0.00,2147.01,-4.60,250.18,-0.04,42.26,0.00,0.63,0.00,75.43,-0.16,-2.21,0.09
2405.08,0.00,248.20,0.00,2189.39,-2.68,248.65,0.01,42.26,0.00,1.69,0.00,75.29,6.24,-3.10,0.09
2424.46,0.00,249.18,0.00,2227.74,0.97,247.43,0.04,42.26,0.00,2.49,0.00,76.46,7.79,-1.90,0.04
2446.61,0.00,250.72,0.00,2265.44,4.05,246.78,0.04,42.26,0.00,3.29,0.00,76.20,4.50,-0.85,-0.06
2465.29,0.00,251.91,0.00,2309.29,4.65,246.66,-0.01,42.26,0.00,2.20,0.00,75.71,-1.99,0.31,-0.09
2482.45,0.00,252.60,0.00,2344.16,3.14,247.03,-0.04,42.26,0.00,1.31,0.00,76.37,-4.11,1.21,-0.04
2506.07,0.00,252.98,0.00,2380.37,0.86,247.83,-0.05,42.26,0.00,0.17,0.00,76.91,-5.34,2.08,-0.03
2526.73,0.00,252.79,0.00,2420.00,-1.05,249.16,-0.04,42.26,0.00,-0.81,0.00,76.03,-1.73,2.93,0.07
2545.24,0.00,252.24,0.00,2460.65,-0.25,250.97,0.00,42.26,0.00,-1.65,0.00,74.92,4.18,3.67,0.09
2569.12,0.00,251.00,0.00,2495.71,2.21,252.82,0.03,42.26,0.00,-2.63,0.00,75.19,5.91,4.18,0.04
2593.22,0.00,249.23,0.00,2530.55,5.25,254.47,0.05,42.26,0.00,-3.46,0.00,70.49,6.58,2.86,0.03
2612.76,0.00,247.93,0.00,2566.95,8.88,255.63,0.06,42.26,0.00,-2.30,0.00,65.83,6.90,1.62,0.02
2633.59,0.00,247.10,0.00,2602.57,12.80,256.17,0.07,42.26,0.00,-1.22,0.00,61.48,7.02,0.45,0.02
2656.42,0.00,246.77,0.00,2628.35,15.84,256.16,0.08,42.26,0.00,-0.12,0.00,58.47,7.03,-0.41,0.01
2675.15,0.00,246.93,0.00,2653.70,18.96,255.76,0.08,42.26,0.00,0.77,0.00,55.60,7.00,-1.28,0.01
2694.72,0.00,247.51,0.00,2680.64,22.44,254.87,0.09,42.26,0.00,1.65,0.00,52.64,6.93,-2.20,0.01
2717.05,0.00,248.66,0.00,2707.33,26.04,253.47,0.09,42.26,0.00,2.57,0.00,49.80,6.83,-3.03,0.01
2734.96,0.00,249.90,0.00,2730.02,29.21,251.89,0.10,42.26,0.00,3.21,0.00,47.46,6.73,-3.66,0.01
2755.29,0.00,251.62,0.00,2754.47,32.75,249.77,0.10,42.26,0.00,3.83,0.00,44.99,6.60,-4.24,0.01
2780.05,0.00,253.36,0.00,2774.71,35.76,248.15,0.11,42.26,0.00,2.32,0.00,43.00,6.49,-2.96,0.01
2802.60,0.00,254.24,0.00,2796.69,39.13,246.96,0.11,42.26,0.00,1.15,0.00,40.88,6.35,-1.72,0.01
2820.88,0.00,254.53,0.00,2818.00,42.49,246.37,0.12,42.26,0.00,0.26,0.00,38.86,6.21,-0.60,0.01
2845.77,0.00,254.30,0.00,2836.97,45.57,246.34,0.12,42.26,0.00,-0.91,0.00,37.09,6.07,0.40,0.01
2867.85,0.00,253.54,0.00,2856.21,48.76,246.86,0.12,42.26,0.00,-1.89,0.00,35.32,5.93,1.44,0.01
2889.25,0.00,252.34,0.00,2875.44,52.03,247.98,0.13,42.26,0.00,-2.75,0.00,33.57,5.78,2.44,0.01
2908.28,0.00,250.94,0.00,2892.74,55.04,249.52,0.13,42.26,0.00,-3.40,0.00,32.02,5.63,3.25,0.01
2930.71,0.00,248.94,0.00,2908.28,57.81,250.79,0.13,42.26,0.00,-4.04,0.00,30.63,5.50,2.04,0.01
2949.55,0.00,247.45,0.00,2922.40,60.37,251.49,0.14,42.26,0.00,-2.82,0.00,29.38,5.38,1.02,0.01
2970.92,0.00,246.35,0.00,2936.82,63.04,251.72,0.14,42.26,0.00,-1.65,0.00,28.10,5.24,0.01,0.01
2991.16,0.00,245.82,0.00,2950.68,65.65,251.44,0.14,42.26,0.00,-0.65,0.00,26.88,5.11,-1.00,0.01
3000.00,0.00,246.14,0.00,2950.68,65.65,251.44,0.14,42.26,0.00,1.22,0.00,26.88,5.11,-1.00,0.01
3000.00,0.00,246.85,0.00,2964.62,68.33,250.62,0.14,42.26,0.00,2.01,0.00,25.65,4.97,-1.99,0.00
3000.00,0.00,248.03,0.00,2979.65,71.28,249.08,0.15,42.26,0.00,2.81,0.00,24.31,4.82,-2.98,0.00
3000.00,0.00,249.69,0.00,2991.74,73.70,247.36,0.15,42.26,0.00,3.54,0.00,23.23,4.69,-3.67,0.00
3000.00,0.00,251.59,0.00,2999.05,75.59,246.08,0.15,42.26,0.00,4.10,0.00,22.38,4.59,-2.59,0.00
3000.00,0.00,253.22,0.00,2999.00,77.58,245.10,0.15,42.26,0.00,2.78,0.00,21.39,4.46,-1.45,0.00
3000.00,0.00,254.27,0.00,2998.95,79.34,244.67,0.15,42.26,0.00,1.66,0.00,20.51,4.35,-0.50,0.00
3000.00,0.00,254.74,0.00,2998.90,81.31,244.71,0.16,42.26,0.00,0.82,0.00,19.54,4.22,0.55,0.00
3000.00,0.00,254.89,0.00,2998.85,83.21,245.30,0.16,42.26,0.00,-0.08,0.00,18.59,4.09,1.57,0.00
3000.00,0.00,254.56,0.00,2998.80,84.96,246.34,0.16,42.26,0.00,-1.09,0.00,17.73,3.97,2.45,0.00
3000.00,0.00,253.78,0.00,2998.75,86.71,247.82,0.16,42.26,0.00,-2.01,0.00,16.87,3.84,3.24,0.00
3000.00,0.00,252.43,0.00,2998.70,88.30,249.55,0.17,42.26,0.00,-2.89,0.00,16.08,3.73,3.85,0.00
3000.00,0.00,250.76,0.00,2998.66,89.79,251.48,0.17,42.26,0.00,-3.60,0.00,15.33,3.62,4.33,0.00
3000.00,0.00,248.84,0.00,2998.60,91.50,253.39,0.17,42.26,0.00,-4.15,0.00,14.47,3.49,2.79,0.00
3000.00,0.00,247.12,0.00,2998.55,93.12,254.53,0.17,42.26,0.00,-2.75,0.00,13.65,3.36,1.55,0.00
3000.00,0.00,246.00,0.00,2998.51,94.40,254.99,0.17,42.26,0.00,-1.49,0.00,12.99,3.25,0.62,0.00
3000.00,0.00,245.52,0.00,2998.47,95.73,255.03,0.17,42.26,0.00,-0.32,0.00,12.30,3.14,-0.34,0.00
3000.00,0.00,245.67,0.00,2998.44,96.86,254.70,0.18,42.26,0.00,0.77,0.00,11.70,3.04,-1.16,0.00
3000.00,0.00,246.33,0.00,2998.39,98.28,253.76,0.18,42.26,0.00,1.74,0.00,10.94,2.91,-2.16,0.00
3000.00,0.00,247.30,0.00,2998.35,99.54,252.44,0.18,42.26,0.00,2.51,0.00,10.25,2.80,-2.98,0.00
3000.00,0.00,248.62,0.00,2998.31,100.62,250.95,0.18,42.26,0.00,3.21,0.00,9.64,2.69,-3.59,0.00
3000.00,0.00,250.71,0.00,2998.25,102.40,248.90,0.20,42.26,0.00,3.93,0.00,7.25,4.57,-4.18,0.08
3000.00,0.00,252.28,0.00,2998.16,105.12,247.18,0.25,42.26,0.00,2.62,0.00,4.71,6.31,-2.78,0.12
3000.00,0.00,253.28,0.00,2998.02,109.10,246.01,0.33,42.26,0.00,1.48,0.00,1.66,7.74,-1.49,0.15
3000.00,0.00,253.75,0.00,2997.85,113.67,245.54,0.42,42.26,0.00,0.35,0.00,-1.49,8.45,-0.34,0.16
3000.00,0.00,253.63,0.00,2996.46,117.65,245.62,0.50,42.26,0.00,-0.69,0.00,-4.15,8.46,0.60,0.17
3000.00,0.00,253.13,0.00,2993.72,121.64,246.17,0.58,42.26,0.00,-1.53,0.00,-6.82,7.89,1.54,0.18
3000.00,0.00,252.02,0.00,2989.58,125.30,247.19,0.67,42.26,0.00,-2.48,0.00,-9.34,6.69,2.43,0.17
3000.00,0.00,250.65,0.00,2984.46,128.13,248.58,0.75,42.26,0.00,-3.20,0.00,-11.45,5.05,3.18,0.17
3000.00,0.00,248.94,0.00,2977.37,130.27,250.61,0.85,42.26,0.00,-3.82,0.00,-13.42,2.71,3.90,0.16
3000.00,0.00,247.64,0.00,2970.83,130.98,252.09,0.92,42.26,0.00,-2.75,0.00,-14.65,0.54,2.67,0.16
3000.00,0.00,246.64,0.00,2963.09,130.55,253.12,1.00,42.26,0.00,-1.68,0.00,-15.61,-2.00,1.51,0.15
3000.00,0.00,246.08,0.00,2954.90,128.77,253.59,1.07,42.26,0.00,-0.57,0.00,-16.18,-4.65,0.45,0.15
3000.00,0.00,246.04,0.00,2946.30,125.53,253.52,1.15,42.26,0.00,0.32,0.00,-16.38,-7.39,-0.61,0.14
3000.00,0.00,246.31,0.00,2936.22,120.57,252.92,1.26,42.26,0.00,1.05,0.00,-21.29,-11.74,-1.61,0.25
3000.00,0.00,247.08,0.00,2924.64,112.76,251.81,1.38,42.26,0.00,1.97,0.00,-22.60,-17.80,-2.52,0.24
3000.00,0.00,248.20,0.00,2914.26,102.94,250.44,1.49,42.26,0.00,2.75,0.00,-21.40,-23.33,-3.24,0.23
3000.00,0.00,249.97,0.00,2904.32,89.84,248.64,1.60,42.26,0.00,3.54,0.00,-18.54,-28.58,-3.87,0.22
