-2500.00,0.00,0.00,0.00,-2584.07,-445.64,0.92,-0.97,0.00,0.00,0.00,0.00,0.00,0.00,0.00,0.00
-2499.61,0.00,0.28,0.00,-2583.77,-445.00,0.69,-0.95,1.41,0.00,1.00,0.00,1.14,2.51,-0.92,0.09
-2498.72,0.00,0.90,0.00,-2583.06,-443.27,0.07,-0.90,2.61,0.00,1.81,0.00,1.90,4.98,-1.77,0.14
-2497.23,0.00,1.92,0.00,-2581.96,-439.80,0.00,-0.82,3.87,0.00,2.59,0.00,2.09,7.85,-0.66,0.17
-2495.31,0.00,3.17,0.00,-2580.78,-433.23,0.00,-0.69,5.05,0.00,3.23,0.00,1.76,16.07,0.40,0.28
-2492.34,0.00,5.00,0.00,-2580.79,-423.72,0.46,-0.55,6.45,0.00,3.87,0.00,-1.85,21.59,1.36,0.27
-2488.38,0.00,7.29,0.00,-2583.04,-412.49,1.35,-0.43,7.93,0.00,4.42,0.00,-7.12,24.37,2.23,0.25
-2483.71,0.00,9.77,0.00,-2588.34,-399.93,2.71,-0.31,9.37,0.00,4.82,0.00,-13.23,24.89,3.04,0.23
-2478.62,0.00,12.28,0.00,-2597.28,-386.94,4.56,-0.18,10.70,0.00,5.10,0.00,-19.44,23.50,3.75,0.22
-2472.94,0.00,14.88,0.00,-2608.69,-375.65,6.63,-0.08,11.99,0.00,5.30,0.00,-24.66,20.92,4.29,0.21
-2466.86,0.00,17.46,0.00,-2621.49,-366.52,8.77,0.02,13.22,0.00,5.45,0.00,-28.75,17.80,4.68,0.20
-2459.43,0.00,20.40,0.00,-2637.86,-358.22,11.36,0.12,14.55,0.00,5.57,0.00,-32.41,13.84,5.01,0.19
-2451.05,0.00,23.48,0.00,-2654.07,-352.60,13.82,0.21,15.89,0.00,5.65,0.00,-34.88,10.00,5.23,0.18
-2443.15,0.00,26.19,0.00,-2674.35,-348.40,16.83,0.31,17.02,0.00,5.70,0.00,-36.87,5.43,5.42,0.17
-2435.53,0.00,28.67,0.00,-2692.99,-346.81,19.56,0.39,18.03,0.00,5.73,0.00,-37.86,1.43,5.54,0.16
-2425.91,0.00,31.64,0.00,-2710.14,-347.05,22.08,0.46,19.20,0.00,5.76,0.00,-38.19,-2.07,5.62,0.16
-2416.46,0.00,34.40,0.00,-2726.48,-348.69,24.50,0.53,20.24,0.00,5.78,0.00,-38.08,-5.22,5.67,0.15
-2407.89,0.00,36.79,0.00,-2745.20,-352.21,27.32,0.60,21.13,0.00,5.80,0.00,-37.54,-8.60,5.72,0.15
-2397.31,0.00,39.62,0.00,-2763.75,-357.40,30.19,0.67,22.13,0.00,5.81,0.00,-36.61,-11.73,5.75,0.14
-2384.41,0.00,42.91,0.00,-2781.46,-363.95,33.04,0.74,23.27,0.00,5.82,0.00,-35.38,-14.52,5.78,0.14
-2375.94,0.00,45.00,0.00,-2796.76,-369.92,35.92,0.81,23.96,0.00,5.82,0.00,-27.22,-9.79,5.79,0.14
-2363.13,0.00,48.04,0.00,-2807.87,-373.22,38.65,0.88,24.93,0.00,5.82,0.00,-20.73,-4.61,5.80,0.15
-2351.68,0.00,50.67,0.00,-2816.23,-373.90,41.41,0.95,25.74,0.00,5.83,0.00,-15.32,1.25,5.81,0.16
-2338.43,0.00,53.62,0.00,-2821.80,-371.38,44.31,1.01,26.62,0.00,5.83,0.00,-8.03,8.45,5.82,0.11
-2323.18,0.00,56.89,0.00,-2823.62,-366.38,46.90,1.04,27.55,0.00,5.83,0.00,-0.91,13.56,5.82,0.00
-2310.57,0.00,59.52,0.00,-2822.02,-358.35,49.70,1.02,28.26,0.00,5.83,0.00,6.89,19.28,5.82,-0.09
-2297.11,0.00,62.26,0.00,-2816.42,-347.61,52.53,0.96,28.97,0.00,5.83,0.00,15.40,24.24,5.83,-0.13
-2283.28,0.00,65.01,0.00,-2805.27,-333.35,55.65,0.89,29.66,0.00,5.83,0.00,25.23,28.31,5.83,-0.13
-2269.53,0.00,67.68,0.00,-2791.41,-319.54,58.36,0.83,30.30,0.00,5.83,0.00,33.62,30.78,5.83,-0.12
-2253.29,0.00,70.77,0.00,-2769.65,-301.65,61.62,0.77,31.00,0.00,5.83,0.00,43.09,32.86,5.83,-0.11
-2236.76,0.00,73.84,0.00,-2750.45,-287.86,64.02,0.73,31.67,0.00,5.83,0.00,49.41,33.92,5.83,-0.10
-2221.08,0.00,76.70,0.00,-2725.04,-270.45,66.83,0.69,32.26,0.00,5.83,0.00,55.39,38.01,5.83,-0.05
-2204.75,0.00,79.62,0.00,-2698.15,-251.93,69.53,0.68,32.83,0.00,5.83,0.00,60.42,41.72,5.83,-0.03
-2188.54,0.00,82.48,0.00,-2665.56,-229.36,72.54,0.66,33.36,0.00,5.83,0.00,65.37,45.34,5.83,-0.02
-2171.05,0.00,85.51,0.00,-2629.28,-204.17,75.65,0.65,33.90,0.00,5.83,0.00,69.78,48.47,5.83,-0.02
-2154.82,0.00,88.28,0.00,-2589.66,-176.66,78.87,0.64,34.36,0.00,5.83,0.00,73.58,51.08,5.83,-0.01
-2138.50,0.00,91.03,0.00,-2550.91,-149.78,81.87,0.64,34.80,0.00,5.83,0.00,76.46,52.98,5.83,-0.01
-2122.18,0.00,93.75,0.00,-2511.95,-124.08,84.78,0.61,35.21,0.00,5.83,0.00,79.88,50.15,5.83,-0.07
-2104.13,0.00,96.72,0.00,-2470.94,-100.06,87.70,0.57,35.63,0.00,5.83,0.00,83.32,46.10,5.83,-0.08
-2084.69,0.00,99.88,0.00,-2422.80,-75.40,91.00,0.53,36.06,0.00,5.83,0.00,86.38,41.55,5.83,-0.08
-2065.65,0.00,102.94,0.00,-2367.15,-50.82,94.70,0.47,36.45,0.00,5.83,0.00,88.88,36.54,5.83,-0.08
-2046.88,0.00,105.93,0.00,-2315.87,-31.37,98.03,0.43,36.81,0.00,5.83,0.00,90.43,32.00,5.83,-0.08
-2029.52,0.00,108.67,0.00,-2264.58,-14.75,101.32,0.38,37.12,0.00,5.83,0.00,91.45,27.44,5.83,-0.08
-2007.13,0.00,112.17,0.00,-2220.61,-2.80,104.12,0.34,37.49,0.00,5.83,0.00,91.85,22.85,5.83,-0.09
-1989.96,0.00,114.83,0.00,-2164.55,9.20,107.67,0.28,37.76,0.00,5.83,0.00,91.92,17.14,5.83,-0.09
-1951.67,0.00,120.70,0.00,-2164.55,9.20,107.67,0.28,38.29,0.00,5.83,0.00,91.92,17.14,5.83,-0.09
-1936.92,0.00,122.94,0.00,-2113.69,17.18,110.91,0.23,38.48,0.00,5.83,0.00,91.69,12.17,5.83,-0.09
-1921.48,0.00,125.27,0.00,-2063.08,23.16,114.35,0.19,38.67,0.00,5.83,0.00,80.92,8.69,5.83,-0.05
-1900.83,0.00,128.38,0.00,-2027.24,26.64,117.08,0.17,38.90,0.00,5.83,0.00,73.53,6.49,5.83,-0.04
-1880.80,0.00,131.37,0.00,-1994.44,29.15,119.82,0.15,39.12,0.00,5.83,0.00,66.85,4.44,5.83,-0.04
-1858.97,0.00,134.62,0.00,-1963.81,30.78,122.64,0.13,39.33,0.00,5.83,0.00,60.63,2.51,5.83,-0.04
-1839.47,0.00,137.50,0.00,-1934.72,31.53,125.60,0.11,39.51,0.00,5.83,0.00,54.65,0.66,5.83,-0.05
-1819.95,0.00,140.37,0.00,-1904.72,31.29,129.02,0.08,39.68,0.00,5.83,0.00,48.29,-1.24,5.83,-0.05
-1803.44,0.00,142.80,0.00,-1883.16,30.45,131.68,0.06,39.82,0.00,5.83,0.00,46.38,-2.31,5.83,-0.05
-1785.54,0.00,145.41,0.00,-1858.03,28.79,134.93,0.03,39.96,0.00,5.83,0.00,44.19,-3.54,5.83,-0.05
-1762.31,0.00,148.80,0.00,-1836.13,26.69,137.89,0.01,40.12,0.00,5.83,0.00,42.29,-4.60,5.83,-0.05
-1742.95,0.00,151.60,0.00,-1814.29,23.95,140.98,-0.02,40.25,0.00,5.83,0.00,40.41,-5.65,5.83,-0.05
-1724.42,0.00,154.29,0.00,-1793.55,20.69,144.04,-0.05,40.37,0.00,5.83,0.00,38.63,-6.62,5.83,-0.05
-1702.35,0.00,157.47,0.00,-1776.55,17.52,146.67,-0.07,40.50,0.00,5.83,0.00,37.17,-7.41,5.83,-0.05
-1680.14,0.00,160.66,0.00,-1756.92,13.23,149.83,-0.10,40.62,0.00,5.83,0.00,35.47,-8.31,5.83,-0.05
-1657.98,0.00,163.84,0.00,-1736.57,8.03,153.27,-0.13,40.73,0.00,5.83,0.00,33.70,-9.22,5.83,-0.05
-1635.22,0.00,167.10,0.00,-1721.33,3.59,155.97,-0.15,40.84,0.00,5.83,0.00,32.35,-9.89,5.83,-0.05
-1615.40,0.00,169.92,0.00,-1706.53,-1.20,158.70,-0.18,40.93,0.00,5.83,0.00,31.03,-10.53,5.83,-0.05
-1596.59,0.00,172.60,0.00,-1689.85,-6.83,161.90,-0.20,41.01,0.00,5.83,0.00,29.82,-9.94,5.83,-0.02
-1572.50,0.00,176.02,0.00,-1675.69,-11.74,164.73,-0.21,41.10,0.00,5.83,0.00,28.66,-10.32,5.83,-0.04
-1552.72,0.00,178.83,0.00,-1662.19,-16.10,167.59,-0.21,41.17,0.00,5.83,0.00,26.77,-7.63,5.83,0.04
-1531.74,0.00,181.80,0.00,-1648.39,-19.13,170.71,-0.17,41.24,0.00,5.83,0.00,24.94,-3.97,5.83,0.09
-1510.27,0.00,184.83,0.00,-1635.89,-20.12,173.76,-0.12,41.31,0.00,5.83,0.00,23.03,-0.20,5.83,0.11
-1486.86,0.00,188.13,0.00,-1623.14,-18.96,177.19,-0.05,41.38,0.00,5.83,0.00,20.55,3.69,5.83,0.12
-1467.09,0.00,190.92,0.00,-1612.89,-16.08,180.31,0.02,41.43,0.00,5.83,0.00,17.99,6.67,5.83,0.13
-1444.59,0.00,194.08,0.00,-1603.71,-11.56,183.57,0.09,41.49,0.00,5.83,0.00,15.09,9.15,5.83,0.13
-1424.02,0.00,196.97,0.00,-1596.42,-6.05,186.73,0.16,41.54,0.00,5.83,0.00,12.12,10.93,5.83,0.13
-1403.53,0.00,199.85,0.00,-1588.47,-1.04,189.74,0.19,41.58,0.00,5.83,0.00,18.16,8.69,5.83,-0.00
-1381.73,0.00,202.90,0.00,-1577.81,2.57,192.63,0.17,41.63,0.00,5.83,0.00,24.27,6.00,5.83,-0.10
-1358.32,0.00,206.18,0.00,-1564.24,4.56,195.50,0.11,41.67,0.00,5.83,0.00,30.17,2.31,5.83,-0.13
-1334.87,0.00,209.46,0.00,-1547.79,4.53,198.40,0.05,41.72,0.00,5.83,0.00,35.46,-2.07,5.83,-0.13
-1313.18,0.00,212.49,0.00,-1527.28,2.02,201.52,-0.02,41.75,0.00,5.83,0.00,40.52,-6.83,5.83,-0.12
-1294.74,0.00,215.07,0.00,-1507.33,-1.45,204.19,-0.06,41.78,0.00,5.83,0.00,45.92,-8.06,5.83,-0.06
-1272.10,0.00,218.23,0.00,-1483.95,-4.75,207.02,-0.06,41.81,0.00,5.83,0.00,50.18,-5.54,5.83,0.04
-1252.29,0.00,220.99,0.00,-1455.87,-6.35,210.13,-0.02,41.84,0.00,5.83,0.00,54.59,-0.67,5.83,0.10
-1232.70,0.00,223.72,0.00,-1431.04,-5.51,212.70,0.02,41.87,0.00,5.83,0.00,57.67,4.07,5.83,0.10
-1210.95,0.00,226.75,0.00,-1400.90,-2.85,215.62,0.05,41.89,0.00,5.83,0.00,62.21,6.13,5.83,0.05
-1188.64,0.00,229.85,0.00,-1364.85,-0.21,218.91,0.05,41.92,0.00,5.83,0.00,65.45,2.92,5.83,-0.06
-1167.50,0.00,232.80,0.00,-1338.19,0.08,221.24,0.02,41.94,0.00,5.83,0.00,67.42,-1.20,5.83,-0.09
-1147.33,0.00,235.60,0.00,-1303.10,-1.14,224.19,-0.01,41.96,0.00,5.83,0.00,70.96,-3.19,5.83,-0.04
-1132.34,0.00,237.68,0.00,-1265.01,-3.17,227.25,-0.03,41.97,0.00,5.83,0.00,74.12,-4.39,5.83,-0.03
-1109.78,0.00,240.82,0.00,-1224.08,-4.60,230.44,-0.02,41.99,0.00,5.83,0.00,75.41,-0.56,5.83,0.07
-1087.87,0.00,243.86,0.00,-1187.42,-3.46,233.26,0.02,42.01,0.00,5.83,0.00,76.27,4.84,5.83,0.09
-1062.70,0.00,247.35,0.00,-1153.72,-0.91,235.92,0.05,42.03,0.00,5.83,0.00,71.92,5.87,5.83,0.03
-1044.61,0.00,249.86,0.00,-1115.93,2.25,239.09,0.06,42.04,0.00,5.83,0.00,67.39,5.60,5.83,0.00
-1023.08,0.00,252.85,0.00,-1084.96,4.69,241.86,0.05,42.06,0.00,5.83,0.00,63.92,4.74,5.83,-0.01
-1001.28,0.00,255.34,0.00,-1053.96,7.07,244.77,0.05,42.07,0.00,4.03,0.00,60.54,4.88,5.83,0.01
-981.04,0.00,256.92,0.00,-1027.96,9.35,247.34,0.06,42.08,0.00,2.73,0.00,57.79,5.46,5.83,0.02
-958.83,0.00,258.01,0.00,-1001.83,11.81,250.05,0.06,42.10,0.00,1.53,0.00,55.17,5.07,5.83,0.00
-939.52,0.00,258.47,0.00,-976.60,13.98,252.78,0.06,42.11,0.00,0.58,0.00,52.78,4.23,5.83,-0.02
-917.56,0.00,258.47,0.00,-951.70,15.71,255.60,0.05,42.12,0.00,-0.47,0.00,50.52,3.01,5.83,-0.03
-898.36,0.00,258.03,0.00,-925.89,16.85,258.65,0.03,42.12,0.00,-1.36,0.00,48.26,1.47,5.83,-0.04
-877.04,0.00,257.08,0.00,-902.30,17.16,261.07,0.01,42.13,0.00,-2.27,0.00,46.22,-0.08,4.09,-0.04
-857.79,0.00,255.86,0.00,-881.13,16.75,262.65,-0.01,42.14,0.00,-3.00,0.00,44.41,-1.52,2.81,-0.05
-834.26,0.00,253.95,0.00,-859.26,15.57,263.73,-0.03,42.15,0.00,-3.75,0.00,42.54,-3.00,1.65,-0.05
-811.77,0.00,251.77,0.00,-840.70,13.93,264.24,-0.06,42.16,0.00,-4.31,0.00,40.95,-4.23,0.71,-0.05
-787.69,0.00,249.16,0.00,-821.14,11.52,264.32,-0.08,42.17,0.00,-4.76,0.00,39.27,-5.50,-0.27,-0.05
-787.69,0.00,249.16,0.00,-787.57,5.62,263.27,-0.12,42.17,0.00,-4.76,0.00,36.33,-7.58,-1.97,-0.05
-765.25,0.00,247.11,0.00,-770.84,1.80,262.13,-0.15,42.17,0.00,-3.19,0.00,34.85,-8.55,-2.76,-0.05
-746.43,0.00,245.96,0.00,-751.98,-3.29,260.35,-0.18,42.18,0.00,-2.10,0.00,33.15,-9.61,-3.55,-0.05
-722.56,0.00,245.15,0.00,-738.47,-7.45,258.76,-0.20,42.18,0.00,-0.89,0.00,31.91,-10.33,-4.04,-0.05
-700.75,0.00,244.99,0.00,-721.88,-13.22,256.45,-0.23,42.19,0.00,0.15,0.00,30.37,-11.17,-4.53,-0.05
-679.62,0.00,245.34,0.00,-707.56,-18.81,254.16,-0.25,42.19,0.00,1.14,0.00,29.00,-11.86,-4.87,-0.05
-659.99,0.00,246.10,0.00,-692.09,-25.54,251.40,-0.28,42.20,0.00,2.01,0.00,27.50,-12.57,-5.16,-0.06
-633.13,0.00,247.75,0.00,-677.78,-32.46,248.57,-0.31,42.20,0.00,3.04,0.00,26.07,-13.19,-5.36,-0.06
-612.54,0.00,249.41,0.00,-662.41,-40.72,245.98,-0.35,42.21,0.00,3.70,0.00,24.49,-13.82,-3.42,-0.06
-590.79,0.00,251.48,0.00,-652.72,-46.40,244.83,-0.37,42.21,0.00,4.25,0.00,23.47,-14.19,-2.40,-0.06
-574.19,0.00,252.91,0.00,-640.48,-54.18,243.89,-0.40,42.21,0.00,3.14,0.00,22.14,-14.64,-1.21,-0.06
-533.37,0.00,254.79,0.00,-640.48,-54.18,243.89,-0.40,42.22,0.00,0.94,0.00,22.14,-14.64,-1.21,-0.06
-508.97,0.00,254.96,0.00,-628.21,-61.59,243.57,-0.41,42.22,0.00,-0.22,0.00,20.68,-11.28,-0.04,0.04
-489.13,0.00,254.62,0.00,-618.94,-65.98,243.78,-0.38,42.22,0.00,-1.15,0.00,19.85,-8.12,0.87,0.09
-464.51,0.00,253.60,0.00,-609.25,-69.04,244.48,-0.33,42.23,0.00,-2.22,0.00,18.89,-4.45,1.82,0.11
-464.51,0.00,253.60,0.00,-593.46,-63.74,247.15,-0.11,42.23,0.00,-2.22,0.00,11.83,13.13,3.40,0.27
-442.66,0.00,252.21,0.00,-589.33,-56.26,248.91,0.02,42.23,0.00,-3.05,0.00,6.10,17.80,3.97,0.28
-421.95,0.00,250.53,0.00,-588.21,-45.35,251.33,0.18,42.23,0.00,-3.70,0.00,-1.50,20.11,4.51,0.29
-399.85,0.00,248.43,0.00,-590.02,-37.12,252.90,0.30,42.23,0.00,-4.26,0.00,-6.75,19.67,3.30,0.30
-382.89,0.00,246.97,0.00,-594.87,-27.89,254.22,0.44,42.24,0.00,-3.13,0.00,-11.77,16.97,2.06,0.27
-340.78,0.00,245.08,0.00,-594.87,-27.89,254.22,0.44,42.24,0.00,-0.87,0.00,-11.77,16.97,2.06,0.27
-317.29,0.00,244.94,0.00,-598.94,-18.73,255.00,0.55,42.24,0.00,0.25,0.00,-3.55,16.46,0.86,0.14
-317.29,0.00,244.94,0.00,-596.76,-6.02,254.95,0.57,42.24,0.00,0.25,0.00,5.18,11.42,-0.89,-0.09
-297.81,0.00,245.28,0.00,-594.04,-1.78,254.27,0.51,42.24,0.00,1.16,0.00,5.95,6.74,-1.80,-0.16
-276.77,0.00,246.12,0.00,-591.00,0.30,253.14,0.42,42.24,0.00,2.08,0.00,6.09,2.05,-2.66,-0.19
-256.37,0.00,247.34,0.00,-587.85,-0.04,251.43,0.31,42.24,0.00,2.87,0.00,5.32,-2.76,-3.45,-0.20
-217.02,0.00,250.63,0.00,-587.85,-0.04,251.43,0.31,42.25,0.00,4.07,0.00,5.32,-2.76,-3.45,-0.20
-195.86,0.00,252.28,0.00,-582.65,-2.05,249.37,0.21,42.25,0.00,2.71,0.00,13.08,-4.66,-4.09,-0.19
-176.95,0.00,253.24,0.00,-573.60,-5.18,247.64,0.11,42.25,0.00,1.68,0.00,20.34,-7.03,-2.66,-0.16
-157.70,0.00,253.76,0.00,-560.89,-9.59,246.59,0.03,42.25,0.00,0.73,0.00,27.21,-9.53,-1.47,-0.14
-135.36,0.00,253.84,0.00,-545.48,-14.18,246.15,-0.02,42.25,0.00,-0.33,0.00,34.99,-9.28,-0.46,-0.07
-114.10,0.00,253.40,0.00,-526.29,-17.96,246.19,-0.03,42.25,0.00,-1.32,0.00,41.51,-6.11,0.54,0.04
-90.62,0.00,252.35,0.00,-507.72,-19.71,246.61,-0.00,42.25,0.00,-2.32,0.00,46.82,-2.44,1.35,0.09
-71.59,0.00,251.12,0.00,-478.56,-20.38,247.70,0.03,42.25,0.00,-3.04,0.00,55.13,-0.26,2.37,0.05
-52.82,0.00,249.62,0.00,-452.01,-20.14,248.96,0.05,42.25,0.00,-3.64,0.00,61.12,1.13,3.08,0.03
-33.87,0.00,248.28,0.00,-423.08,-19.32,250.50,0.06,42.25,0.00,-2.48,0.00,66.52,2.36,3.69,0.02
-15.71,0.00,247.45,0.00,-385.38,-16.47,252.09,0.10,42.25,0.00,-1.52,0.00,70.37,7.90,2.29,0.09
6.76,0.00,246.97,0.00,-350.67,-11.97,252.90,0.13,42.25,0.00,-0.42,0.00,74.65,10.49,1.24,0.04
27.55,0.00,247.03,0.00,-314.66,-7.50,253.23,0.12,42.25,0.00,0.57,0.00,77.53,8.13,0.27,-0.05
48.81,0.00,247.58,0.00,-276.33,-4.83,253.11,0.09,42.26,0.00,1.54,0.00,80.18,3.18,-0.69,-0.09
70.87,0.00,248.66,0.00,-239.06,-4.61,252.56,0.05,42.26,0.00,2.46,0.00,82.08,-1.69,-1.58,-0.09
70.87,0.00,248.66,0.00,-165.48,-6.19,250.49,0.03,42.26,0.00,2.46,0.00,85.29,0.43,-3.04,0.05
109.37,0.00,251.15,0.00,-165.48,-6.19,250.49,0.03,42.26,0.00,2.13,0.00,85.29,0.43,-3.04,0.05
129.40,0.00,251.89,0.00,-119.56,-5.31,249.25,0.05,42.26,0.00,1.10,0.00,87.74,2.50,-1.79,0.03
150.24,0.00,252.16,0.00,-79.74,-4.72,248.68,0.04,42.26,0.00,0.10,0.00,88.18,-0.14,-0.83,-0.06
174.05,0.00,251.87,0.00,-31.99,-5.25,248.55,0.02,42.26,0.00,-1.02,0.00,89.89,-1.52,0.24,-0.03
198.05,0.00,250.95,0.00,12.51,-6.21,248.93,0.01,42.26,0.00,-2.08,0.00,91.06,-2.24,1.21,-0.02
222.48,0.00,249.45,0.00,62.11,-7.60,249.89,-0.00,42.26,0.00,-3.01,0.00,92.03,-2.81,2.20,-0.02
222.48,0.00,249.45,0.00,157.54,-4.92,250.94,0.06,42.26,0.00,-3.01,0.00,75.49,8.05,-0.20,0.09
248.05,0.00,248.11,0.00,195.35,-0.00,250.54,0.10,42.26,0.00,-1.60,0.00,70.44,10.33,-1.22,0.05
288.54,0.00,247.57,0.00,195.35,-0.00,250.54,0.10,42.26,0.00,0.36,0.00,70.44,10.33,-1.22,0.05
308.77,0.00,247.99,0.00,227.97,5.29,249.72,0.12,42.26,0.00,1.30,0.00,66.30,11.60,-2.11,0.05
328.13,0.00,248.80,0.00,264.29,12.28,248.22,0.15,42.26,0.00,2.13,0.00,61.87,12.79,-3.03,0.04
349.07,0.00,250.08,0.00,292.67,18.56,247.09,0.17,42.26,0.00,2.94,0.00,58.51,13.65,-1.90,0.04
372.90,0.00,251.32,0.00,318.06,24.83,246.48,0.19,42.26,0.00,1.63,0.00,55.58,14.38,-0.95,0.04
392.26,0.00,251.82,0.00,344.57,32.10,246.28,0.21,42.26,0.00,0.67,0.00,52.58,15.11,0.04,0.04
413.43,0.00,251.88,0.00,369.01,39.18,246.55,0.22,42.26,0.00,-0.33,0.00,50.17,14.54,0.99,0.02
413.43,0.00,251.88,0.00,410.21,50.76,248.10,0.22,42.26,0.00,-0.33,0.00,46.64,12.52,2.53,-0.02
433.46,0.00,251.48,0.00,429.09,55.63,249.29,0.21,42.26,0.00,-1.26,0.00,45.19,11.24,3.16,-0.03
452.38,0.00,250.71,0.00,454.69,61.52,251.37,0.19,42.26,0.00,-2.09,0.00,43.34,9.26,3.90,-0.04
475.27,0.00,249.31,0.00,477.14,65.87,253.01,0.17,42.26,0.00,-2.97,0.00,41.78,7.40,2.51,-0.05
497.15,0.00,248.13,0.00,498.91,69.27,253.99,0.14,42.26,0.00,-1.75,0.00,40.29,5.56,1.32,-0.05
517.00,0.00,247.56,0.00,518.04,71.52,254.37,0.12,42.26,0.00,-0.77,0.00,38.98,3.93,0.33,-0.05
552.84,0.00,247.67,0.00,518.04,71.52,254.37,0.12,42.26,0.00,0.93,0.00,38.98,3.93,0.33,-0.05
569.98,0.00,248.22,0.00,538.25,73.10,254.24,0.09,42.26,0.00,1.70,0.00,37.58,2.23,-0.72,-0.05
588.83,0.00,249.17,0.00,553.12,73.73,253.77,0.07,42.26,0.00,2.48,0.00,36.54,1.00,-1.50,-0.05
608.74,0.00,250.53,0.00,571.09,73.82,252.77,0.05,42.26,0.00,3.20,0.00,35.26,-0.45,-2.39,-0.05
632.34,0.00,251.90,0.00,589.90,73.13,251.21,0.02,42.26,0.00,1.86,0.00,33.89,-1.93,-3.23,-0.05
655.19,0.00,252.56,0.00,607.74,71.69,249.86,-0.01,42.26,0.00,0.72,0.00,32.56,-3.27,-1.93,-0.05
676.49,0.00,252.64,0.00,624.23,69.66,249.18,-0.04,42.26,0.00,-0.29,0.00,31.30,-4.47,-0.83,-0.05
698.66,0.00,252.19,0.00,639.44,67.15,249.04,-0.06,42.26,0.00,-1.32,0.00,30.11,-5.52,0.17,-0.05
717.14,0.00,251.41,0.00,652.61,64.46,249.33,-0.09,42.26,0.00,-2.12,0.00,29.05,-6.40,1.05,-0.06
736.48,0.00,250.25,0.00,666.10,61.20,250.06,-0.12,42.26,0.00,-2.87,0.00,27.94,-7.27,1.94,-0.06
756.38,0.00,248.72,0.00,679.12,57.52,251.20,-0.14,42.26,0.00,-3.53,0.00,26.84,-8.07,2.74,-0.06
776.46,0.00,247.37,0.00,691.22,53.62,252.19,-0.17,42.26,0.00,-2.33,0.00,25.79,-8.79,1.68,-0.06
797.48,0.00,246.51,0.00,701.95,47.57,252.73,-0.24,42.26,0.00,-1.24,0.00,19.15,-15.50,0.67,-0.21
822.75,0.00,246.17,0.00,709.77,37.72,252.77,-0.36,42.26,0.00,-0.02,0.00,10.95,-20.45,-0.40,-0.24
840.49,0.00,246.36,0.00,713.08,27.36,252.33,-0.47,42.26,0.00,0.81,0.00,3.57,-22.06,-1.34,-0.25
867.40,0.00,247.30,0.00,712.85,16.44,251.40,-0.60,42.26,0.00,2.01,0.00,-3.71,-21.47,-2.25,-0.26
885.26,0.00,248.32,0.00,708.47,5.22,249.87,-0.75,42.26,0.00,2.72,0.00,-11.07,-18.59,-3.13,-0.28
904.20,0.00,249.71,0.00,700.92,-3.27,248.03,-0.91,42.26,0.00,3.38,0.00,-17.14,-14.14,-3.81,-0.31
925.98,0.00,251.63,0.00,692.85,-8.18,246.36,-1.00,42.26,0.00,4.00,0.00,-12.24,-5.23,-2.36,-0.03
949.14,0.00,253.37,0.00,688.29,-9.32,245.57,-0.98,42.26,0.00,2.54,0.00,-9.07,-0.61,-1.39,0.11
970.13,0.00,254.32,0.00,684.60,-8.50,245.16,-0.91,42.26,0.00,1.43,0.00,-6.77,3.56,-0.40,0.20
991.70,0.00,254.75,0.00,681.32,-5.20,245.27,-0.79,42.26,0.00,0.38,0.00,-5.56,8.04,0.69,0.21
1015.57,0.00,254.61,0.00,678.23,0.64,245.99,-0.67,42.26,0.00,-0.75,0.00,-5.66,12.30,1.76,0.20
1038.80,0.00,253.88,0.00,675.22,7.37,247.07,-0.58,42.26,0.00,-1.80,0.00,-6.82,15.20,2.60,0.19
1061.62,0.00,252.63,0.00,671.49,15.17,248.50,-0.49,42.26,0.00,-2.72,0.00,-8.71,17.12,3.31,0.18
1082.25,0.00,251.10,0.00,666.71,23.67,250.25,-0.40,42.26,0.00,-3.43,0.00,-11.04,18.07,3.91,0.17
1103.12,0.00,249.25,0.00,659.35,34.19,252.70,-0.31,42.26,0.00,-4.02,0.00,-14.07,18.11,4.47,0.16
1123.25,0.00,247.68,0.00,654.92,40.81,254.22,-0.24,42.26,0.00,-2.73,0.00,-8.79,15.75,3.32,0.16
1146.08,0.00,246.58,0.00,652.42,48.50,255.58,-0.16,42.26,0.00,-1.50,0.00,-1.46,13.91,2.03,0.17
1169.49,0.00,246.10,0.00,653.78,54.18,256.26,-0.09,42.26,0.00,-0.36,0.00,6.65,11.17,1.03,0.12
1169.49,0.00,246.10,0.00,667.34,60.59,256.30,-0.08,42.26,0.00,-0.36,0.00,21.63,2.90,-0.85,-0.09
1189.03,0.00,246.17,0.00,682.60,60.40,255.46,-0.14,42.26,0.00,0.57,0.00,30.46,-3.16,-1.94,-0.13
1212.94,0.00,246.83,0.00,703.19,56.24,254.00,-0.21,42.26,0.00,1.66,0.00,38.43,-10.38,-2.91,-0.12
1239.42,0.00,248.25,0.00,727.21,50.33,252.13,-0.24,42.26,0.00,2.74,0.00,46.78,-10.29,-3.68,0.03
1265.57,0.00,250.25,0.00,749.48,46.27,250.38,-0.21,42.26,0.00,3.61,0.00,53.33,-8.02,-4.16,0.09
1290.06,0.00,251.86,0.00,775.49,43.48,248.80,-0.17,42.26,0.00,2.15,0.00,59.56,-4.44,-2.90,0.10
1305.31,0.00,252.48,0.00,802.24,42.39,247.80,-0.12,42.26,0.00,1.36,0.00,64.66,-0.99,-1.89,0.10
1326.40,0.00,252.88,0.00,832.70,42.81,247.19,-0.08,42.26,0.00,0.34,0.00,69.35,2.48,-0.93,0.10
1345.60,0.00,252.80,0.00,871.44,44.29,247.01,-0.04,42.26,0.00,-0.57,0.00,75.56,2.86,0.14,0.04
1367.32,0.00,252.23,0.00,912.65,45.81,247.38,-0.03,42.26,0.00,-1.56,0.00,80.91,2.92,1.18,0.03
1389.58,0.00,251.13,0.00,952.43,46.32,248.19,-0.03,42.26,0.00,-2.49,0.00,83.70,-0.90,2.07,-0.06
1411.63,0.00,249.60,0.00,996.00,45.18,249.48,-0.06,42.26,0.00,-3.28,0.00,87.64,-3.18,2.90,-0.03
1434.04,0.00,248.24,0.00,1042.37,41.87,250.64,-0.09,42.26,0.00,-1.99,0.00,89.03,-9.24,1.68,-0.08
1455.90,0.00,247.53,0.00,1087.88,35.30,251.20,-0.13,42.26,0.00,-0.89,0.00,89.55,-15.86,0.62,-0.09
1478.98,0.00,247.38,0.00,1140.54,23.73,251.18,-0.18,42.26,0.00,0.21,0.00,89.46,-22.62,-0.56,-0.08
1502.02,0.00,247.82,0.00,1179.69,14.18,250.73,-0.20,42.26,0.00,1.28,0.00,90.34,-20.85,-1.41,0.03
1519.70,0.00,248.53,0.00,1219.93,6.02,249.91,-0.17,42.26,0.00,2.05,0.00,91.57,-16.18,-2.21,0.08
1539.64,0.00,249.71,0.00,1260.84,0.24,248.75,-0.14,42.26,0.00,2.83,0.00,92.56,-10.40,-2.93,0.08
1560.18,0.00,251.27,0.00,1298.84,-2.82,247.77,-0.10,42.26,0.00,3.52,0.00,93.01,-5.13,-1.96,0.09
1582.37,0.00,252.73,0.00,1352.74,-3.63,247.04,-0.05,42.26,0.00,2.21,0.00,93.08,1.52,-0.73,0.09
1601.36,0.00,253.48,0.00,1399.54,-1.46,246.95,-0.01,42.26,0.00,1.22,0.00,92.58,6.47,0.28,0.08
1621.97,0.00,253.80,0.00,1445.36,2.05,247.36,0.02,42.26,0.00,0.23,0.00,93.35,7.46,1.25,0.04
1643.76,0.00,253.63,0.00,1495.88,6.20,248.33,0.03,42.26,0.00,-0.80,0.00,93.97,7.85,2.24,0.02
1666.19,0.00,252.91,0.00,1545.29,9.22,249.76,0.02,42.26,0.00,-1.81,0.00,92.98,3.36,3.08,-0.07
1689.93,0.00,251.59,0.00,1588.26,10.15,251.44,-0.00,42.26,0.00,-2.76,0.00,83.99,0.99,3.73,-0.04
1708.45,0.00,250.22,0.00,1627.23,10.26,252.92,-0.02,42.26,0.00,-3.40,0.00,76.04,-0.30,2.46,-0.03
1727.08,0.00,248.59,0.00,1665.83,9.81,253.88,-0.03,42.26,0.00,-3.93,0.00,68.29,-1.23,1.26,-0.02
1745.41,0.00,247.17,0.00,1698.75,8.84,254.23,-0.04,42.26,0.00,-2.77,0.00,64.49,-2.56,0.25,-0.03
1768.10,0.00,246.05,0.00,1733.69,6.90,254.02,-0.07,42.26,0.00,-1.54,0.00,60.59,-4.22,-0.87,-0.04
1787.38,0.00,245.59,0.00,1762.00,4.49,253.36,-0.09,42.26,0.00,-0.59,0.00,57.52,-5.65,-1.78,-0.04
1811.00,0.00,245.61,0.00,1787.46,1.59,252.35,-0.10,42.26,0.00,0.53,0.00,54.81,-6.95,-2.57,-0.04
1833.31,0.00,246.18,0.00,1811.99,-1.92,250.99,-0.13,42.26,0.00,1.55,0.00,52.23,-8.19,-3.26,-0.04
1852.00,0.00,247.06,0.00,1840.31,-6.94,248.94,-0.15,42.26,0.00,2.34,0.00,49.29,-9.59,-3.96,-0.05
1872.12,0.00,248.38,0.00,1864.58,-12.12,246.80,-0.17,42.26,0.00,3.09,0.00,46.80,-10.74,-4.45,-0.05
1894.54,0.00,250.23,0.00,1887.49,-17.82,244.97,-0.20,42.26,0.00,3.78,0.00,44.45,-11.78,-3.01,-0.05
1914.20,0.00,251.67,0.00,1908.18,-23.70,243.83,-0.22,42.26,0.00,2.57,0.00,42.34,-12.69,-1.88,-0.05
1931.88,0.00,252.52,0.00,1928.49,-30.18,243.19,-0.24,42.26,0.00,1.62,0.00,40.27,-13.53,-0.83,-0.05
1953.42,0.00,253.04,0.00,1945.90,-36.35,243.04,-0.27,42.26,0.00,0.56,0.00,38.49,-14.22,0.06,-0.05
1977.85,0.00,252.99,0.00,1964.10,-43.44,243.33,-0.29,42.26,0.00,-0.60,0.00,36.62,-14.90,1.02,-0.05
2000.47,0.00,252.37,0.00,1981.64,-50.95,244.09,-0.32,42.26,0.00,-1.63,0.00,34.80,-15.53,1.94,-0.05
2016.44,0.00,251.61,0.00,1999.06,-59.12,245.34,-0.34,42.26,0.00,-2.30,0.00,32.98,-16.11,2.81,-0.05
2038.03,0.00,250.20,0.00,2014.61,-66.73,246.88,-0.36,42.26,0.00,-3.11,0.00,31.79,-15.51,3.49,-0.02
2056.67,0.00,248.68,0.00,2029.63,-73.97,248.71,-0.37,42.26,0.00,-3.69,0.00,30.82,-14.64,4.05,-0.00
2078.77,0.00,247.15,0.00,2044.68,-80.93,250.34,-0.36,42.26,0.00,-2.35,0.00,30.00,-13.53,2.72,0.02
2099.40,0.00,246.29,0.00,2058.83,-87.08,251.35,-0.35,42.26,0.00,-1.28,0.00,29.34,-12.29,1.62,0.03
2116.81,0.00,245.96,0.00,2073.56,-92.20,251.87,-0.32,42.26,0.00,-0.43,0.00,28.40,-8.02,0.56,0.10
2137.54,0.00,246.01,0.00,2086.97,-94.89,251.89,-0.26,42.26,0.00,0.55,0.00,27.42,-3.64,-0.41,0.12
2157.98,0.00,246.53,0.00,2101.78,-95.44,251.33,-0.19,42.26,0.00,1.49,0.00,25.83,1.09,-1.49,0.13
2200.06,0.00,248.92,0.00,2101.78,-95.44,251.33,-0.19,42.26,0.00,3.15,0.00,25.83,1.09,-1.49,0.13
2223.63,0.00,250.90,0.00,2113.96,-92.18,250.28,-0.09,42.26,0.00,3.87,0.00,21.27,10.31,-2.41,0.23
2244.68,0.00,252.46,0.00,2123.62,-84.49,249.34,0.03,42.26,0.00,2.56,0.00,14.83,16.95,-1.22,0.24
2244.68,0.00,252.46,0.00,2131.31,-65.40,249.15,0.28,42.26,0.00,2.56,0.00,1.67,21.47,0.71,0.27
2265.53,0.00,253.41,0.00,2130.25,-54.75,249.78,0.41,42.26,0.00,1.45,0.00,-5.22,20.88,1.67,0.28
2291.63,0.00,253.87,0.00,2126.62,-46.00,250.70,0.54,42.26,0.00,0.18,0.00,-10.65,18.84,2.45,0.29
2309.44,0.00,253.75,0.00,2119.43,-37.14,252.25,0.69,42.26,0.00,-0.66,0.00,-15.76,14.76,3.26,0.28
2330.06,0.00,253.17,0.00,2109.54,-30.40,254.36,0.84,42.26,0.00,-1.60,0.00,-18.07,9.25,3.97,0.23
2352.11,0.00,252.07,0.00,2102.34,-25.49,256.12,0.92,42.26,0.00,-2.52,0.00,-8.87,9.14,2.49,0.04
2390.94,0.00,249.10,0.00,2102.34,-25.49,256.12,0.92,42.26,0.00,-3.81,0.00,-8.87,9.14,2.49,0.04
2415.28,0.00,247.40,0.00,2098.77,-22.34,257.03,0.90,42.26,0.00,-2.32,0.00,-6.21,4.50,1.40,-0.10
2438.17,0.00,246.50,0.00,2096.41,-21.25,257.44,0.84,42.26,0.00,-1.13,0.00,-4.31,0.62,0.45,-0.19
2463.25,0.00,246.22,0.00,2094.46,-22.21,257.36,0.73,42.26,0.00,0.07,0.00,-3.17,-3.74,-0.63,-0.22
2463.25,0.00,246.22,0.00,2090.86,-30.49,255.58,0.50,42.26,0.00,0.07,0.00,-4.29,-11.13,-2.57,-0.20
2486.07,0.00,246.58,0.00,2090.31,-34.70,254.41,0.42,42.26,0.00,1.14,0.00,1.00,-10.01,-3.18,-0.20
2506.67,0.00,247.38,0.00,2092.85,-39.71,252.54,0.32,42.26,0.00,2.04,0.00,8.02,-9.39,-3.85,-0.21
2530.04,0.00,248.79,0.00,2099.26,-44.68,250.33,0.21,42.26,0.00,2.95,0.00,15.31,-9.40,-4.39,-0.18
2550.57,0.00,250.40,0.00,2108.07,-49.20,248.63,0.13,42.26,0.00,3.61,0.00,21.73,-9.97,-3.06,-0.16
2573.35,0.00,251.94,0.00,2119.82,-54.04,247.49,0.06,42.26,0.00,2.25,0.00,28.14,-10.86,-1.95,-0.14
2593.49,0.00,252.73,0.00,2138.66,-59.72,246.77,0.00,42.26,0.00,1.21,0.00,37.60,-9.49,-0.75,-0.07
2612.03,0.00,253.04,0.00,2153.52,-62.62,246.64,-0.00,42.26,0.00,0.31,0.00,42.58,-6.51,-0.01,0.02
2632.71,0.00,252.93,0.00,2176.58,-64.52,246.91,0.03,42.26,0.00,-0.67,0.00,49.13,-1.37,0.98,0.10
2653.82,0.00,252.33,0.00,2207.57,-63.03,247.84,0.09,42.26,0.00,-1.63,0.00,55.79,5.86,2.07,0.11
2677.96,0.00,251.08,0.00,2239.06,-57.84,249.22,0.15,42.26,0.00,-2.62,0.00,60.71,12.77,2.95,0.10
2699.01,0.00,249.57,0.00,2271.49,-49.47,250.95,0.20,42.26,0.00,-3.36,0.00,64.50,18.97,3.66,0.10
2716.17,0.00,248.44,0.00,2310.03,-37.71,252.57,0.24,42.26,0.00,-2.34,0.00,70.36,21.82,2.21,0.04
2756.18,0.00,247.25,0.00,2310.03,-37.71,252.57,0.24,42.26,0.00,-0.33,0.00,70.36,21.82,2.21,0.04
2776.69,0.00,247.35,0.00,2349.69,-26.54,253.41,0.23,42.26,0.00,0.64,0.00,75.03,18.90,1.03,-0.06
2795.42,0.00,247.84,0.00,2391.37,-17.99,253.65,0.19,42.26,0.00,1.50,0.00,79.44,13.23,-0.05,-0.09
2813.89,0.00,248.69,0.00,2429.52,-13.17,253.38,0.14,42.26,0.00,2.28,0.00,82.50,7.86,-0.99,-0.09
2834.55,0.00,250.01,0.00,2467.32,-10.84,252.72,0.10,42.26,0.00,3.06,0.00,84.74,3.02,-1.84,-0.09
2855.47,0.00,251.20,0.00,2508.84,-10.64,251.61,0.06,42.26,0.00,1.88,0.00,86.50,-1.65,-2.66,-0.09
2878.80,0.00,251.88,0.00,2553.86,-11.82,250.03,0.03,42.26,0.00,0.71,0.00,89.19,-2.64,-3.41,-0.04
2902.51,0.00,251.93,0.00,2598.33,-13.22,248.69,0.02,42.26,0.00,-0.41,0.00,91.32,-3.00,-2.19,-0.02
2924.88,0.00,251.41,0.00,2648.06,-14.92,247.86,0.01,42.26,0.00,-1.44,0.00,93.18,-3.28,-1.02,-0.02
2944.88,0.00,250.50,0.00,2686.26,-16.30,247.63,-0.00,42.26,0.00,-2.30,0.00,94.23,-3.47,-0.20,-0.01
2966.36,0.00,249.11,0.00,2737.68,-18.25,247.84,-0.01,42.26,0.00,-3.10,0.00,95.31,-3.70,0.88,-0.01
2986.88,0.00,247.92,0.00,2784.93,-18.63,248.59,0.02,42.26,0.00,-1.94,0.00,86.24,2.40,1.87,0.09
3000.00,0.00,247.32,0.00,2829.56,-14.19,249.27,0.08,42.26,0.00,-1.04,0.00,76.26,12.46,0.70,0.13
3000.00,0.00,247.09,0.00,2868.18,-4.11,249.32,0.16,42.26,0.00,0.14,0.00,64.81,22.45,-0.40,0.16
3000.00,0.00,247.49,0.00,2901.82,8.81,248.77,0.22,42.26,0.00,1.21,0.00,58.35,24.14,-1.48,0.10
3000.00,0.00,248.21,0.00,2931.14,21.18,247.73,0.26,42.26,0.00,2.02,0.00,54.72,23.43,-2.40,0.06
3000.00,0.00,249.36,0.00,2960.86,34.18,246.77,0.29,42.26,0.00,2.79,0.00,51.27,22.85,-1.16,0.05
3000.00,0.00,250.82,0.00,2987.68,46.44,246.47,0.32,42.26,0.00,3.46,0.00,48.21,22.56,-0.06,0.05
3000.00,0.00,252.31,0.00,2999.49,55.25,246.62,0.34,42.26,0.00,2.08,0.00,46.10,22.45,0.73,0.05
3000.00,0.00,253.06,0.00,2999.25,67.10,247.34,0.36,42.26,0.00,0.97,0.00,43.31,22.41,1.78,0.05
3000.00,0.00,253.27,0.00,2998.98,78.07,248.52,0.39,42.26,0.00,-0.04,0.00,40.88,22.43,2.67,0.05
3000.00,0.00,252.98,0.00,2998.72,87.71,249.90,0.41,42.26,0.00,-1.03,0.00,38.84,22.48,3.34,0.05
3000.00,0.00,252.28,0.00,2998.36,99.26,251.99,0.43,42.26,0.00,-1.89,0.00,37.08,21.28,4.02,0.02
3000.00,0.00,250.83,0.00,2998.02,108.92,254.14,0.43,42.26,0.00,-2.88,0.00,35.83,19.93,4.49,-0.00
3000.00,0.00,249.11,0.00,2997.68,118.02,255.92,0.44,42.26,0.00,-3.61,0.00,32.22,20.66,3.10,0.06
3000.00,0.00,247.47,0.00,2997.30,127.19,257.07,0.48,42.26,0.00,-2.11,0.00,28.51,21.76,2.00,0.09
3000.00,0.00,246.72,0.00,2996.75,139.60,257.83,0.54,42.26,0.00,-1.04,0.00,23.80,22.89,0.75,0.11
3000.00,0.00,246.48,0.00,2996.25,149.97,257.94,0.59,42.26,0.00,0.03,0.00,20.18,23.38,-0.19,0.11
3000.00,0.00,246.70,0.00,2995.69,160.69,257.60,0.64,42.26,0.00,0.89,0.00,16.67,23.51,-1.14,0.11
3000.00,0.00,247.24,0.00,2995.13,170.85,256.88,0.69,42.26,0.00,1.67,0.00,13.51,23.34,-1.97,0.12
3000.00,0.00,248.32,0.00,2994.54,180.99,255.78,0.75,42.26,0.00,2.54,0.00,10.49,22.90,-2.74,0.12
3000.00,0.00,249.86,0.00,2993.71,194.19,253.83,0.82,42.26,0.00,3.32,0.00,6.69,21.96,-3.60,0.12
3000.00,0.00,251.98,0.00,2992.96,205.40,251.72,0.89,42.26,0.00,4.01,0.00,3.56,20.80,-4.19,0.13
3000.00,0.00,253.57,0.00,2992.16,216.69,249.83,0.96,42.26,0.00,2.70,0.00,0.46,19.27,-2.64,0.13
3000.00,0.00,254.62,0.00,2991.56,224.87,248.91,1.02,42.26,0.00,1.54,0.00,-1.76,17.88,-1.63,0.13
3000.00,0.00,255.11,0.00,2989.95,233.63,248.38,1.09,42.26,0.00,0.40,0.00,-4.15,16.04,-0.55,0.14
3000.00,0.00,255.07,0.00,2986.73,242.28,248.43,1.17,42.26,0.00,-0.51,0.00,-6.55,13.70,0.62,0.14
3000.00,0.00,254.53,0.00,2982.88,248.63,249.03,1.24,42.26,0.00,-1.50,0.00,-8.37,11.46,1.60,0.15
3000.00,0.00,253.71,0.00,2978.20,253.78,250.09,1.32,42.26,0.00,-2.26,0.00,-9.89,9.04,2.50,0.15
3000.00,0.00,252.00,0.00,2972.06,258.06,251.81,1.41,42.26,0.00,-3.22,0.00,-11.25,6.10,3.36,0.16
3000.00,0.00,250.18,0.00,2965.58,260.51,253.86,1.49,42.26,0.00,-3.86,0.00,-12.15,3.11,4.02,0.17
3000.00,0.00,247.87,0.00,2958.53,260.58,255.41,1.61,42.26,0.00,-4.41,0.00,-17.09,-2.59,2.76,0.30
3000.00,0.00,246.47,0.00,2948.50,256.73,256.54,1.78,42.26,0.00,-3.35,0.00,-18.66,-10.73,1.51,0.31
3000.00,0.00,245.19,0.00,2939.12,248.81,257.01,1.93,42.26,0.00,-2.17,0.00,-16.39,-18.19,0.41,0.28
3000.00,0.00,244.38,0.00,2932.22,238.41,256.95,2.07,42.26,0.00,-1.02,0.00,-11.93,-23.35,-0.57,0.26
3000.00,0.00,244.15,0.00,2927.52,224.58,256.33,2.20,42.26,0.00,-0.17,0.00,-6.01,-27.32,-1.61,0.24
3000.00,0.00,244.32,0.00,2926.12,212.42,255.46,2.30,42.26,0.00,0.78,0.00,-1.03,-29.29,-2.37,0.22
3000.00,0.00,244.98,0.00,2927.71,194.74,253.77,2.42,42.26,0.00,1.74,0.00,5.73,-30.63,-3.27,0.21
3000.00,0.00,245.96,0.00,2932.60,178.13,251.79,2.53,42.26,0.00,2.52,0.00,11.64,-30.57,-3.95,0.20
3000.00,0.00,247.56,0.00,2939.72,163.24,249.70,2.63,42.26,0.00,3.33,0.00,16.56,-29.64,-4.43,0.19
3000.00,0.00,249.34,0.00,2950.04,147.81,247.20,2.72,42.26,0.00,3.93,0.00,21.28,-27.90,-4.83,0.18
3000.00,0.00,251.79,0.00,2961.57,134.64,245.23,2.81,42.26,0.00,4.49,0.00,25.00,-25.75,-3.34,0.17
