-2500.00,0.00,0.00,0.00,-1855.66,105.90,3.30,0.75,0.00,0.00,0.00,0.00,0.00,0.00,0.00,0.00
-2499.43,0.00,0.28,0.00,-1858.10,106.54,3.01,0.81,2.03,0.00,1.01,0.00,-8.52,1.94,-1.03,0.24
-2498.03,0.00,0.97,0.00,-1864.10,107.33,2.27,0.94,3.87,0.00,1.88,0.00,-15.61,0.94,-1.93,0.28
-2495.63,0.00,2.11,0.00,-1872.88,106.92,1.15,1.07,5.80,0.00,2.70,0.00,-20.58,-2.64,-2.73,0.27
-2493.41,0.00,3.12,0.00,-1883.34,104.41,0.14,1.19,7.14,0.00,3.21,0.00,-23.09,-7.65,-1.64,0.25
-2489.65,0.00,4.76,0.00,-1895.39,98.81,0.00,1.32,8.94,0.00,3.80,0.00,-23.48,-13.59,-0.57,0.23
-2485.11,0.00,6.62,0.00,-1907.02,90.29,0.00,1.43,10.70,0.00,4.28,0.00,-22.09,-19.23,0.45,0.22
-2480.04,0.00,8.58,0.00,-1917.20,79.55,0.48,1.54,12.36,0.00,4.64,0.00,-19.63,-24.04,1.40,0.21
-2473.52,0.00,10.94,0.00,-1926.57,65.62,1.49,1.64,14.18,0.00,4.96,0.00,-16.35,-28.55,2.35,0.20
-2466.17,0.00,13.41,0.00,-1933.34,51.31,2.79,1.73,15.95,0.00,5.20,0.00,-12.73,-31.69,3.09,0.19
-2457.89,0.00,16.01,0.00,-1937.65,38.45,4.12,1.81,17.69,0.00,5.37,0.00,-9.60,-33.73,3.61,0.18
-2450.23,0.00,18.26,0.00,-1941.85,16.98,6.56,1.91,19.13,0.00,5.49,0.00,-4.64,-36.07,4.28,0.17
-2440.16,0.00,21.04,0.00,-1943.00,1.57,8.45,1.99,20.83,0.00,5.59,0.00,-1.20,-37.05,4.63,0.17
-2431.84,0.00,23.21,0.00,-1942.47,-17.41,10.90,2.07,22.09,0.00,5.64,0.00,2.82,-37.66,4.96,0.16
-2421.84,0.00,25.69,0.00,-1939.40,-39.37,13.88,2.16,23.49,0.00,5.69,0.00,7.23,-37.69,5.24,0.16
-2400.68,0.00,30.57,0.00,-1939.40,-39.37,13.88,2.16,26.08,0.00,5.75,0.00,7.23,-37.69,5.24,0.16
-2386.04,0.00,33.70,0.00,-1934.70,-58.37,16.59,2.24,27.64,0.00,5.78,0.00,10.86,-37.16,5.41,0.15
-2372.46,0.00,36.47,0.00,-1927.86,-77.90,19.51,2.32,28.95,0.00,5.79,0.00,14.37,-36.17,5.54,0.15
-2358.25,0.00,39.25,0.00,-1918.48,-98.24,22.73,2.41,30.22,0.00,5.81,0.00,17.82,-34.68,5.63,0.14
-2344.50,0.00,41.84,0.00,-1909.61,-113.87,25.35,2.47,31.34,0.00,5.81,0.00,20.31,-33.20,5.69,0.14
-2328.79,0.00,44.70,0.00,-1901.42,-126.32,27.53,2.53,32.52,0.00,5.82,0.00,22.18,-31.83,5.72,0.14
-2314.66,0.00,47.19,0.00,-1888.87,-142.72,30.60,2.60,33.50,0.00,5.82,0.00,24.50,-29.78,5.76,0.13
-2298.20,0.00,50.00,0.00,-1877.89,-156.09,33.48,2.67,34.56,0.00,5.83,0.00,19.90,-24.51,5.78,0.14
-2277.02,0.00,53.50,0.00,-1869.01,-167.45,36.46,2.74,35.80,0.00,5.83,0.00,15.07,-20.27,5.79,0.14
-2259.95,0.00,56.24,0.00,-1862.54,-177.06,39.50,2.81,36.72,0.00,5.83,0.00,10.15,-17.03,5.81,0.15
-2239.94,0.00,59.37,0.00,-1859.14,-183.89,41.99,2.88,37.70,0.00,5.83,0.00,6.07,-15.08,5.81,0.16
-2218.30,0.00,62.67,0.00,-1857.15,-190.05,45.11,2.92,38.67,0.00,5.83,0.00,1.55,-8.95,5.82,0.01
-2198.23,0.00,65.66,0.00,-1858.03,-193.53,48.48,2.90,39.50,0.00,5.83,0.00,-4.09,-3.65,5.82,-0.10
-2179.36,0.00,68.42,0.00,-1861.46,-194.07,51.46,2.83,40.22,0.00,5.83,0.00,-8.77,1.18,5.83,-0.15
-2158.65,0.00,71.39,0.00,-1866.78,-192.14,54.31,2.76,40.94,0.00,5.83,0.00,-12.48,6.27,5.83,-0.16
-2137.56,0.00,74.37,0.00,-1875.39,-187.57,57.49,2.69,41.62,0.00,5.83,0.00,-18.49,10.17,5.83,-0.09
-2115.33,0.00,77.46,0.00,-1886.87,-182.11,60.60,2.68,42.28,0.00,5.83,0.00,-24.01,10.05,5.83,0.03
-2097.52,0.00,79.90,0.00,-1900.54,-177.37,63.56,2.71,42.77,0.00,5.83,0.00,-29.27,8.58,5.83,0.11
-2078.56,0.00,82.47,0.00,-1918.37,-172.27,66.78,2.76,43.25,0.00,5.83,0.00,-34.85,9.85,5.83,0.06
-2058.41,0.00,85.17,0.00,-1935.50,-166.70,69.56,2.76,43.73,0.00,5.83,0.00,-36.72,13.40,5.83,-0.04
-2037.23,0.00,87.98,0.00,-1954.83,-158.30,72.58,2.72,44.20,0.00,5.83,0.00,-37.60,18.66,5.83,-0.10
-2015.12,0.00,90.88,0.00,-1972.58,-148.16,75.34,2.67,44.65,0.00,5.83,0.00,-37.48,23.76,5.83,-0.11
-1994.13,0.00,93.61,0.00,-1989.63,-136.09,78.01,2.62,45.05,0.00,5.83,0.00,-36.87,28.29,5.83,-0.11
-1970.89,0.00,96.60,0.00,-2008.19,-120.38,80.99,2.56,45.46,0.00,5.83,0.00,-35.86,32.67,5.83,-0.11
-1946.21,0.00,99.75,0.00,-2027.83,-100.85,84.25,2.50,45.85,0.00,5.83,0.00,-34.56,36.75,5.83,-0.11
-1926.19,0.00,102.29,0.00,-2049.62,-75.55,88.03,2.43,46.15,0.00,5.83,0.00,-32.88,40.85,5.83,-0.11
-1903.04,0.00,105.20,0.00,-2067.69,-51.28,91.33,2.37,46.47,0.00,5.83,0.00,-30.99,44.37,5.83,-0.11
-1880.17,0.00,108.06,0.00,-2080.58,-30.92,94.03,2.31,46.76,0.00,5.83,0.00,-25.34,43.65,5.83,-0.12
-1856.08,0.00,111.06,0.00,-2091.15,-9.30,96.95,2.24,47.05,0.00,5.83,0.00,-17.74,42.72,5.83,-0.15
-1832.78,0.00,113.94,0.00,-2097.29,10.13,99.65,2.16,47.30,0.00,5.83,0.00,-9.71,41.10,5.83,-0.18
-1808.87,0.00,116.88,0.00,-2100.08,31.21,102.77,2.06,47.54,0.00,5.83,0.00,-1.74,37.86,5.83,-0.19
-1786.29,0.00,119.64,0.00,-2098.67,51.26,106.08,1.95,47.75,0.00,5.83,0.00,5.75,33.17,5.83,-0.21
-1758.58,0.00,123.02,0.00,-2094.46,65.98,108.89,1.85,47.99,0.00,5.83,0.00,11.04,28.37,5.83,-0.21
-1735.22,0.00,125.85,0.00,-2087.82,78.48,111.76,1.74,48.17,0.00,5.83,0.00,15.39,22.89,5.83,-0.22
-1710.63,0.00,128.82,0.00,-2078.80,88.62,114.79,1.63,48.35,0.00,5.83,0.00,18.79,16.62,5.83,-0.23
-1691.85,0.00,131.08,0.00,-2069.07,95.07,117.63,1.51,48.48,0.00,5.83,0.00,20.83,10.47,5.83,-0.25
-1665.23,0.00,134.28,0.00,-2058.49,98.53,120.52,1.39,48.64,0.00,5.83,0.00,21.69,4.11,5.83,-0.26
-1639.19,0.00,137.40,0.00,-2047.17,98.77,123.58,1.25,48.79,0.00,5.83,0.00,21.25,-2.55,5.83,-0.27
-1612.09,0.00,140.63,0.00,-2036.88,95.79,126.53,1.11,48.94,0.00,5.83,0.00,19.48,-8.62,5.83,-0.28
-1586.74,0.00,143.65,0.00,-2026.93,89.03,129.82,0.95,49.06,0.00,5.83,0.00,15.85,-14.57,5.83,-0.29
-1566.20,0.00,146.09,0.00,-2019.36,79.08,133.22,0.79,49.15,0.00,5.83,0.00,10.50,-18.83,5.83,-0.26
-1540.46,0.00,149.14,0.00,-2015.21,67.78,136.50,0.65,49.26,0.00,5.83,0.00,4.89,-21.05,5.83,-0.23
-1515.74,0.00,152.06,0.00,-2014.11,58.11,139.12,0.55,49.35,0.00,5.83,0.00,0.49,-21.75,5.83,-0.21
-1486.83,0.00,155.48,0.00,-2015.34,46.28,142.31,0.44,49.46,0.00,5.83,0.00,-4.40,-21.47,5.83,-0.19
-1462.27,0.00,158.37,0.00,-2018.56,35.98,145.17,0.35,49.53,0.00,5.83,0.00,-8.28,-20.67,5.83,-0.18
-1437.97,0.00,161.23,0.00,-2022.99,27.10,147.75,0.27,49.61,0.00,5.83,0.00,-11.40,-19.60,5.83,-0.17
-1412.55,0.00,164.22,0.00,-2027.01,18.78,150.44,0.19,49.68,0.00,5.83,0.00,-6.46,-16.90,5.83,-0.17
-1383.38,0.00,167.64,0.00,-2028.63,11.20,153.21,0.11,49.75,0.00,5.83,0.00,-0.92,-15.46,5.83,-0.19
-1359.02,0.00,170.49,0.00,-2027.19,3.04,156.33,0.00,49.81,0.00,5.83,0.00,5.63,-15.26,5.83,-0.20
-1337.48,0.00,173.01,0.00,-2021.62,-4.50,159.44,-0.08,49.85,0.00,5.83,0.00,14.52,-13.50,5.83,-0.11
-1312.07,0.00,175.98,0.00,-2012.46,-10.83,162.24,-0.12,49.91,0.00,5.83,0.00,22.85,-13.06,5.83,-0.07
-1285.53,0.00,179.08,0.00,-1997.58,-16.94,165.39,-0.13,49.95,0.00,5.83,0.00,31.32,-9.78,5.83,0.05
-1254.62,0.00,182.69,0.00,-1983.33,-20.25,167.78,-0.09,50.01,0.00,5.83,0.00,37.73,-6.61,5.83,0.10
-1230.13,0.00,185.55,0.00,-1960.81,-22.33,170.90,-0.03,50.04,0.00,5.83,0.00,45.56,-1.53,5.83,0.11
-1207.92,0.00,188.13,0.00,-1935.01,-21.55,173.95,0.02,50.08,0.00,5.83,0.00,52.28,4.05,5.83,0.11
-1178.88,0.00,191.52,0.00,-1908.40,-19.04,176.71,0.06,50.11,0.00,5.83,0.00,59.21,6.17,5.83,0.05
-1154.23,0.00,194.38,0.00,-1879.72,-16.62,179.41,0.06,50.14,0.00,5.83,0.00,64.31,4.09,5.83,-0.04
-1129.89,0.00,197.21,0.00,-1849.54,-15.77,182.04,0.03,50.17,0.00,5.83,0.00,68.87,-0.17,5.83,-0.09
-1105.42,0.00,200.06,0.00,-1815.41,-16.38,184.81,0.00,50.20,0.00,5.83,0.00,74.22,-2.03,5.83,-0.04
-1083.23,0.00,202.64,0.00,-1783.68,-17.47,187.23,-0.01,50.22,0.00,5.83,0.00,78.35,-3.06,5.83,-0.03
-1057.84,0.00,205.58,0.00,-1747.48,-19.07,189.85,-0.02,50.24,0.00,5.83,0.00,82.31,-3.94,5.83,-0.02
-1035.44,0.00,208.18,0.00,-1706.96,-20.20,192.68,-0.01,50.26,0.00,5.83,0.00,84.71,-0.48,5.83,0.06
-1013.99,0.00,210.67,0.00,-1664.24,-18.88,195.58,0.02,50.28,0.00,5.83,0.00,86.58,5.31,5.83,0.08
-988.30,0.00,213.65,0.00,-1613.90,-14.98,198.90,0.05,50.29,0.00,5.83,0.00,89.99,7.78,5.83,0.03
-959.61,0.00,216.98,0.00,-1569.48,-11.87,201.75,0.05,50.31,0.00,5.83,0.00,91.25,4.58,5.83,-0.06
-939.52,0.00,219.31,0.00,-1525.90,-11.13,204.53,0.01,50.33,0.00,5.83,0.00,92.01,-1.03,5.83,-0.08
-908.35,0.00,222.92,0.00,-1478.12,-12.41,207.52,-0.01,50.34,0.00,5.83,0.00,94.05,-3.40,5.83,-0.03
-886.11,0.00,225.50,0.00,-1422.48,-14.88,210.94,-0.03,50.35,0.00,5.83,0.00,95.63,-4.77,5.83,-0.02
-860.75,0.00,228.43,0.00,-1377.90,-16.36,213.66,-0.02,50.37,0.00,5.83,0.00,95.41,-1.30,5.83,0.06
-833.93,0.00,231.54,0.00,-1322.33,-14.87,217.07,0.02,50.38,0.00,5.83,0.00,94.82,5.78,5.83,0.08
-810.50,0.00,234.25,0.00,-1273.27,-11.17,220.07,0.05,50.39,0.00,5.83,0.00,95.53,8.00,5.83,0.03
-783.47,0.00,237.38,0.00,-1213.85,-7.51,223.72,0.04,50.40,0.00,5.83,0.00,94.69,3.18,5.83,-0.07
-763.05,0.00,239.74,0.00,-1165.53,-6.62,226.69,0.01,50.41,0.00,5.83,0.00,95.18,0.86,5.83,-0.03
-741.61,0.00,242.22,0.00,-1117.22,-6.57,229.65,-0.00,50.41,0.00,5.83,0.00,95.37,-0.43,5.83,-0.02
-717.00,0.00,245.07,0.00,-1069.56,-7.04,232.56,-0.01,50.42,0.00,5.83,0.00,95.33,-1.32,5.83,-0.02
-689.85,0.00,248.21,0.00,-1014.92,-8.05,235.91,-0.02,50.43,0.00,5.83,0.00,95.12,-2.10,5.83,-0.01
-645.38,0.00,252.99,0.00,-1014.92,-8.05,235.91,-0.02,50.44,0.00,4.33,0.00,95.12,-2.10,5.83,-0.01
-618.05,0.00,254.88,0.00,-965.00,-9.32,238.97,-0.02,50.45,0.00,2.83,0.00,94.87,-2.66,5.83,-0.01
-592.62,0.00,255.97,0.00,-912.14,-9.53,242.26,-0.00,50.45,0.00,1.66,0.00,92.90,2.17,5.83,0.07
-567.98,0.00,256.50,0.00,-870.20,-8.00,244.90,0.02,50.46,0.00,0.64,0.00,92.58,4.13,5.83,0.04
-539.34,0.00,256.51,0.00,-826.42,-5.74,247.66,0.03,50.46,0.00,-0.50,0.00,92.18,5.22,5.83,0.02
-514.62,0.00,256.01,0.00,-778.89,-2.80,250.68,0.04,50.46,0.00,-1.45,0.00,91.71,6.00,5.83,0.02
-514.62,0.00,256.01,0.00,-699.84,-0.17,255.78,0.01,50.46,0.00,-1.45,0.00,89.65,0.84,5.83,-0.03
-488.79,0.00,255.00,0.00,-656.83,-0.11,258.13,0.00,50.47,0.00,-2.37,0.00,89.10,-0.38,4.15,-0.02
-468.39,0.00,253.90,0.00,-615.83,0.42,259.76,0.01,50.47,0.00,-3.01,0.00,82.06,2.84,2.83,0.06
-443.81,0.00,252.25,0.00,-574.12,3.52,260.90,0.05,50.47,0.00,-3.67,0.00,74.94,8.23,1.59,0.09
-388.17,0.00,247.55,0.00,-574.12,3.52,260.90,0.05,50.48,0.00,-4.71,0.00,74.94,8.23,1.59,0.09
-388.17,0.00,247.55,0.00,-505.74,16.26,261.41,0.14,50.48,0.00,-4.71,0.00,62.92,16.33,-0.44,0.09
-364.39,0.00,245.71,0.00,-475.35,25.41,260.91,0.19,50.48,0.00,-3.31,0.00,57.35,19.31,-1.43,0.10
-334.66,0.00,244.23,0.00,-451.73,34.23,260.11,0.23,50.49,0.00,-1.89,0.00,52.88,21.38,-2.21,0.10
-307.39,0.00,243.56,0.00,-427.56,45.04,258.83,0.28,50.49,0.00,-0.74,0.00,48.11,23.29,-2.99,0.10
-280.73,0.00,243.47,0.00,-401.84,58.90,256.88,0.34,50.49,0.00,0.32,0.00,42.74,25.11,-3.75,0.10
-254.97,0.00,243.92,0.00,-382.67,68.15,255.01,0.33,50.49,0.00,1.32,0.00,40.24,15.18,-4.25,-0.15
-233.54,0.00,244.66,0.00,-361.17,72.50,252.51,0.23,50.49,0.00,2.10,0.00,37.32,1.93,-4.70,-0.19
-205.62,0.00,246.10,0.00,-344.49,70.94,250.20,0.14,50.49,0.00,2.99,0.00,33.29,-7.19,-5.00,-0.20
-180.57,0.00,247.77,0.00,-331.61,66.57,248.07,0.05,50.50,0.00,3.67,0.00,28.86,-12.95,-5.20,-0.20
-155.17,0.00,249.78,0.00,-322.00,61.18,246.44,-0.02,50.50,0.00,4.22,0.00,24.75,-16.40,-4.01,-0.20
-131.07,0.00,251.90,0.00,-311.96,52.94,244.92,-0.11,50.50,0.00,4.62,0.00,19.56,-19.14,-2.78,-0.20
-103.55,0.00,253.93,0.00,-303.79,43.22,243.87,-0.21,50.50,0.00,3.05,0.00,14.46,-20.46,-1.65,-0.20
-72.38,0.00,255.30,0.00,-297.62,31.70,243.31,-0.32,50.50,0.00,1.60,0.00,8.60,-21.24,-0.51,-0.21
-45.21,0.00,255.83,0.00,-294.53,21.89,243.32,-0.41,50.50,0.00,0.48,0.00,4.91,-20.40,0.44,-0.19
-22.65,0.00,255.83,0.00,-290.57,11.72,243.82,-0.49,50.50,0.00,-0.41,0.00,10.31,-20.26,1.42,-0.10
0.42,0.00,255.41,0.00,-285.09,2.83,244.84,-0.50,50.50,0.00,-1.31,0.00,10.62,-14.37,2.36,0.05
27.46,0.00,254.42,0.00,-279.36,-3.14,246.32,-0.45,50.50,0.00,-2.28,0.00,11.09,-8.94,3.18,0.14
54.05,0.00,252.98,0.00,-273.57,-6.31,248.17,-0.36,50.50,0.00,-3.11,0.00,11.02,-3.76,3.85,0.17
81.61,0.00,251.06,0.00,-268.24,-6.89,250.24,-0.28,50.51,0.00,-3.82,0.00,10.27,0.91,4.35,0.18
105.40,0.00,249.13,0.00,-262.21,-5.84,252.37,-0.19,50.51,0.00,-4.31,0.00,15.09,3.44,4.72,0.18
131.19,0.00,247.35,0.00,-252.78,-3.16,254.38,-0.10,50.51,0.00,-2.88,0.00,20.16,6.48,3.17,0.16
155.11,0.00,246.27,0.00,-241.31,0.88,255.64,-0.03,50.51,0.00,-1.78,0.00,24.75,9.24,1.96,0.15
184.04,0.00,245.64,0.00,-228.67,5.05,256.28,0.02,50.51,0.00,-0.58,0.00,30.29,9.13,0.98,0.08
209.25,0.00,245.63,0.00,-210.38,9.08,256.49,0.04,50.51,0.00,0.42,0.00,35.71,5.70,-0.13,-0.04
238.90,0.00,246.25,0.00,-192.77,10.74,256.20,0.00,50.51,0.00,1.56,0.00,40.17,1.74,-1.04,-0.10
262.40,0.00,247.19,0.00,-177.68,10.66,255.69,-0.04,50.51,0.00,2.39,0.00,43.40,-1.86,-1.72,-0.11
288.39,0.00,248.65,0.00,-156.83,9.31,254.72,-0.07,50.51,0.00,3.19,0.00,48.58,-3.84,-2.50,-0.06
318.84,0.00,250.83,0.00,-124.54,7.74,252.81,-0.07,50.51,0.00,3.95,0.00,53.80,-0.82,-3.44,0.07
339.02,0.00,252.17,0.00,-99.35,8.33,251.12,-0.03,50.51,0.00,2.87,0.00,57.13,3.14,-3.98,0.10
363.96,0.00,253.26,0.00,-69.38,10.31,249.50,0.00,50.51,0.00,1.72,0.00,61.76,4.46,-2.64,0.05
390.47,0.00,253.84,0.00,-36.46,12.83,248.48,0.02,50.51,0.00,0.62,0.00,66.04,5.24,-1.48,0.03
415.08,0.00,253.88,0.00,2.12,14.73,248.01,0.01,50.51,0.00,-0.36,0.00,68.73,1.19,-0.30,-0.07
443.22,0.00,253.35,0.00,37.66,14.76,248.14,-0.02,50.51,0.00,-1.45,0.00,72.15,-0.70,0.70,-0.04
468.47,0.00,252.37,0.00,73.23,14.09,248.73,-0.03,50.51,0.00,-2.34,0.00,75.01,-1.90,1.63,-0.03
490.96,0.00,251.16,0.00,113.52,12.78,249.86,-0.04,50.51,0.00,-3.05,0.00,77.69,-2.93,2.55,-0.02
518.48,0.00,249.27,0.00,155.93,10.95,251.47,-0.05,50.51,0.00,-3.77,0.00,79.96,-3.78,3.35,-0.02
544.83,0.00,247.71,0.00,198.60,8.75,252.86,-0.06,50.51,0.00,-2.42,0.00,81.79,-4.48,2.06,-0.01
572.52,0.00,246.75,0.00,235.67,6.60,253.54,-0.07,50.51,0.00,-1.21,0.00,83.05,-5.01,1.09,-0.01
594.83,0.00,246.44,0.00,276.51,4.02,253.80,-0.07,50.51,0.00,-0.30,0.00,84.19,-5.51,0.10,-0.01
622.95,0.00,246.61,0.00,324.61,2.16,253.50,-0.05,50.51,0.00,0.81,0.00,83.82,-0.82,-1.04,0.08
649.69,0.00,247.34,0.00,364.20,2.28,252.79,-0.03,50.51,0.00,1.81,0.00,84.60,0.92,-1.92,0.04
677.64,0.00,248.63,0.00,400.56,2.89,251.79,-0.01,50.51,0.00,2.75,0.00,85.13,1.79,-2.64,0.03
677.64,0.00,248.63,0.00,482.80,4.14,248.53,-0.01,50.51,0.00,2.75,0.00,84.17,-1.61,-3.95,-0.07
703.41,0.00,250.25,0.00,531.43,2.38,246.75,-0.04,50.51,0.00,3.48,0.00,84.31,-3.94,-2.43,-0.03
757.67,0.00,252.52,0.00,531.43,2.38,246.75,-0.04,50.51,0.00,0.99,0.00,84.31,-3.94,-2.43,-0.03
757.67,0.00,252.52,0.00,606.46,1.84,245.50,-0.01,50.51,0.00,0.99,0.00,81.99,3.67,-0.49,0.08
782.09,0.00,252.73,0.00,642.99,3.94,245.50,0.02,50.51,0.00,0.01,0.00,81.96,5.35,0.40,0.04
809.47,0.00,252.41,0.00,676.98,6.36,245.85,0.03,50.51,0.00,-1.07,0.00,81.90,6.15,1.21,0.03
835.13,0.00,251.61,0.00,719.35,8.62,246.76,0.02,50.51,0.00,-2.01,0.00,80.46,2.28,2.17,-0.07
862.84,0.00,250.22,0.00,765.62,9.09,248.44,-0.00,50.51,0.00,-2.92,0.00,71.13,-0.16,3.15,-0.03
886.05,0.00,248.72,0.00,799.90,8.69,250.23,-0.02,50.51,0.00,-3.56,0.00,64.30,-1.25,3.81,-0.03
910.69,0.00,247.32,0.00,828.14,7.93,251.68,-0.03,50.51,0.00,-2.32,0.00,58.69,-1.93,2.60,-0.02
933.71,0.00,246.52,0.00,857.35,6.73,252.69,-0.05,50.51,0.00,-1.31,0.00,52.84,-2.51,1.41,-0.02
958.27,0.00,246.15,0.00,881.34,5.42,253.11,-0.06,50.51,0.00,-0.32,0.00,47.96,-2.91,0.42,-0.02
985.02,0.00,246.29,0.00,903.20,3.93,253.06,-0.07,50.51,0.00,0.74,0.00,43.38,-3.22,-0.54,-0.02
1007.87,0.00,246.84,0.00,925.12,2.12,252.45,-0.08,50.51,0.00,1.61,0.00,38.61,-3.47,-1.58,-0.02
1033.66,0.00,247.92,0.00,940.66,0.61,251.61,-0.09,50.51,0.00,2.50,0.00,35.07,-3.62,-2.33,-0.02
1056.69,0.00,249.24,0.00,957.49,-1.27,250.18,-0.10,50.51,0.00,3.20,0.00,30.99,-3.72,-3.14,-0.02
1082.99,0.00,251.10,0.00,975.58,-2.42,248.85,-0.08,50.51,0.00,3.86,0.00,34.12,-0.42,-1.82,0.08
1106.29,0.00,252.56,0.00,992.65,-1.58,248.25,-0.04,50.51,0.00,2.64,0.00,36.55,3.55,-0.80,0.11
1132.69,0.00,253.60,0.00,1010.48,1.11,248.12,0.02,50.51,0.00,1.46,0.00,38.58,7.44,0.15,0.12
1160.82,0.00,254.06,0.00,1028.63,4.70,248.40,0.06,50.51,0.00,0.31,0.00,41.81,8.33,1.04,0.06
1187.18,0.00,253.92,0.00,1048.57,7.96,249.11,0.07,50.51,0.00,-0.73,0.00,43.98,5.75,1.91,-0.04
1213.14,0.00,253.26,0.00,1073.14,9.72,250.42,0.03,50.51,0.00,-1.71,0.00,46.51,0.97,2.82,-0.10
1238.02,0.00,252.18,0.00,1093.23,9.67,251.87,-0.01,50.51,0.00,-2.57,0.00,42.28,-0.79,3.46,-0.06
1263.52,0.00,250.67,0.00,1112.83,8.97,253.23,-0.04,50.51,0.00,-3.32,0.00,37.94,-1.88,2.24,-0.05
1290.80,0.00,248.68,0.00,1132.48,7.67,254.10,-0.06,50.51,0.00,-3.98,0.00,33.32,-2.67,1.03,-0.04
1311.29,0.00,247.31,0.00,1146.34,6.38,254.33,-0.08,50.51,0.00,-2.88,0.00,29.83,-3.10,0.13,-0.04
1338.31,0.00,246.14,0.00,1157.14,3.81,254.21,-0.12,50.51,0.00,-1.64,0.00,25.26,-9.42,-0.65,-0.18
1369.19,0.00,245.57,0.00,1169.67,-1.82,253.66,-0.20,50.51,0.00,-0.37,0.00,27.27,-13.73,-1.57,-0.14
1392.05,0.00,245.63,0.00,1183.58,-6.91,252.51,-0.20,50.51,0.00,0.53,0.00,24.11,-5.33,-2.53,0.13
1417.47,0.00,246.17,0.00,1195.97,-8.08,250.91,-0.12,50.51,0.00,1.51,0.00,22.35,0.36,-3.33,0.15
1445.00,0.00,247.29,0.00,1209.63,-6.44,248.86,-0.04,50.51,0.00,2.47,0.00,26.48,5.10,-4.01,0.15
1472.73,0.00,248.90,0.00,1223.56,-2.94,247.26,0.03,50.51,0.00,3.31,0.00,29.88,8.73,-2.69,0.13
1498.38,0.00,250.76,0.00,1241.10,1.97,246.18,0.08,50.51,0.00,3.93,0.00,35.18,9.53,-1.47,0.07
1528.77,0.00,252.59,0.00,1262.30,6.42,245.72,0.08,50.51,0.00,2.36,0.00,39.46,6.27,-0.31,-0.06
1553.35,0.00,253.45,0.00,1280.94,8.32,245.80,0.05,50.51,0.00,1.29,0.00,42.80,2.36,0.59,-0.10
1575.55,0.00,253.79,0.00,1303.08,8.15,246.36,-0.01,50.51,0.00,0.39,0.00,46.02,-2.62,1.55,-0.11
1599.65,0.00,253.73,0.00,1323.36,6.63,247.19,-0.04,50.51,0.00,-0.57,0.00,49.74,-4.26,2.30,-0.06
1623.59,0.00,253.22,0.00,1349.58,4.10,248.58,-0.06,50.51,0.00,-1.49,0.00,53.91,-5.61,3.10,-0.04
1645.45,0.00,252.39,0.00,1376.32,2.01,250.25,-0.06,50.51,0.00,-2.27,0.00,56.40,-2.88,3.74,0.06
1673.30,0.00,250.87,0.00,1407.44,1.96,252.44,-0.02,50.51,0.00,-3.13,0.00,58.90,2.34,4.31,0.10
1697.27,0.00,249.21,0.00,1438.48,3.71,254.22,0.02,50.51,0.00,-3.76,0.00,62.31,4.14,2.88,0.05
1716.54,0.00,247.99,0.00,1471.36,5.12,255.37,0.01,50.51,0.00,-2.75,0.00,63.96,1.05,1.67,-0.06
1744.85,0.00,246.86,0.00,1501.62,4.38,255.90,-0.02,50.51,0.00,-1.47,0.00,65.14,-3.88,0.69,-0.09
1766.09,0.00,246.44,0.00,1540.49,-0.03,255.92,-0.08,50.51,0.00,-0.60,0.00,65.99,-10.29,-0.49,-0.10
1793.74,0.00,246.45,0.00,1571.32,-4.45,255.46,-0.09,50.51,0.00,0.50,0.00,66.95,-8.45,-1.40,0.02
1816.41,0.00,246.89,0.00,1610.57,-7.57,254.31,-0.06,50.51,0.00,1.37,0.00,68.17,-2.46,-2.44,0.09
1845.67,0.00,248.02,0.00,1644.78,-7.09,252.88,-0.01,50.51,0.00,2.41,0.00,68.64,3.75,-3.20,0.10
1867.57,0.00,249.23,0.00,1677.90,-3.76,251.16,0.04,50.51,0.00,3.09,0.00,68.51,9.37,-3.82,0.10
1893.21,0.00,250.99,0.00,1710.09,1.87,249.23,0.09,50.51,0.00,3.76,0.00,68.13,13.96,-4.31,0.10
1923.09,0.00,252.70,0.00,1742.92,7.99,247.53,0.11,50.51,0.00,2.24,0.00,68.60,11.32,-2.96,-0.03
1948.94,0.00,253.53,0.00,1776.86,12.25,246.39,0.08,50.51,0.00,1.13,0.00,69.33,6.23,-1.80,-0.09
1976.22,0.00,253.81,0.00,1807.80,12.76,245.80,0.02,50.51,0.00,0.03,0.00,63.23,-3.20,-0.81,-0.14
2000.71,0.00,253.57,0.00,1836.82,8.57,245.67,-0.05,50.51,0.00,-0.93,0.00,56.03,-12.60,0.17,-0.16
2028.54,0.00,252.74,0.00,1865.59,1.92,246.03,-0.10,50.51,0.00,-1.97,0.00,58.43,-13.53,1.16,-0.06
2053.31,0.00,251.55,0.00,1894.38,-3.84,246.84,-0.11,50.51,0.00,-2.79,0.00,59.79,-10.16,2.06,0.05
2073.97,0.00,250.27,0.00,1928.57,-7.79,248.29,-0.06,50.51,0.00,-3.38,0.00,61.37,-4.22,2.98,0.10
2096.86,0.00,248.60,0.00,1960.28,-8.29,250.02,-0.01,50.51,0.00,-3.93,0.00,62.30,1.66,3.67,0.10
2119.42,0.00,247.15,0.00,1989.85,-6.05,251.48,0.04,50.51,0.00,-2.74,0.00,57.77,6.75,2.41,0.10
2145.78,0.00,246.07,0.00,2013.83,-2.23,252.29,0.08,50.51,0.00,-1.54,0.00,53.87,10.49,1.44,0.10
2172.67,0.00,245.57,0.00,2041.18,4.52,252.73,0.13,50.51,0.00,-0.44,0.00,49.13,14.30,0.35,0.10
2201.49,0.00,245.68,0.00,2064.10,12.30,252.64,0.19,50.51,0.00,0.70,0.00,44.90,17.09,-0.63,0.11
2224.11,0.00,246.21,0.00,2086.19,21.88,252.02,0.24,50.51,0.00,1.56,0.00,40.55,19.45,-1.63,0.11
2250.17,0.00,247.27,0.00,2108.26,33.89,250.74,0.30,50.51,0.00,2.47,0.00,35.82,21.51,-2.64,0.11
2274.99,0.00,248.70,0.00,2125.12,41.82,249.24,0.29,50.51,0.00,3.22,0.00,33.27,11.38,-3.37,-0.15
2303.38,0.00,250.74,0.00,2140.78,44.51,247.92,0.20,50.51,0.00,3.93,0.00,30.78,0.72,-2.16,-0.20
2328.71,0.00,252.33,0.00,2157.21,41.63,247.07,0.09,50.51,0.00,2.60,0.00,26.12,-9.19,-0.91,-0.20
2350.35,0.00,253.21,0.00,2169.26,35.13,246.90,-0.02,50.51,0.00,1.62,0.00,20.85,-14.97,0.13,-0.21
2396.33,0.00,253.78,0.00,2169.26,35.13,246.90,-0.02,50.51,0.00,-0.24,0.00,20.85,-14.97,0.13,-0.21
2396.33,0.00,253.78,0.00,2184.17,20.08,247.83,-0.19,50.51,0.00,-0.24,0.00,13.05,-18.23,1.85,-0.19
2422.81,0.00,253.36,0.00,2191.21,10.70,248.98,-0.27,50.51,0.00,-1.27,0.00,15.25,-19.69,2.69,-0.16
2441.84,0.00,252.73,0.00,2200.81,1.35,250.66,-0.31,50.51,0.00,-1.97,0.00,20.23,-15.82,3.47,0.01
2486.28,0.00,250.33,0.00,2200.81,1.35,250.66,-0.31,50.51,0.00,-3.35,0.00,20.23,-15.82,3.47,0.01
2509.30,0.00,248.66,0.00,2212.75,-5.83,252.07,-0.29,50.51,0.00,-3.91,0.00,25.73,-12.35,2.19,0.11
2532.47,0.00,247.18,0.00,2226.11,-10.65,252.83,-0.23,50.51,0.00,-2.69,0.00,30.60,-8.49,1.16,0.13
2555.31,0.00,246.23,0.00,2243.38,-13.69,253.13,-0.16,50.51,0.00,-1.65,0.00,35.44,-3.65,0.11,0.13
2582.62,0.00,245.67,0.00,2259.87,-14.27,252.96,-0.10,50.51,0.00,-0.53,0.00,39.01,0.63,-0.77,0.13
2604.59,0.00,245.65,0.00,2278.86,-12.88,252.38,-0.04,50.51,0.00,0.34,0.00,42.32,4.89,-1.66,0.12
2630.19,0.00,246.10,0.00,2299.80,-9.51,251.36,0.01,50.51,0.00,1.34,0.00,45.24,8.82,-2.49,0.12
2652.93,0.00,246.91,0.00,2320.10,-4.89,250.11,0.06,50.51,0.00,2.16,0.00,47.64,12.00,-3.16,0.11
2679.11,0.00,248.27,0.00,2344.62,1.18,248.39,0.10,50.51,0.00,2.99,0.00,51.87,12.62,-3.80,0.05
2703.03,0.00,249.86,0.00,2374.02,7.07,246.13,0.10,50.51,0.00,3.64,0.00,55.28,8.90,-4.36,-0.06
2728.85,0.00,251.89,0.00,2405.84,10.32,244.20,0.05,50.51,0.00,4.20,0.00,58.51,3.15,-2.81,-0.10
2756.63,0.00,253.73,0.00,2434.07,10.44,243.16,0.01,50.51,0.00,2.70,0.00,60.66,-2.15,-1.71,-0.10
2779.34,0.00,254.68,0.00,2468.61,8.51,242.57,-0.03,50.51,0.00,1.67,0.00,64.36,-4.33,-0.56,-0.04
2803.61,0.00,255.22,0.00,2500.05,6.14,242.55,-0.05,50.51,0.00,0.66,0.00,67.16,-5.46,0.39,-0.03
2827.18,0.00,255.29,0.00,2528.99,4.33,242.92,-0.04,50.51,0.00,-0.27,0.00,68.31,-2.90,1.23,0.05
2852.36,0.00,254.88,0.00,2558.94,4.09,243.65,-0.01,50.51,0.00,-1.25,0.00,69.32,1.52,2.03,0.09
2877.43,0.00,254.01,0.00,2596.51,5.58,244.99,0.02,50.51,0.00,-2.16,0.00,71.78,3.60,2.91,0.04
2900.91,0.00,252.80,0.00,2632.49,7.67,246.62,0.04,50.51,0.00,-2.92,0.00,73.73,4.70,3.59,0.03
2923.62,0.00,251.33,0.00,2672.67,9.25,248.76,0.02,50.51,0.00,-3.54,0.00,74.14,0.85,4.20,-0.07
2950.47,0.00,249.27,0.00,2706.28,8.40,250.76,-0.01,50.51,0.00,-4.15,0.00,74.21,-4.17,4.59,-0.09
2979.44,0.00,247.39,0.00,2745.10,4.45,252.72,-0.06,50.51,0.00,-2.60,0.00,73.71,-10.20,3.07,-0.10
3000.00,0.00,246.49,0.00,2776.93,-1.00,253.80,-0.10,50.51,0.00,-1.60,0.00,73.09,-14.44,2.03,-0.09
3000.00,0.00,245.98,0.00,2813.40,-7.57,254.51,-0.12,50.51,0.00,-0.56,0.00,73.16,-11.60,0.96,0.04
3000.00,0.00,246.00,0.00,2849.31,-11.94,254.71,-0.08,50.51,0.00,0.50,0.00,68.13,-5.91,-0.07,0.09
3000.00,0.00,246.53,0.00,2888.49,-13.17,254.28,-0.03,50.51,0.00,1.48,0.00,62.56,1.04,-1.26,0.09
3000.00,0.00,247.53,0.00,2917.07,-11.38,253.45,0.02,50.51,0.00,2.38,0.00,58.25,5.90,-2.13,0.10
3000.00,0.00,248.63,0.00,2947.15,-7.76,252.05,0.05,50.51,0.00,3.02,0.00,54.68,7.22,-3.00,0.05
3000.00,0.00,250.38,0.00,2975.00,-3.82,250.26,0.08,50.51,0.00,3.71,0.00,51.57,7.65,-3.70,0.03
3000.00,0.00,251.73,0.00,3000.00,0.22,248.72,0.09,50.51,0.00,2.56,0.00,48.76,7.80,-2.36,0.02
3000.00,0.00,252.72,0.00,3000.00,4.89,247.74,0.10,50.51,0.00,1.39,0.00,45.80,7.81,-1.04,0.02
3000.00,0.00,253.14,0.00,2999.99,9.07,247.51,0.11,50.51,0.00,0.27,0.00,43.35,7.75,0.06,0.02
3000.00,0.00,252.96,0.00,2999.97,12.91,247.83,0.12,50.51,0.00,-0.81,0.00,41.23,7.65,1.08,0.01
3000.00,0.00,252.27,0.00,2999.95,17.10,248.77,0.13,50.51,0.00,-1.78,0.00,39.04,7.52,2.13,0.01
3000.00,0.00,251.30,0.00,2999.93,20.14,249.84,0.13,50.51,0.00,-2.55,0.00,37.52,7.41,2.82,0.01
3000.00,0.00,249.73,0.00,2999.91,23.69,251.47,0.14,50.51,0.00,-3.33,0.00,35.79,7.26,3.54,0.01
3000.00,0.00,248.65,0.00,2999.88,27.11,253.38,0.14,50.51,0.00,-2.37,0.00,34.20,7.12,4.11,0.01
3000.00,0.00,247.81,0.00,2999.85,30.25,254.97,0.15,50.51,0.00,-1.34,0.00,32.77,6.98,2.82,0.01
3000.00,0.00,247.43,0.00,2999.81,33.90,256.15,0.15,50.51,0.00,-0.27,0.00,31.15,6.80,1.54,0.01
3000.00,0.00,247.53,0.00,2999.78,36.69,256.60,0.16,50.51,0.00,0.63,0.00,29.95,6.67,0.62,0.01
3000.00,0.00,248.20,0.00,2999.73,40.16,256.60,0.16,50.51,0.00,1.69,0.00,28.49,6.49,-0.50,0.01
3000.00,0.00,249.18,0.00,2999.69,43.19,256.07,0.17,50.51,0.00,2.49,0.00,27.24,6.33,-1.48,0.01
3000.00,0.00,250.72,0.00,2999.65,46.08,255.10,0.17,50.51,0.00,3.29,0.00,26.07,6.18,-2.37,0.01
3000.00,0.00,251.91,0.00,2999.59,49.34,253.44,0.17,50.51,0.00,2.20,0.00,24.76,6.00,-3.26,0.01
3000.00,0.00,252.60,0.00,2999.55,51.86,251.80,0.18,50.51,0.00,1.31,0.00,23.77,5.85,-3.84,0.01
3000.00,0.00,252.98,0.00,2999.51,54.39,250.32,0.18,50.51,0.00,0.17,0.00,22.78,5.71,-2.59,0.01
3000.00,0.00,252.79,0.00,2999.46,57.08,249.31,0.18,50.51,0.00,-0.81,0.00,21.74,5.55,-1.42,0.01
3000.00,0.00,252.24,0.00,2999.40,59.79,248.88,0.19,50.51,0.00,-1.65,0.00,20.69,5.38,-0.32,0.01
3000.00,0.00,251.00,0.00,2999.36,62.08,248.97,0.19,50.51,0.00,-2.63,0.00,19.82,5.24,0.62,0.01
3000.00,0.00,249.23,0.00,2999.31,64.35,249.51,0.19,50.51,0.00,-3.46,0.00,18.95,5.09,1.54,0.01
3000.00,0.00,247.93,0.00,2999.26,66.82,250.01,0.19,50.51,0.00,-2.30,0.00,18.00,4.93,0.43,0.01
3000.00,0.00,247.10,0.00,2999.20,69.31,249.90,0.20,50.51,0.00,-1.22,0.00,17.05,4.77,-0.69,0.01
3000.00,0.00,246.77,0.00,2999.16,71.16,249.41,0.20,50.51,0.00,-0.12,0.00,16.34,4.64,-1.52,0.01
3000.00,0.00,246.93,0.00,2999.11,73.02,248.53,0.20,50.51,0.00,0.77,0.00,15.62,4.51,-2.32,0.01
3000.00,0.00,247.51,0.00,2999.06,75.04,247.16,0.20,50.51,0.00,1.65,0.00,14.83,4.36,-3.10,0.00
3000.00,0.00,248.66,0.00,2999.01,77.08,245.90,0.21,50.51,0.00,2.57,0.00,14.03,4.20,-1.86,0.00
3000.00,0.00,249.90,0.00,2998.96,78.84,245.29,0.21,50.51,0.00,3.21,0.00,13.33,4.07,-0.87,0.00
3000.00,0.00,251.62,0.00,2998.91,80.77,245.14,0.21,50.51,0.00,3.83,0.00,12.56,3.91,0.20,0.00
3000.00,0.00,253.36,0.00,2998.87,82.38,245.47,0.21,50.51,0.00,2.32,0.00,11.89,3.78,1.11,0.00
3000.00,0.00,254.24,0.00,2998.82,84.15,246.34,0.22,50.51,0.00,1.15,0.00,11.16,3.62,2.09,0.00
3000.00,0.00,254.53,0.00,2998.77,85.88,247.72,0.22,50.51,0.00,0.26,0.00,10.42,3.47,2.96,0.00
3000.00,0.00,254.30,0.00,2998.73,87.43,249.40,0.22,50.51,0.00,-0.91,0.00,9.74,3.32,3.65,0.00
3000.00,0.00,253.54,0.00,2998.68,89.00,251.52,0.22,50.51,0.00,-1.89,0.00,9.03,3.17,4.23,0.00
3000.00,0.00,252.34,0.00,2998.63,90.58,254.04,0.23,50.51,0.00,-2.75,0.00,8.30,3.00,4.70,0.00
3000.00,0.00,250.94,0.00,2998.59,91.99,256.05,0.23,50.51,0.00,-3.40,0.00,7.63,2.85,3.14,0.00
3000.00,0.00,248.94,0.00,2998.55,93.26,257.28,0.23,50.51,0.00,-4.04,0.00,7.00,2.70,1.95,0.00
3000.00,0.00,247.45,0.00,2998.51,94.40,257.93,0.23,50.51,0.00,-2.82,0.00,6.41,2.56,0.94,0.00
3000.00,0.00,246.35,0.00,2998.48,95.55,258.13,0.23,50.51,0.00,-1.65,0.00,5.78,2.42,-0.07,0.00
3000.00,0.00,245.82,0.00,2998.44,96.64,257.81,0.24,50.51,0.00,-0.65,0.00,5.17,2.27,-1.07,0.00
3000.00,0.00,246.14,0.00,2998.44,96.64,257.81,0.24,50.51,0.00,1.22,0.00,5.17,2.27,-1.07,0.00
3000.00,0.00,246.85,0.00,2998.41,97.71,256.95,0.24,50.51,0.00,2.01,0.00,4.52,2.11,-2.06,0.00
3000.00,0.00,248.03,0.00,2998.37,98.84,255.37,0.24,50.51,0.00,2.81,0.00,3.80,1.93,-3.04,0.00
3000.00,0.00,249.69,0.00,2998.34,99.72,253.62,0.24,50.51,0.00,3.54,0.00,3.19,1.77,-3.72,0.00
3000.00,0.00,251.59,0.00,2998.32,100.39,251.95,0.24,50.51,0.00,4.10,0.00,2.70,1.65,-4.18,0.00
3000.00,0.00,253.22,0.00,2998.28,101.63,249.73,0.26,50.51,0.00,2.78,0.00,0.38,3.20,-4.62,0.08
3000.00,0.00,254.27,0.00,2997.89,103.41,247.96,0.31,50.51,0.00,1.66,0.00,-1.88,4.38,-3.26,0.13
3000.00,0.00,254.74,0.00,2996.10,105.99,246.62,0.39,50.51,0.00,0.82,0.00,-4.64,5.18,-1.98,0.16
3000.00,0.00,254.89,0.00,2992.85,108.77,245.90,0.47,50.51,0.00,-0.08,0.00,-7.42,5.26,-0.86,0.16
3000.00,0.00,254.56,0.00,2988.45,111.26,245.75,0.55,50.51,0.00,-1.09,0.00,-9.91,4.68,0.15,0.16
3000.00,0.00,253.78,0.00,2982.70,113.35,246.11,0.63,50.51,0.00,-2.01,0.00,-12.20,3.50,1.16,0.16
3000.00,0.00,252.43,0.00,2976.33,114.64,246.91,0.71,50.51,0.00,-2.89,0.00,-14.04,1.96,2.05,0.15
3000.00,0.00,250.76,0.00,2969.36,115.10,248.07,0.78,50.51,0.00,-3.60,0.00,-15.50,0.15,2.83,0.15
3000.00,0.00,248.84,0.00,2960.36,114.46,249.88,0.86,50.51,0.00,-4.15,0.00,-16.81,-2.26,3.60,0.14
3000.00,0.00,247.12,0.00,2950.98,112.49,251.41,0.94,50.51,0.00,-2.75,0.00,-17.66,-4.79,2.23,0.14
3000.00,0.00,246.00,0.00,2943.03,109.84,252.16,1.00,50.51,0.00,-1.49,0.00,-18.06,-6.93,1.26,0.14
3000.00,0.00,245.52,0.00,2934.33,105.91,252.51,1.06,50.51,0.00,-0.32,0.00,-18.20,-9.25,0.28,0.13
3000.00,0.00,245.67,0.00,2926.75,101.59,252.43,1.12,50.51,0.00,0.77,0.00,-18.11,-11.26,-0.55,0.13
3000.00,0.00,246.33,0.00,2915.23,94.31,251.81,1.23,50.51,0.00,1.74,0.00,-22.82,-15.47,-1.61,0.23
3000.00,0.00,247.30,0.00,2903.40,85.03,250.75,1.34,50.51,0.00,2.51,0.00,-23.71,-20.96,-2.49,0.23
3000.00,0.00,248.62,0.00,2893.00,74.38,249.46,1.44,50.51,0.00,3.21,0.00,-22.47,-25.91,-3.18,0.22
3000.00,0.00,250.71,0.00,2882.08,59.34,247.60,1.55,50.51,0.00,3.93,0.00,-19.50,-31.08,-3.85,0.21
3000.00,0.00,252.28,0.00,2873.23,42.32,246.02,1.65,50.51,0.00,2.62,0.00,-15.59,-35.21,-2.52,0.20
3000.00,0.00,253.28,0.00,2865.95,21.29,245.00,1.76,50.51,0.00,1.48,0.00,-10.64,-38.60,-1.25,0.19
3000.00,0.00,253.75,0.00,2861.62,-0.89,244.65,1.86,50.51,0.00,0.35,0.00,-5.48,-40.60,-0.12,0.18
3000.00,0.00,253.63,0.00,2861.96,-19.49,244.83,1.88,50.51,0.00,-0.69,0.00,4.39,-39.06,0.82,-0.08
3000.00,0.00,253.13,0.00,2863.29,-38.80,245.48,1.88,50.51,0.00,-1.53,0.00,2.00,-40.04,1.74,0.08
3000.00,0.00,252.02,0.00,2864.52,-58.98,246.60,1.94,50.51,0.00,-2.48,0.00,3.07,-40.26,2.61,0.13
3000.00,0.00,250.65,0.00,2866.59,-78.47,248.07,2.00,50.51,0.00,-3.20,0.00,5.23,-39.85,3.33,0.13
3000.00,0.00,248.94,0.00,2869.55,-99.08,250.17,2.08,50.51,0.00,-3.82,0.00,5.15,-34.02,4.02,0.13
3000.00,0.00,247.64,0.00,2871.84,-113.69,251.70,2.14,50.51,0.00,-2.75,0.00,4.70,-29.62,2.77,0.13
3000.00,0.00,246.64,0.00,2874.20,-126.81,252.78,2.19,50.51,0.00,-1.68,0.00,4.26,-22.81,1.60,0.07
3000.00,0.00,246.08,0.00,2876.69,-136.77,253.29,2.20,50.51,0.00,-0.57,0.00,5.03,-16.80,0.53,-0.04
3000.00,0.00,246.04,0.00,2879.24,-144.07,253.27,2.15,50.51,0.00,0.32,0.00,4.61,-11.52,-0.53,-0.12
3000.00,0.00,246.31,0.00,2881.50,-148.67,252.70,2.08,50.51,0.00,1.05,0.00,4.22,-6.70,-1.53,-0.16
3000.00,0.00,247.08,0.00,2882.82,-150.75,251.64,2.01,50.51,0.00,1.97,0.00,1.28,-1.73,-2.45,-0.10
3000.00,0.00,248.20,0.00,2882.40,-150.96,250.29,1.99,50.51,0.00,2.75,0.00,-2.61,0.61,-3.18,0.00
3000.00,0.00,249.97,0.00,2879.99,-150.00,248.52,2.01,50.51,0.00,3.54,0.00,-6.65,2.97,-3.82,0.10
