-2500.00,0.00,0.00,0.00,-2677.34,-797.85,6.46,2.46,0.00,0.00,0.00,0.00,0.00,0.00,0.00,0.00
-2499.59,0.00,0.29,0.00,-2676.25,-797.45,6.22,2.43,1.45,0.00,1.03,0.00,4.29,1.48,-0.93,-0.14
-2498.60,0.00,0.99,0.00,-2672.78,-796.49,5.48,2.34,2.73,0.00,1.89,0.00,8.86,2.01,-1.89,-0.21
-2496.99,0.00,2.08,0.00,-2666.60,-795.65,4.16,2.22,4.03,0.00,2.68,0.00,13.06,0.89,-2.81,-0.22
-2494.73,0.00,3.53,0.00,-2659.74,-795.74,2.65,2.12,5.35,0.00,3.38,0.00,15.62,-1.16,-3.48,-0.21
-2492.35,0.00,5.00,0.00,-2650.76,-797.25,1.18,2.02,6.44,0.00,3.87,0.00,17.31,-4.21,-2.14,-0.19
-2488.26,0.00,7.35,0.00,-2642.74,-799.85,0.46,1.93,7.97,0.00,4.43,0.00,17.81,-6.99,-1.15,-0.18
-2483.65,0.00,9.80,0.00,-2635.84,-800.66,0.17,1.85,9.39,0.00,4.82,0.00,14.43,2.45,-0.26,-0.19
-2478.43,0.00,12.37,0.00,-2630.45,-797.71,0.24,1.77,10.74,0.00,5.11,0.00,12.80,11.39,0.54,-0.20
-2472.73,0.00,14.97,0.00,-2624.44,-789.09,0.77,1.68,12.04,0.00,5.31,0.00,11.94,22.54,1.49,-0.17
-2467.25,0.00,17.31,0.00,-2618.04,-773.51,1.85,1.60,13.15,0.00,5.44,0.00,12.23,34.60,2.44,-0.13
-2460.73,0.00,19.90,0.00,-2612.06,-751.55,3.37,1.55,14.33,0.00,5.55,0.00,10.86,47.68,3.25,-0.06
-2452.28,0.00,23.04,0.00,-2607.53,-723.44,5.27,1.55,15.70,0.00,5.64,0.00,6.66,58.57,3.90,0.05
-2444.97,0.00,25.59,0.00,-2605.68,-690.30,7.44,1.59,16.77,0.00,5.69,0.00,0.83,68.26,4.42,0.09
-2436.36,0.00,28.41,0.00,-2606.37,-662.77,9.20,1.62,17.93,0.00,5.73,0.00,-4.03,74.39,4.72,0.09
-2428.25,0.00,30.94,0.00,-2609.17,-624.63,11.56,1.65,18.92,0.00,5.76,0.00,-6.99,82.57,5.01,0.04
-2418.79,0.00,33.73,0.00,-2612.43,-575.70,14.48,1.65,19.99,0.00,5.78,0.00,-3.96,89.45,5.27,-0.06
-2409.09,0.00,36.46,0.00,-2613.03,-533.43,16.94,1.61,21.01,0.00,5.79,0.00,0.95,93.96,5.42,-0.08
-2397.64,0.00,39.54,0.00,-2610.99,-484.22,19.75,1.57,22.11,0.00,5.81,0.00,6.41,97.76,5.54,-0.08
-2386.23,0.00,42.46,0.00,-2607.50,-436.34,22.42,1.54,23.11,0.00,5.81,0.00,7.79,101.84,5.62,-0.04
-2375.48,0.00,45.11,0.00,-2602.67,-375.44,25.73,1.53,23.99,0.00,5.82,0.00,8.57,105.78,5.69,-0.02
-2364.43,0.00,47.74,0.00,-2597.41,-323.66,28.52,1.50,24.84,0.00,5.82,0.00,12.97,106.48,5.73,-0.07
-2350.81,0.00,50.87,0.00,-2591.11,-280.02,30.88,1.47,25.80,0.00,5.83,0.00,17.28,106.45,5.76,-0.08
-2338.22,0.00,53.66,0.00,-2579.70,-220.31,34.12,1.43,26.63,0.00,5.83,0.00,22.68,105.82,5.78,-0.08
-2321.59,0.00,57.23,0.00,-2567.16,-167.97,37.00,1.39,27.64,0.00,5.83,0.00,27.24,104.72,5.80,-0.08
-2308.63,0.00,59.92,0.00,-2553.76,-120.55,39.65,1.35,28.37,0.00,5.83,0.00,31.11,103.34,5.81,-0.08
-2291.86,0.00,63.31,0.00,-2536.92,-69.03,42.57,1.31,29.24,0.00,5.83,0.00,35.31,101.46,5.81,-0.08
-2278.34,0.00,65.97,0.00,-2517.57,-17.72,45.55,1.27,29.89,0.00,5.83,0.00,39.77,99.00,5.82,-0.09
-2261.32,0.00,69.25,0.00,-2495.15,32.33,48.74,1.22,30.66,0.00,5.83,0.00,41.94,85.68,5.82,-0.10
-2246.85,0.00,71.97,0.00,-2470.92,75.30,51.96,1.15,31.27,0.00,5.83,0.00,45.26,71.58,5.83,-0.13
-2232.68,0.00,74.59,0.00,-2449.79,105.02,54.61,1.08,31.83,0.00,5.83,0.00,47.24,60.40,5.83,-0.15
-2213.27,0.00,78.10,0.00,-2430.49,127.33,56.96,1.02,32.54,0.00,5.83,0.00,48.11,51.14,5.83,-0.15
-2197.11,0.00,80.97,0.00,-2404.89,151.20,60.06,0.94,33.08,0.00,5.83,0.00,48.13,40.00,5.83,-0.16
-2184.17,0.00,83.24,0.00,-2379.29,169.58,63.19,0.85,33.50,0.00,5.83,0.00,47.16,29.65,5.83,-0.17
-2166.49,0.00,86.29,0.00,-2354.75,182.54,66.28,0.76,34.03,0.00,5.83,0.00,45.31,20.23,5.83,-0.18
-2148.46,0.00,89.35,0.00,-2333.55,190.20,69.09,0.67,34.53,0.00,5.83,0.00,42.89,12.45,5.83,-0.18
-2127.97,0.00,92.78,0.00,-2308.29,194.81,72.71,0.56,35.07,0.00,5.83,0.00,38.82,3.50,5.83,-0.19
-2113.69,0.00,95.15,0.00,-2290.33,194.85,75.56,0.46,35.41,0.00,5.83,0.00,34.94,-2.64,5.83,-0.20
-2098.05,0.00,97.71,0.00,-2277.60,192.94,77.80,0.38,35.77,0.00,5.83,0.00,31.53,-6.78,5.83,-0.20
-2079.12,0.00,100.78,0.00,-2264.13,188.71,80.50,0.29,36.18,0.00,5.83,0.00,27.13,-11.03,5.83,-0.21
-2060.53,0.00,103.76,0.00,-2252.60,182.53,83.25,0.19,36.55,0.00,5.83,0.00,22.26,-14.73,5.83,-0.22
-2043.09,0.00,106.53,0.00,-2243.85,175.30,85.85,0.09,36.88,0.00,5.83,0.00,17.42,-17.37,5.83,-0.22
-2025.76,0.00,109.25,0.00,-2236.44,165.65,88.88,-0.03,37.18,0.00,5.83,0.00,11.63,-19.41,5.83,-0.23
-2008.78,0.00,111.91,0.00,-2232.15,155.72,91.78,-0.14,37.46,0.00,5.83,0.00,6.13,-20.29,5.83,-0.24
-1985.30,0.00,115.54,0.00,-2230.55,145.43,94.74,-0.26,37.82,0.00,5.83,0.00,0.74,-20.13,5.83,-0.24
-1962.74,0.00,119.01,0.00,-2231.19,137.12,97.21,-0.36,38.14,0.00,5.83,0.00,-3.33,-19.17,5.83,-0.24
-1945.45,0.00,121.64,0.00,-2233.93,128.23,100.07,-0.48,38.37,0.00,5.83,0.00,-7.42,-17.30,5.83,-0.24
-1926.19,0.00,124.56,0.00,-2238.96,119.79,103.17,-0.61,38.61,0.00,5.83,0.00,-11.05,-14.59,5.83,-0.24
-1908.26,0.00,127.26,0.00,-2242.72,112.10,105.91,-0.71,38.82,0.00,5.83,0.00,-5.62,-18.12,5.83,-0.21
-1887.77,0.00,130.33,0.00,-2243.26,102.88,108.57,-0.79,39.05,0.00,5.83,0.00,2.36,-22.17,5.83,-0.12
-1868.71,0.00,133.17,0.00,-2239.60,91.26,111.44,-0.81,39.24,0.00,5.83,0.00,11.61,-24.95,5.83,0.01
-1847.02,0.00,136.38,0.00,-2230.37,77.09,114.55,-0.78,39.45,0.00,5.83,0.00,22.01,-27.72,5.83,0.11
-1831.36,0.00,138.69,0.00,-2218.75,64.77,117.49,-0.71,39.59,0.00,5.83,0.00,23.85,-21.78,5.83,0.13
-1810.77,0.00,141.72,0.00,-2208.69,56.92,119.88,-0.66,39.76,0.00,5.83,0.00,24.95,-16.91,5.83,0.14
-1783.71,0.00,145.68,0.00,-2194.10,49.34,123.23,-0.58,39.97,0.00,5.83,0.00,25.68,-10.29,5.83,0.14
-1769.52,0.00,147.75,0.00,-2179.46,44.32,126.01,-0.51,40.07,0.00,5.83,0.00,34.66,-10.57,5.83,0.14
-1748.17,0.00,150.85,0.00,-2160.31,39.21,128.85,-0.45,40.22,0.00,5.83,0.00,43.17,-10.41,5.83,0.13
-1730.24,0.00,153.44,0.00,-2138.18,35.28,131.92,-0.38,40.33,0.00,5.83,0.00,40.97,-5.14,5.83,0.13
-1713.36,0.00,155.88,0.00,-2118.47,33.14,134.49,-0.32,40.43,0.00,5.83,0.00,47.88,-4.61,5.83,0.12
-1690.77,0.00,159.13,0.00,-2088.02,30.81,137.87,-0.25,40.56,0.00,5.83,0.00,56.28,-3.41,5.83,0.11
-1668.25,0.00,162.37,0.00,-2058.58,29.51,140.73,-0.20,40.68,0.00,5.83,0.00,62.75,-1.94,5.83,0.11
-1646.04,0.00,165.55,0.00,-2022.73,29.07,143.89,-0.15,40.79,0.00,5.83,0.00,69.15,0.21,5.83,0.10
-1626.81,0.00,168.29,0.00,-1984.60,29.91,146.96,-0.09,40.88,0.00,5.83,0.00,74.61,2.80,5.83,0.09
-1608.72,0.00,170.87,0.00,-1948.18,31.91,149.72,-0.05,40.96,0.00,5.83,0.00,78.80,5.47,5.83,0.09
-1588.55,0.00,173.74,0.00,-1906.73,33.67,152.71,-0.04,41.04,0.00,5.83,0.00,82.62,1.33,5.83,-0.04
-1570.69,0.00,176.28,0.00,-1868.35,32.83,155.37,-0.07,41.10,0.00,5.83,0.00,85.38,-4.64,5.83,-0.09
-1548.28,0.00,179.45,0.00,-1828.85,29.06,158.04,-0.11,41.18,0.00,5.83,0.00,87.28,-11.25,5.83,-0.09
-1527.61,0.00,182.38,0.00,-1782.31,20.93,161.12,-0.16,41.25,0.00,5.83,0.00,88.55,-18.68,5.83,-0.09
-1508.80,0.00,185.04,0.00,-1738.70,10.07,163.98,-0.20,41.31,0.00,5.83,0.00,88.98,-24.80,5.83,-0.09
-1483.11,0.00,188.66,0.00,-1687.11,-3.40,167.33,-0.21,41.39,0.00,5.83,0.00,91.12,-21.57,5.83,0.06
-1462.91,0.00,191.50,0.00,-1644.67,-11.92,170.01,-0.18,41.44,0.00,5.83,0.00,93.08,-15.79,5.83,0.09
-1441.79,0.00,194.47,0.00,-1597.52,-17.95,173.10,-0.13,41.49,0.00,5.83,0.00,85.70,-7.99,5.83,0.08
-1419.97,0.00,197.54,0.00,-1559.34,-20.15,175.80,-0.09,41.55,0.00,5.83,0.00,79.74,-2.22,5.83,0.09
-1400.46,0.00,200.28,0.00,-1517.68,-19.60,179.00,-0.05,41.59,0.00,5.83,0.00,73.15,3.46,5.83,0.09
-1377.68,0.00,203.47,0.00,-1484.79,-16.92,181.73,-0.00,41.64,0.00,5.83,0.00,67.88,7.47,5.83,0.09
-1353.63,0.00,206.84,0.00,-1453.95,-12.47,184.49,0.04,41.68,0.00,5.83,0.00,62.83,10.91,5.83,0.09
-1334.23,0.00,209.55,0.00,-1425.89,-6.62,187.21,0.09,41.72,0.00,5.83,0.00,58.11,13.80,5.83,0.10
-1313.01,0.00,212.52,0.00,-1396.77,0.53,190.24,0.12,41.75,0.00,5.83,0.00,54.51,13.65,5.83,0.05
-1292.02,0.00,215.45,0.00,-1367.81,7.89,193.45,0.14,41.78,0.00,5.83,0.00,51.21,13.14,5.83,0.03
-1270.92,0.00,218.39,0.00,-1346.16,13.50,195.98,0.15,41.82,0.00,5.83,0.00,48.85,12.74,5.83,0.02
-1270.92,0.00,218.39,0.00,-1299.52,25.88,201.86,0.18,41.82,0.00,5.83,0.00,44.00,11.87,5.83,0.02
-1230.04,0.00,224.09,0.00,-1299.52,25.88,201.86,0.18,41.87,0.00,5.83,0.00,44.00,11.87,5.83,0.02
-1213.42,0.00,226.40,0.00,-1279.46,31.34,204.59,0.18,41.89,0.00,5.83,0.00,41.99,11.51,5.83,0.02
-1191.04,0.00,229.52,0.00,-1257.55,37.40,207.72,0.19,41.92,0.00,5.83,0.00,39.84,11.11,5.83,0.01
-1170.54,0.00,232.37,0.00,-1236.91,43.21,210.83,0.20,41.94,0.00,5.83,0.00,37.85,10.73,5.83,0.01
-1147.74,0.00,235.54,0.00,-1220.09,48.02,213.49,0.20,41.96,0.00,5.83,0.00,36.27,10.43,5.83,0.01
-1126.88,0.00,238.44,0.00,-1201.45,53.42,216.57,0.21,41.98,0.00,5.83,0.00,34.53,10.09,5.83,0.01
-1107.59,0.00,241.12,0.00,-1183.24,58.79,219.73,0.21,42.00,0.00,5.83,0.00,32.85,9.75,5.83,0.01
-1086.57,0.00,244.04,0.00,-1169.06,63.03,222.30,0.22,42.01,0.00,5.83,0.00,31.55,9.49,5.83,0.01
-1066.49,0.00,246.83,0.00,-1154.91,67.94,225.06,0.24,42.03,0.00,5.83,0.00,28.58,11.21,5.83,0.07
-1047.78,0.00,249.42,0.00,-1139.70,75.14,228.41,0.29,42.04,0.00,5.83,0.00,24.73,13.60,5.83,0.10
-1023.07,0.00,252.85,0.00,-1128.35,82.37,231.30,0.34,42.06,0.00,5.83,0.00,21.35,15.30,5.83,0.11
-1005.78,0.00,254.90,0.00,-1118.93,90.08,234.12,0.40,42.07,0.00,4.37,0.00,18.08,16.50,5.83,0.12
-985.18,0.00,256.66,0.00,-1110.66,98.73,237.09,0.46,42.08,0.00,2.98,0.00,14.70,17.29,5.83,0.12
-963.75,0.00,257.83,0.00,-1102.15,105.28,240.56,0.43,42.09,0.00,1.79,0.00,14.13,5.67,5.83,-0.20
-940.22,0.00,258.47,0.00,-1094.85,105.13,243.73,0.31,42.10,0.00,0.61,0.00,12.46,-4.99,5.83,-0.26
-920.62,0.00,258.51,0.00,-1089.22,99.82,246.93,0.16,42.11,0.00,-0.32,0.00,8.07,-13.12,5.83,-0.28
-902.89,0.00,258.19,0.00,-1086.64,91.43,250.01,0.01,42.12,0.00,-1.15,0.00,2.06,-17.72,5.83,-0.29
-880.64,0.00,257.29,0.00,-1087.15,82.53,252.82,-0.13,42.13,0.00,-2.12,0.00,-3.66,-18.89,5.83,-0.29
-858.47,0.00,255.92,0.00,-1089.98,74.27,255.44,-0.26,42.14,0.00,-2.98,0.00,-8.41,-17.84,5.83,-0.27
-839.52,0.00,254.43,0.00,-1094.34,67.28,257.87,-0.36,42.15,0.00,-3.59,0.00,-12.08,-15.82,5.83,-0.24
-818.44,0.00,252.47,0.00,-1101.74,59.89,260.40,-0.48,42.16,0.00,-4.16,0.00,-15.29,-12.32,3.99,-0.21
-795.69,0.00,250.08,0.00,-1108.19,51.80,262.24,-0.60,42.16,0.00,-4.63,0.00,-7.58,-15.34,2.43,-0.20
-772.51,0.00,247.42,0.00,-1109.53,45.31,263.05,-0.66,42.17,0.00,-4.98,0.00,0.45,-15.62,1.49,-0.06
-750.18,0.00,245.27,0.00,-1106.30,36.58,263.51,-0.66,42.18,0.00,-3.36,0.00,10.77,-17.30,0.39,0.07
-728.59,0.00,243.92,0.00,-1099.92,28.75,263.40,-0.60,42.18,0.00,-2.10,0.00,12.18,-11.70,-0.70,0.15
-710.59,0.00,243.24,0.00,-1093.81,24.40,262.80,-0.52,42.19,0.00,-1.18,0.00,12.89,-6.77,-1.64,0.17
-687.96,0.00,242.93,0.00,-1088.07,22.48,261.89,-0.45,42.19,0.00,-0.09,0.00,12.96,-2.38,-2.41,0.17
-666.64,0.00,243.17,0.00,-1079.57,21.44,260.55,-0.37,42.20,0.00,0.92,0.00,22.11,-1.89,-3.15,0.16
-646.27,0.00,243.86,0.00,-1066.45,20.81,258.86,-0.29,42.20,0.00,1.83,0.00,31.13,-0.75,-3.78,0.15
-622.73,0.00,245.17,0.00,-1051.03,20.77,257.10,-0.23,42.20,0.00,2.78,0.00,38.82,0.52,-4.24,0.13
-603.13,0.00,246.64,0.00,-1031.37,21.37,255.06,-0.17,42.21,0.00,3.44,0.00,46.43,2.00,-4.63,0.12
-579.78,0.00,248.75,0.00,-1003.02,23.09,252.39,-0.11,42.21,0.00,4.09,0.00,54.95,4.08,-4.99,0.11
-555.34,0.00,251.29,0.00,-968.25,25.12,249.42,-0.07,42.22,0.00,4.61,0.00,64.54,3.06,-5.25,0.05
-536.52,0.00,253.01,0.00,-930.02,26.58,247.07,-0.05,42.22,0.00,3.30,0.00,72.84,2.35,-3.50,0.03
-516.74,0.00,254.25,0.00,-891.20,27.66,245.66,-0.04,42.22,0.00,2.14,0.00,79.48,1.99,-2.23,0.02
-497.96,0.00,254.96,0.00,-849.68,28.61,244.85,-0.03,42.22,0.00,1.18,0.00,85.14,1.82,-1.14,0.02
-475.48,0.00,255.27,0.00,-795.58,29.70,244.57,-0.02,42.23,0.00,0.09,0.00,90.88,1.78,0.10,0.01
-455.43,0.00,255.07,0.00,-743.04,29.13,244.98,-0.04,42.23,0.00,-0.85,0.00,93.24,-3.98,1.23,-0.08
-431.07,0.00,254.23,0.00,-691.17,24.61,245.97,-0.09,42.23,0.00,-1.94,0.00,94.66,-11.68,2.24,-0.09
-410.65,0.00,253.07,0.00,-648.41,17.86,247.16,-0.13,42.23,0.00,-2.75,0.00,95.04,-17.58,2.96,-0.09
-391.97,0.00,251.70,0.00,-597.76,9.05,248.94,-0.14,42.23,0.00,-3.39,0.00,96.47,-15.09,3.68,0.05
-371.69,0.00,249.91,0.00,-548.00,2.99,250.99,-0.10,42.24,0.00,-3.97,0.00,97.90,-8.91,4.23,0.08
-348.31,0.00,248.17,0.00,-501.14,-2.75,252.74,-0.11,42.24,0.00,-2.51,0.00,86.90,-14.46,2.83,-0.11
-322.47,0.00,247.10,0.00,-465.50,-10.12,253.73,-0.16,42.24,0.00,-1.15,0.00,77.05,-18.52,1.80,-0.09
-300.50,0.00,246.80,0.00,-427.04,-21.26,254.36,-0.21,42.24,0.00,-0.10,0.00,66.01,-21.95,0.66,-0.10
-279.02,0.00,247.04,0.00,-389.25,-36.17,254.34,-0.27,42.24,0.00,0.91,0.00,54.36,-24.53,-0.61,-0.10
-256.77,0.00,247.81,0.00,-365.37,-48.24,253.80,-0.32,42.24,0.00,1.91,0.00,46.31,-25.67,-1.53,-0.11
-234.64,0.00,249.07,0.00,-344.76,-61.00,252.81,-0.38,42.25,0.00,2.79,0.00,38.60,-26.25,-2.41,-0.11
-213.07,0.00,250.70,0.00,-325.50,-75.93,251.16,-0.44,42.25,0.00,3.51,0.00,30.24,-26.24,-3.27,-0.12
-190.47,0.00,252.18,0.00,-311.63,-89.67,249.81,-0.51,42.25,0.00,2.18,0.00,22.90,-25.60,-1.99,-0.13
-167.39,0.00,253.01,0.00,-300.50,-99.52,249.13,-0.50,42.25,0.00,0.99,0.00,22.83,-15.45,-0.94,0.15
-148.31,0.00,253.23,0.00,-286.45,-104.34,248.97,-0.38,42.25,0.00,0.08,0.00,22.37,-1.59,0.30,0.23
-126.21,0.00,252.97,0.00,-275.95,-102.57,249.39,-0.26,42.25,0.00,-0.96,0.00,19.63,7.43,1.28,0.24
-101.00,0.00,252.03,0.00,-268.39,-98.04,250.13,-0.16,42.25,0.00,-2.07,0.00,15.91,12.94,2.07,0.24
-76.34,0.00,250.51,0.00,-261.86,-90.19,251.40,-0.04,42.25,0.00,-3.02,0.00,10.38,17.45,2.90,0.25
-54.89,0.00,248.78,0.00,-258.18,-80.29,252.56,0.09,42.25,0.00,-3.70,0.00,4.16,19.69,1.67,0.26
-32.78,0.00,247.24,0.00,-257.79,-69.42,253.13,0.24,42.25,0.00,-2.36,0.00,-2.12,19.86,0.53,0.26
-9.93,0.00,246.32,0.00,-260.48,-59.28,253.10,0.38,42.25,0.00,-1.17,0.00,-7.39,18.25,-0.53,0.26
11.89,0.00,246.02,0.00,-264.69,-51.60,252.64,0.49,42.25,0.00,-0.12,0.00,-10.70,15.73,-1.42,0.24
34.21,0.00,246.26,0.00,-268.15,-43.91,251.78,0.59,42.26,0.00,0.93,0.00,-5.09,17.97,-2.24,0.21
57.02,0.00,247.07,0.00,-268.03,-34.80,250.40,0.66,42.26,0.00,1.95,0.00,4.62,18.10,-3.06,0.04
76.52,0.00,248.17,0.00,-265.28,-27.03,248.64,0.65,42.26,0.00,2.72,0.00,6.01,12.94,-3.74,-0.09
95.45,0.00,249.55,0.00,-261.83,-21.77,246.55,0.58,42.26,0.00,3.38,0.00,7.19,8.01,-4.28,-0.16
117.24,0.00,251.47,0.00,-258.33,-19.21,244.90,0.50,42.26,0.00,4.00,0.00,7.67,3.42,-2.98,-0.19
140.20,0.00,253.20,0.00,-254.28,-18.87,243.68,0.40,42.26,0.00,2.55,0.00,7.36,-1.60,-1.72,-0.20
161.46,0.00,254.17,0.00,-250.89,-20.81,243.11,0.30,42.26,0.00,1.42,0.00,6.16,-5.65,-0.67,-0.20
182.67,0.00,254.59,0.00,-244.62,-24.10,243.07,0.19,42.26,0.00,0.39,0.00,15.94,-6.61,0.41,-0.18
203.46,0.00,254.52,0.00,-234.90,-27.56,243.51,0.11,42.26,0.00,-0.59,0.00,24.31,-8.02,1.34,-0.16
221.37,0.00,254.07,0.00,-221.59,-31.69,244.35,0.04,42.26,0.00,-1.42,0.00,32.32,-9.70,2.18,-0.14
248.47,0.00,252.76,0.00,-203.85,-36.12,245.58,-0.00,42.26,0.00,-2.55,0.00,41.72,-9.14,2.95,-0.07
270.01,0.00,251.23,0.00,-178.77,-39.96,247.39,-0.01,42.26,0.00,-3.32,0.00,50.70,-5.29,3.68,0.05
291.73,0.00,249.34,0.00,-152.34,-41.24,249.30,0.03,42.26,0.00,-3.95,0.00,58.19,-0.33,4.20,0.09
308.24,0.00,248.03,0.00,-120.63,-40.65,251.54,0.06,42.26,0.00,-2.89,0.00,66.75,2.23,4.64,0.05
327.63,0.00,246.98,0.00,-84.85,-37.92,253.48,0.10,42.26,0.00,-1.82,0.00,72.47,8.18,3.14,0.09
353.51,0.00,246.31,0.00,-47.31,-32.02,254.71,0.14,42.26,0.00,-0.53,0.00,76.88,14.76,1.94,0.09
377.12,0.00,246.36,0.00,-8.56,-24.01,255.38,0.17,42.26,0.00,0.59,0.00,82.29,17.66,0.91,0.04
397.82,0.00,246.90,0.00,29.37,-16.47,255.56,0.17,42.26,0.00,1.53,0.00,86.11,15.58,-0.00,-0.05
415.29,0.00,247.70,0.00,74.97,-9.91,255.27,0.13,42.26,0.00,2.27,0.00,90.22,10.11,-1.02,-0.08
435.53,0.00,249.00,0.00,119.07,-6.56,254.53,0.09,42.26,0.00,3.04,0.00,93.19,4.46,-1.92,-0.08
456.03,0.00,250.65,0.00,164.10,-5.81,253.40,0.05,42.26,0.00,3.69,0.00,95.33,-0.73,-2.73,-0.08
477.53,0.00,252.15,0.00,207.57,-6.52,252.01,0.03,42.26,0.00,2.38,0.00,97.99,-2.04,-3.38,-0.04
501.46,0.00,253.10,0.00,254.21,-7.64,250.73,0.01,42.26,0.00,1.14,0.00,100.27,-2.63,-2.22,-0.02
521.89,0.00,253.39,0.00,304.83,-9.08,249.93,0.00,42.26,0.00,0.15,0.00,102.18,-3.05,-1.13,-0.02
521.89,0.00,253.39,0.00,396.45,-11.02,249.79,0.01,42.26,0.00,0.15,0.00,93.80,0.94,0.72,0.07
546.90,0.00,253.10,0.00,444.53,-8.67,250.49,0.05,42.26,0.00,-1.02,0.00,85.07,7.10,1.75,0.08
567.92,0.00,252.33,0.00,484.64,-3.75,251.59,0.10,42.26,0.00,-1.95,0.00,77.78,12.15,2.60,0.09
593.34,0.00,250.82,0.00,521.63,3.51,252.57,0.14,42.26,0.00,-2.95,0.00,71.00,16.33,1.47,0.09
614.99,0.00,249.11,0.00,561.16,13.23,253.05,0.17,42.26,0.00,-3.65,0.00,65.48,16.70,0.28,0.04
634.28,0.00,247.74,0.00,593.43,21.67,252.90,0.19,42.26,0.00,-2.47,0.00,61.35,16.33,-0.74,0.03
657.22,0.00,246.77,0.00,621.25,29.19,252.32,0.20,42.26,0.00,-1.27,0.00,57.96,15.87,-1.64,0.02
677.25,0.00,246.42,0.00,649.10,36.92,251.26,0.21,42.26,0.00,-0.30,0.00,54.71,15.36,-2.51,0.02
698.89,0.00,246.56,0.00,673.14,43.75,249.95,0.22,42.26,0.00,0.72,0.00,52.00,14.89,-3.20,0.01
720.28,0.00,247.20,0.00,699.96,51.52,248.04,0.23,42.26,0.00,1.69,0.00,49.07,14.35,-3.88,0.01
743.41,0.00,248.42,0.00,724.50,58.77,246.44,0.23,42.26,0.00,2.64,0.00,46.47,13.84,-2.52,0.01
764.82,0.00,249.97,0.00,747.78,65.77,245.47,0.24,42.26,0.00,3.39,0.00,44.08,13.36,-1.37,0.01
783.72,0.00,251.62,0.00,767.37,71.75,245.09,0.24,42.26,0.00,3.93,0.00,42.11,12.95,-0.43,0.01
803.92,0.00,253.15,0.00,791.83,79.35,245.23,0.25,42.26,0.00,2.66,0.00,39.70,12.43,0.77,0.01
842.58,0.00,254.60,0.00,791.83,79.35,245.23,0.25,42.26,0.00,0.66,0.00,39.70,12.43,0.77,0.01
861.61,0.00,254.67,0.00,815.12,86.71,246.08,0.25,42.26,0.00,-0.24,0.00,37.46,11.93,1.92,0.01
881.33,0.00,254.32,0.00,833.01,92.45,247.25,0.26,42.26,0.00,-1.16,0.00,35.77,11.54,2.74,0.01
902.62,0.00,253.47,0.00,850.02,98.70,248.83,0.28,42.26,0.00,-2.09,0.00,32.27,13.30,3.47,0.07
920.64,0.00,252.41,0.00,865.64,106.19,250.80,0.32,42.26,0.00,-2.80,0.00,28.48,15.45,4.07,0.10
940.67,0.00,250.90,0.00,880.04,115.26,253.19,0.38,42.26,0.00,-3.48,0.00,24.44,17.34,4.57,0.11
959.28,0.00,249.24,0.00,892.59,125.52,255.25,0.44,42.26,0.00,-4.00,0.00,20.36,18.67,2.95,0.11
980.18,0.00,247.64,0.00,901.99,135.27,256.41,0.50,42.26,0.00,-2.67,0.00,16.80,19.36,1.75,0.12
1001.95,0.00,246.60,0.00,910.22,146.20,257.03,0.57,42.26,0.00,-1.50,0.00,13.05,19.63,0.58,0.12
1021.48,0.00,246.15,0.00,915.88,152.65,257.07,0.57,42.26,0.00,-0.54,0.00,13.53,11.30,-0.28,-0.13
1042.55,0.00,246.15,0.00,923.45,155.51,256.60,0.46,42.26,0.00,0.45,0.00,13.84,0.23,-1.35,-0.25
1064.43,0.00,246.68,0.00,929.80,153.19,255.69,0.33,42.26,0.00,1.46,0.00,11.75,-8.53,-2.24,-0.27
1089.24,0.00,247.88,0.00,934.74,146.66,254.26,0.19,42.26,0.00,2.50,0.00,7.13,-15.19,-3.08,-0.28
1111.01,0.00,249.39,0.00,936.77,137.73,252.48,0.04,42.26,0.00,3.28,0.00,1.17,-18.84,-3.76,-0.30
1128.08,0.00,250.84,0.00,935.27,126.82,250.20,-0.13,42.26,0.00,3.80,0.00,-5.86,-19.68,-4.34,-0.29
1146.03,0.00,252.18,0.00,930.34,116.78,248.33,-0.28,42.26,0.00,2.68,0.00,-11.76,-17.66,-2.84,-0.26
1168.20,0.00,253.23,0.00,922.46,108.13,247.15,-0.41,42.26,0.00,1.48,0.00,-16.17,-13.96,-1.57,-0.23
1191.03,0.00,253.70,0.00,913.99,102.40,246.67,-0.52,42.26,0.00,0.37,0.00,-18.59,-10.20,-0.56,-0.20
1211.58,0.00,253.62,0.00,905.99,95.94,246.70,-0.63,42.26,0.00,-0.60,0.00,-11.01,-13.04,0.56,-0.20
1230.02,0.00,253.15,0.00,902.98,88.08,247.29,-0.71,42.26,0.00,-1.45,0.00,-1.50,-16.95,1.57,-0.12
1251.27,0.00,252.17,0.00,905.09,78.52,248.38,-0.74,42.26,0.00,-2.35,0.00,8.51,-19.44,2.50,0.01
1272.23,0.00,250.79,0.00,911.33,68.95,249.72,-0.71,42.26,0.00,-3.13,0.00,17.61,-21.64,3.20,0.10
1291.49,0.00,249.21,0.00,920.98,59.33,250.85,-0.66,42.26,0.00,-3.73,0.00,26.33,-22.77,2.15,0.13
1314.82,0.00,247.60,0.00,935.80,48.84,251.67,-0.59,42.26,0.00,-2.31,0.00,27.39,-16.07,0.97,0.14
1333.95,0.00,246.80,0.00,954.45,39.96,251.86,-0.51,42.26,0.00,-1.31,0.00,38.24,-15.59,-0.16,0.13
1355.79,0.00,246.43,0.00,980.61,31.13,251.38,-0.44,42.26,0.00,-0.26,0.00,48.74,-14.24,-1.33,0.12
1395.98,0.00,247.12,0.00,980.61,31.13,251.38,-0.44,42.26,0.00,1.61,0.00,48.74,-14.24,-1.33,0.12
1420.50,0.00,248.39,0.00,1009.71,23.83,250.36,-0.37,42.26,0.00,2.62,0.00,57.36,-12.74,-2.31,0.11
1441.38,0.00,249.88,0.00,1039.73,17.99,249.02,-0.32,42.26,0.00,3.35,0.00,64.26,-11.17,-3.08,0.11
1462.13,0.00,251.70,0.00,1077.81,12.44,247.71,-0.26,42.26,0.00,3.95,0.00,71.15,-8.84,-1.76,0.10
1479.68,0.00,253.08,0.00,1116.18,8.57,247.11,-0.21,42.26,0.00,2.83,0.00,76.61,-6.32,-0.67,0.10
1504.16,0.00,254.28,0.00,1157.25,6.09,247.06,-0.16,42.26,0.00,1.50,0.00,81.25,-3.44,0.37,0.09
1527.54,0.00,254.76,0.00,1195.48,5.21,247.46,-0.12,42.26,0.00,0.36,0.00,84.71,-0.63,1.27,0.09
1551.18,0.00,254.62,0.00,1245.25,6.03,248.52,-0.07,42.26,0.00,-0.76,0.00,88.29,3.18,2.31,0.09
1572.41,0.00,253.97,0.00,1289.38,8.52,249.87,-0.02,42.26,0.00,-1.72,0.00,90.66,6.62,3.09,0.09
1591.45,0.00,253.00,0.00,1332.72,11.73,251.48,0.00,42.26,0.00,-2.50,0.00,93.83,6.92,3.71,0.04
1616.35,0.00,251.23,0.00,1376.76,14.95,253.33,0.02,42.26,0.00,-3.38,0.00,96.49,6.99,4.21,0.02
1616.35,0.00,251.23,0.00,1454.84,16.05,255.94,-0.04,42.26,0.00,-3.38,0.00,80.66,-6.53,1.93,-0.13
1638.03,0.00,249.31,0.00,1492.78,9.70,256.61,-0.11,42.26,0.00,-4.00,0.00,70.58,-17.08,0.86,-0.15
1657.90,0.00,247.77,0.00,1527.74,-1.16,256.75,-0.18,42.26,0.00,-2.74,0.00,59.07,-21.81,-0.24,-0.13
1678.84,0.00,246.73,0.00,1558.11,-14.70,256.25,-0.26,42.26,0.00,-1.60,0.00,47.90,-24.78,-1.37,-0.13
1716.93,0.00,246.17,0.00,1558.11,-14.70,256.25,-0.26,42.26,0.00,0.24,0.00,47.90,-24.78,-1.37,-0.13
1737.72,0.00,246.55,0.00,1579.23,-27.34,255.33,-0.32,42.26,0.00,1.21,0.00,38.91,-26.26,-2.26,-0.14
1758.21,0.00,247.38,0.00,1595.97,-40.39,254.01,-0.39,42.26,0.00,2.11,0.00,30.42,-26.87,-3.04,-0.15
1781.42,0.00,248.81,0.00,1606.83,-51.31,252.65,-0.45,42.26,0.00,3.00,0.00,23.67,-26.76,-3.59,-0.15
1781.42,0.00,248.81,0.00,1630.10,-66.97,248.47,-0.36,42.26,0.00,3.00,0.00,22.76,-5.15,-4.60,0.22
1802.52,0.00,250.50,0.00,1639.94,-67.03,246.73,-0.26,42.26,0.00,3.67,0.00,20.80,3.78,-3.27,0.23
1840.73,0.00,252.74,0.00,1639.94,-67.03,246.73,-0.26,42.26,0.00,1.49,0.00,20.80,3.78,-3.27,0.23
1863.10,0.00,253.20,0.00,1651.16,-61.84,245.24,-0.13,42.26,0.00,0.40,0.00,16.16,11.94,-1.81,0.23
1884.25,0.00,253.13,0.00,1658.27,-54.28,244.62,-0.01,42.26,0.00,-0.60,0.00,11.16,16.02,-0.70,0.23
1904.19,0.00,252.60,0.00,1662.53,-45.80,244.54,0.11,42.26,0.00,-1.52,0.00,6.42,17.75,0.30,0.23
1923.89,0.00,251.68,0.00,1664.58,-36.57,244.99,0.22,42.26,0.00,-2.35,0.00,1.99,17.93,1.31,0.22
1948.27,0.00,250.03,0.00,1667.64,-26.23,246.00,0.33,42.26,0.00,-3.24,0.00,8.62,20.13,2.30,0.19
1971.69,0.00,248.02,0.00,1676.46,-13.76,247.70,0.41,42.26,0.00,-3.93,0.00,19.64,21.63,3.23,0.08
1993.14,0.00,246.41,0.00,1685.62,-4.90,249.38,0.42,42.26,0.00,-2.59,0.00,19.28,16.45,3.83,-0.04
2011.05,0.00,245.54,0.00,1695.79,2.16,251.00,0.37,42.26,0.00,-1.62,0.00,19.21,10.84,2.46,-0.13
2032.39,0.00,245.01,0.00,1705.69,6.22,251.94,0.30,42.26,0.00,-0.57,0.00,18.74,5.30,1.30,-0.15
2055.49,0.00,245.03,0.00,1717.72,8.17,252.30,0.22,42.26,0.00,0.52,0.00,27.96,2.53,0.27,-0.15
2079.06,0.00,245.66,0.00,1733.80,8.53,252.17,0.15,42.26,0.00,1.60,0.00,36.36,-0.83,-0.72,-0.14
2098.63,0.00,246.61,0.00,1756.49,6.90,251.45,0.08,42.26,0.00,2.42,0.00,44.93,-4.72,-1.77,-0.12
2119.06,0.00,247.98,0.00,1779.06,3.90,250.42,0.02,42.26,0.00,3.17,0.00,51.43,-7.89,-2.57,-0.11
2138.07,0.00,249.56,0.00,1806.01,-0.86,248.95,-0.03,42.26,0.00,3.75,0.00,57.65,-11.16,-3.31,-0.10
2158.65,0.00,251.53,0.00,1836.83,-6.57,247.64,-0.07,42.26,0.00,4.27,0.00,65.01,-11.64,-2.09,-0.05
2178.05,0.00,253.15,0.00,1871.35,-11.59,246.90,-0.06,42.26,0.00,2.98,0.00,70.66,-8.10,-0.99,0.06
2198.83,0.00,254.30,0.00,1904.67,-14.06,246.67,-0.03,42.26,0.00,1.82,0.00,75.20,-3.10,-0.07,0.09
2222.60,0.00,254.95,0.00,1944.75,-13.87,246.93,0.02,42.26,0.00,0.64,0.00,79.42,3.24,0.95,0.09
2242.45,0.00,255.01,0.00,1990.83,-11.13,247.79,0.05,42.26,0.00,-0.30,0.00,84.76,5.96,2.00,0.04
2267.33,0.00,254.46,0.00,2028.33,-8.24,248.83,0.06,42.26,0.00,-1.45,0.00,88.21,7.22,2.73,0.03
2288.18,0.00,253.50,0.00,2073.06,-5.41,250.40,0.05,42.26,0.00,-2.34,0.00,90.48,3.76,3.45,-0.06
2308.72,0.00,252.15,0.00,2123.00,-5.25,252.48,0.01,42.26,0.00,-3.10,0.00,92.35,-2.65,4.09,-0.08
2327.05,0.00,250.67,0.00,2167.72,-7.31,254.17,-0.02,42.26,0.00,-3.68,0.00,82.88,-4.74,2.70,-0.04
2348.67,0.00,248.62,0.00,2207.60,-9.97,255.21,-0.03,42.26,0.00,-4.23,0.00,74.68,-5.55,1.54,-0.03
2369.03,0.00,246.95,0.00,2246.55,-13.19,255.71,-0.05,42.26,0.00,-2.90,0.00,66.83,-5.98,0.39,-0.02
2386.71,0.00,245.97,0.00,2279.09,-16.33,255.62,-0.06,42.26,0.00,-1.91,0.00,60.33,-6.18,-0.64,-0.02
2403.25,0.00,245.40,0.00,2310.68,-19.81,254.94,-0.07,42.26,0.00,-1.07,0.00,53.99,-6.28,-1.71,-0.02
2423.72,0.00,245.15,0.00,2335.04,-22.80,253.90,-0.08,42.26,0.00,-0.09,0.00,49.03,-6.30,-2.53,-0.02
2445.68,0.00,245.40,0.00,2355.34,-25.54,252.64,-0.09,42.26,0.00,0.94,0.00,44.82,-6.28,-3.20,-0.02
2466.32,0.00,246.11,0.00,2378.53,-28.98,250.66,-0.10,42.26,0.00,1.86,0.00,39.83,-6.21,-3.90,-0.02
2489.93,0.00,247.44,0.00,2396.54,-31.93,248.66,-0.11,42.26,0.00,2.80,0.00,35.76,-6.10,-4.38,-0.02
2512.42,0.00,249.16,0.00,2415.83,-35.43,246.65,-0.12,42.26,0.00,3.56,0.00,31.13,-5.93,-2.76,-0.02
2533.55,0.00,251.10,0.00,2429.57,-38.18,245.64,-0.13,42.26,0.00,4.13,0.00,27.57,-5.75,-1.67,-0.02
2552.84,0.00,252.66,0.00,2441.92,-40.89,245.10,-0.14,42.26,0.00,2.87,0.00,24.08,-5.54,-0.67,-0.02
2571.49,0.00,253.67,0.00,2453.73,-43.78,245.06,-0.15,42.26,0.00,1.84,0.00,20.35,-5.25,0.41,-0.02
2595.21,0.00,254.33,0.00,2463.01,-43.95,245.55,-0.10,42.26,0.00,0.66,0.00,16.59,3.89,1.40,0.21
2614.32,0.00,254.41,0.00,2469.39,-40.33,246.38,0.01,42.26,0.00,-0.25,0.00,12.07,11.25,2.21,0.25
2635.47,0.00,254.01,0.00,2474.23,-31.30,248.05,0.16,42.26,0.00,-1.24,0.00,4.43,17.29,3.17,0.27
2657.36,0.00,253.09,0.00,2474.68,-22.31,249.78,0.30,42.26,0.00,-2.18,0.00,-2.00,18.83,3.80,0.28
2676.10,0.00,251.95,0.00,2472.04,-12.82,251.91,0.44,42.26,0.00,-2.90,0.00,-7.55,17.68,4.34,0.27
2698.45,0.00,250.19,0.00,2470.61,-4.02,253.66,0.54,42.26,0.00,-3.63,0.00,0.93,18.50,2.95,0.15
2716.26,0.00,248.55,0.00,2471.11,2.41,254.65,0.57,42.26,0.00,-4.11,0.00,1.53,13.51,1.98,0.01
2737.82,0.00,246.85,0.00,2471.96,7.14,255.28,0.56,42.26,0.00,-2.72,0.00,2.33,8.94,1.05,-0.10
2760.55,0.00,245.76,0.00,2473.32,10.27,255.52,0.48,42.26,0.00,-1.50,0.00,2.90,4.06,0.03,-0.18
2782.15,0.00,245.29,0.00,2474.56,11.09,255.34,0.40,42.26,0.00,-0.44,0.00,2.77,0.12,-0.82,-0.21
2805.58,0.00,245.39,0.00,2475.73,9.92,254.63,0.29,42.26,0.00,0.67,0.00,1.75,-4.16,-1.80,-0.22
2826.25,0.00,245.97,0.00,2476.15,7.23,253.61,0.18,42.26,0.00,1.61,0.00,0.10,-7.24,-2.59,-0.23
2846.77,0.00,246.98,0.00,2478.54,3.28,252.11,0.07,42.26,0.00,2.46,0.00,8.62,-8.70,-3.33,-0.21
2869.27,0.00,248.54,0.00,2485.22,-1.67,250.27,-0.02,42.26,0.00,3.27,0.00,17.14,-10.96,-3.94,-0.17
2895.08,0.00,250.80,0.00,2497.49,-7.53,248.60,-0.09,42.26,0.00,4.02,0.00,28.04,-11.24,-2.54,-0.08
2920.42,0.00,252.67,0.00,2512.35,-12.11,247.70,-0.10,42.26,0.00,2.44,0.00,36.16,-8.93,-1.51,0.02
2944.66,0.00,253.66,0.00,2532.32,-15.55,247.24,-0.07,42.26,0.00,1.17,0.00,44.72,-5.29,-0.50,0.10
2966.49,0.00,253.96,0.00,2556.62,-16.87,247.26,-0.02,42.26,0.00,0.12,0.00,52.70,-0.37,0.49,0.11
2987.99,0.00,253.74,0.00,2580.69,-15.91,247.67,0.03,42.26,0.00,-0.89,0.00,58.83,4.40,1.33,0.10
3000.00,0.00,253.05,0.00,2612.77,-12.96,248.60,0.06,42.26,0.00,-1.81,0.00,66.88,6.79,2.25,0.05
3000.00,0.00,252.15,0.00,2641.79,-10.48,249.70,0.06,42.26,0.00,-2.52,0.00,71.80,4.93,2.92,-0.04
3000.00,0.00,250.56,0.00,2683.47,-9.32,251.56,0.03,42.26,0.00,-3.32,0.00,77.51,-0.59,3.68,-0.09
3000.00,0.00,248.41,0.00,2722.90,-9.28,253.02,0.01,42.26,0.00,-4.02,0.00,81.45,1.30,2.41,0.04
3000.00,0.00,246.97,0.00,2778.64,-5.81,254.08,0.06,42.26,0.00,-2.86,0.00,85.28,8.82,0.95,0.09
3000.00,0.00,245.87,0.00,2820.55,0.11,254.28,0.10,42.26,0.00,-1.71,0.00,86.69,14.84,-0.03,0.09
3000.00,0.00,245.30,0.00,2868.04,10.24,253.89,0.15,42.26,0.00,-0.62,0.00,77.53,19.25,-1.18,0.09
3000.00,0.00,245.25,0.00,2902.53,19.95,253.12,0.20,42.26,0.00,0.29,0.00,70.92,21.98,-2.05,0.09
3000.00,0.00,245.72,0.00,2938.21,31.39,251.79,0.23,42.26,0.00,1.35,0.00,65.84,21.52,-2.91,0.04
3000.00,0.00,246.59,0.00,2966.35,40.70,250.35,0.24,42.26,0.00,2.21,0.00,62.16,20.77,-3.53,0.03
3000.00,0.00,247.87,0.00,2996.84,51.01,248.39,0.25,42.26,0.00,2.99,0.00,58.37,19.89,-4.11,0.02
3000.00,0.00,249.66,0.00,2999.43,58.60,246.62,0.26,42.26,0.00,3.70,0.00,55.59,19.21,-4.49,0.02
3000.00,0.00,251.58,0.00,2999.24,67.65,244.74,0.27,42.26,0.00,4.22,0.00,52.40,18.39,-3.01,0.02
3000.00,0.00,253.28,0.00,2999.04,75.97,243.57,0.28,42.26,0.00,2.87,0.00,49.58,17.66,-1.83,0.01
3000.00,0.00,254.40,0.00,2998.83,83.69,242.96,0.28,42.26,0.00,1.68,0.00,47.06,16.98,-0.81,0.01
3000.00,0.00,254.96,0.00,2998.57,92.49,242.86,0.29,42.26,0.00,0.58,0.00,44.29,16.23,0.36,0.01
3000.00,0.00,254.99,0.00,2998.34,99.85,243.33,0.30,42.26,0.00,-0.39,0.00,42.05,15.60,1.36,0.01
3000.00,0.00,254.59,0.00,2998.07,107.68,244.43,0.30,42.26,0.00,-1.27,0.00,39.75,14.95,2.38,0.01
3000.00,0.00,253.81,0.00,2997.79,115.07,245.89,0.32,42.26,0.00,-2.10,0.00,35.77,16.56,3.18,0.07
3000.00,0.00,252.48,0.00,2997.44,123.97,247.85,0.37,42.26,0.00,-2.94,0.00,31.37,18.62,3.88,0.10
3000.00,0.00,250.88,0.00,2997.03,133.53,250.04,0.42,42.26,0.00,-3.61,0.00,27.20,20.20,4.40,0.11
3000.00,0.00,248.68,0.00,2996.57,143.40,251.85,0.48,42.26,0.00,-4.22,0.00,23.33,21.22,2.97,0.11
3000.00,0.00,247.02,0.00,2996.06,153.62,253.01,0.53,42.26,0.00,-2.89,0.00,19.64,21.80,1.80,0.11
3000.00,0.00,245.86,0.00,2995.62,162.07,253.54,0.58,42.26,0.00,-1.67,0.00,16.78,21.98,0.94,0.11
3000.00,0.00,245.29,0.00,2994.94,174.21,253.72,0.65,42.26,0.00,-0.52,0.00,12.87,21.86,-0.22,0.12
3000.00,0.00,245.31,0.00,2994.33,184.38,253.35,0.71,42.26,0.00,0.49,0.00,9.73,21.44,-1.18,0.12
3000.00,0.00,245.84,0.00,2993.68,194.56,252.51,0.77,42.26,0.00,1.48,0.00,6.68,20.74,-2.10,0.12
3000.00,0.00,246.81,0.00,2993.06,203.93,251.31,0.83,42.26,0.00,2.36,0.00,3.93,19.84,-2.88,0.13
3000.00,0.00,248.12,0.00,2992.43,212.96,249.76,0.89,42.26,0.00,3.10,0.00,1.32,18.70,-3.54,0.13
3000.00,0.00,249.78,0.00,2991.71,222.81,247.59,0.96,42.26,0.00,3.74,0.00,-1.52,17.11,-4.17,0.14
3000.00,0.00,251.85,0.00,2990.15,231.46,245.80,1.03,42.26,0.00,4.28,0.00,-4.02,15.31,-2.71,0.14
3000.00,0.00,253.60,0.00,2987.32,239.06,244.72,1.11,42.26,0.00,2.88,0.00,-6.27,13.25,-1.49,0.14
3000.00,0.00,254.74,0.00,2983.82,244.90,244.27,1.18,42.26,0.00,1.67,0.00,-8.06,11.21,-0.50,0.15
3000.00,0.00,255.29,0.00,2979.36,249.86,244.29,1.26,42.26,0.00,0.62,0.00,-9.66,8.90,0.50,0.15
3000.00,0.00,255.32,0.00,2974.05,253.69,244.83,1.34,42.26,0.00,-0.38,0.00,-11.00,6.35,1.49,0.16
3000.00,0.00,254.73,0.00,2968.02,256.21,245.87,1.42,42.26,0.00,-1.52,0.00,-12.02,3.57,2.42,0.17
3000.00,0.00,253.90,0.00,2961.66,257.23,247.34,1.51,42.26,0.00,-2.29,0.00,-12.64,0.68,3.21,0.17
3000.00,0.00,252.85,0.00,2953.15,255.65,249.30,1.64,42.26,0.00,-2.92,0.00,-17.49,-6.22,3.90,0.30
3000.00,0.00,251.05,0.00,2943.35,249.89,251.59,1.81,42.26,0.00,-3.66,0.00,-17.75,-14.08,4.43,0.29
3000.00,0.00,249.32,0.00,2934.57,240.16,254.11,1.96,42.26,0.00,-4.15,0.00,-14.63,-21.05,4.83,0.27
3000.00,0.00,247.77,0.00,2928.36,227.72,256.17,2.09,42.26,0.00,-2.91,0.00,-9.51,-25.88,3.27,0.24
