-2500.00,0.00,0.00,0.00,-2677.34,-797.85,6.46,2.46,0.00,0.00,0.00,0.00,0.00,0.00,0.00,0.00
-2499.59,0.00,0.29,0.00,-2676.25,-797.45,6.22,2.43,1.45,0.00,1.03,0.00,4.29,1.48,-0.93,-0.14
-2498.60,0.00,0.99,0.00,-2672.78,-796.49,5.48,2.34,2.73,0.00,1.89,0.00,8.86,2.01,-1.89,-0.21
-2496.99,0.00,2.08,0.00,-2666.60,-795.65,4.16,2.22,4.03,0.00,2.68,0.00,13.06,0.89,-2.81,-0.22
-2494.73,0.00,3.53,0.00,-2659.74,-795.74,2.65,2.12,5.35,0.00,3.38,0.00,15.62,-1.16,-3.48,-0.21
-2492.35,0.00,5.00,0.00,-2650.76,-797.25,1.18,2.02,6.44,0.00,3.87,0.00,17.31,-4.21,-2.14,-0.19
-2488.26,0.00,7.35,0.00,-2642.74,-799.85,0.46,1.93,7.97,0.00,4.43,0.00,17.81,-6.99,-1.15,-0.18
-2483.65,0.00,9.80,0.00,-2635.43,-802.03,0.17,1.85,9.39,0.00,4.82,0.00,15.95,-3.31,-0.26,-0.18
-2478.43,0.00,12.37,0.00,-2629.29,-802.58,0.24,1.78,10.74,0.00,5.11,0.00,14.92,0.23,0.54,-0.19
-2472.73,0.00,14.97,0.00,-2622.10,-801.27,0.77,1.68,12.04,0.00,5.31,0.00,14.50,4.67,1.49,-0.20
-2467.25,0.00,17.31,0.00,-2614.36,-797.33,1.85,1.58,13.15,0.00,5.44,0.00,14.65,9.59,2.44,-0.18
-2460.73,0.00,19.90,0.00,-2608.00,-790.71,3.37,1.52,14.33,0.00,5.55,0.00,10.23,15.27,3.25,-0.03
-2452.28,0.00,23.04,0.00,-2603.77,-780.93,5.27,1.54,15.70,0.00,5.64,0.00,6.27,21.52,3.90,0.08
-2444.97,0.00,25.59,0.00,-2601.78,-768.06,7.44,1.59,16.77,0.00,5.69,0.00,1.77,27.48,4.42,0.12
-2436.36,0.00,28.41,0.00,-2601.86,-756.65,9.20,1.64,17.93,0.00,5.73,0.00,-1.91,31.49,4.72,0.13
-2428.25,0.00,30.94,0.00,-2603.37,-739.77,11.56,1.68,18.92,0.00,5.76,0.00,-4.05,37.73,5.01,0.07
-2418.79,0.00,33.73,0.00,-2605.09,-716.66,14.48,1.69,19.99,0.00,5.78,0.00,-1.81,43.30,5.27,-0.06
-2409.09,0.00,36.46,0.00,-2605.08,-695.71,16.94,1.65,21.01,0.00,5.79,0.00,1.64,47.43,5.42,-0.10
-2397.64,0.00,39.54,0.00,-2603.05,-670.28,19.75,1.60,22.11,0.00,5.81,0.00,5.87,51.39,5.54,-0.11
-2386.23,0.00,42.46,0.00,-2600.00,-644.44,22.42,1.56,23.11,0.00,5.81,0.00,6.67,56.09,5.62,-0.05
-2375.48,0.00,45.11,0.00,-2595.92,-609.89,25.73,1.54,23.99,0.00,5.82,0.00,7.20,61.40,5.69,-0.03
-2364.43,0.00,47.74,0.00,-2592.31,-578.88,28.52,1.52,24.84,0.00,5.82,0.00,7.59,65.36,5.73,-0.02
-2350.81,0.00,50.87,0.00,-2589.13,-551.40,30.88,1.51,25.80,0.00,5.83,0.00,7.90,68.37,5.76,-0.02
-2338.22,0.00,53.66,0.00,-2584.55,-511.78,34.12,1.50,26.63,0.00,5.83,0.00,8.33,72.04,5.78,-0.02
-2321.59,0.00,57.23,0.00,-2579.39,-475.66,37.00,1.48,27.64,0.00,5.83,0.00,12.35,73.00,5.80,-0.08
-2308.63,0.00,59.92,0.00,-2573.35,-441.81,39.65,1.45,28.37,0.00,5.83,0.00,13.80,75.17,5.81,-0.04
-2291.86,0.00,63.31,0.00,-2566.13,-403.35,42.57,1.43,29.24,0.00,5.83,0.00,14.74,77.35,5.81,-0.03
-2278.34,0.00,65.97,0.00,-2557.44,-363.75,45.55,1.40,29.89,0.00,5.83,0.00,19.01,77.11,5.82,-0.08
-2261.32,0.00,69.25,0.00,-2545.52,-321.81,48.74,1.36,30.66,0.00,5.83,0.00,24.01,76.30,5.82,-0.09
-2246.85,0.00,71.97,0.00,-2530.87,-280.01,51.96,1.31,31.27,0.00,5.83,0.00,28.54,75.17,5.83,-0.09
-2232.68,0.00,74.59,0.00,-2517.61,-245.55,54.61,1.28,31.83,0.00,5.83,0.00,29.50,76.29,5.83,-0.04
-2213.27,0.00,78.10,0.00,-2505.12,-214.96,56.96,1.25,32.54,0.00,5.83,0.00,32.26,75.24,5.83,-0.08
-2197.11,0.00,80.97,0.00,-2486.78,-175.55,60.06,1.21,33.08,0.00,5.83,0.00,36.36,73.34,5.83,-0.09
-2184.17,0.00,83.24,0.00,-2466.11,-136.81,63.19,1.16,33.50,0.00,5.83,0.00,40.22,71.18,5.83,-0.09
-2166.49,0.00,86.29,0.00,-2443.70,-99.68,66.28,1.11,34.03,0.00,5.83,0.00,43.75,68.86,5.83,-0.09
-2148.46,0.00,89.35,0.00,-2421.82,-67.15,69.09,1.07,34.53,0.00,5.83,0.00,46.85,66.50,5.83,-0.09
-2127.97,0.00,92.78,0.00,-2391.42,-27.10,72.71,1.01,35.07,0.00,5.83,0.00,50.77,63.00,5.83,-0.10
-2113.69,0.00,95.15,0.00,-2366.65,1.40,75.56,0.96,35.41,0.00,5.83,0.00,50.51,54.53,5.83,-0.11
-2098.05,0.00,97.71,0.00,-2347.24,20.94,77.80,0.91,35.77,0.00,5.83,0.00,50.39,47.79,5.83,-0.12
-2079.12,0.00,100.78,0.00,-2324.01,40.97,80.50,0.86,36.18,0.00,5.83,0.00,50.05,39.76,5.83,-0.13
-2060.53,0.00,103.76,0.00,-2300.59,57.51,83.25,0.79,36.55,0.00,5.83,0.00,49.35,31.45,5.83,-0.15
-2043.09,0.00,106.53,0.00,-2278.87,69.68,85.85,0.72,36.88,0.00,5.83,0.00,48.11,23.95,5.83,-0.15
-2025.76,0.00,109.25,0.00,-2254.45,79.77,88.88,0.64,37.18,0.00,5.83,0.00,45.91,15.83,5.83,-0.16
-2008.78,0.00,111.91,0.00,-2232.34,85.67,91.78,0.56,37.46,0.00,5.83,0.00,43.14,8.71,5.83,-0.17
-1985.30,0.00,115.54,0.00,-2211.37,88.23,94.74,0.47,37.82,0.00,5.83,0.00,39.69,2.16,5.83,-0.18
-1962.74,0.00,119.01,0.00,-2195.32,88.03,97.21,0.39,38.14,0.00,5.83,0.00,36.43,-2.56,5.83,-0.18
-1945.45,0.00,121.64,0.00,-2178.58,85.52,100.07,0.31,38.37,0.00,5.83,0.00,32.36,-7.17,5.83,-0.18
-1926.19,0.00,124.56,0.00,-2162.71,80.45,103.17,0.21,38.61,0.00,5.83,0.00,27.63,-11.35,5.83,-0.19
-1908.26,0.00,127.26,0.00,-2150.87,74.38,105.91,0.12,38.82,0.00,5.83,0.00,23.34,-14.21,5.83,-0.19
-1887.77,0.00,130.33,0.00,-2141.26,67.37,108.57,0.03,39.05,0.00,5.83,0.00,19.17,-16.24,5.83,-0.19
-1868.71,0.00,133.17,0.00,-2132.99,59.00,111.44,-0.06,39.24,0.00,5.83,0.00,14.87,-17.59,5.83,-0.19
-1847.02,0.00,136.38,0.00,-2126.33,49.42,114.55,-0.16,39.45,0.00,5.83,0.00,10.54,-18.22,5.83,-0.19
-1831.36,0.00,138.69,0.00,-2122.02,40.27,117.49,-0.25,39.59,0.00,5.83,0.00,6.94,-18.11,5.83,-0.18
-1810.77,0.00,141.72,0.00,-2118.58,32.58,119.88,-0.33,39.76,0.00,5.83,0.00,9.53,-19.25,5.83,-0.17
-1783.71,0.00,145.68,0.00,-2111.02,21.56,123.23,-0.40,39.97,0.00,5.83,0.00,16.21,-19.46,5.83,-0.08
-1769.52,0.00,147.75,0.00,-2103.40,13.58,126.01,-0.41,40.07,0.00,5.83,0.00,15.87,-14.50,5.83,0.04
-1748.17,0.00,150.85,0.00,-2095.71,7.86,128.85,-0.37,40.22,0.00,5.83,0.00,15.78,-9.57,5.83,0.13
-1730.24,0.00,153.44,0.00,-2087.49,4.34,131.92,-0.29,40.33,0.00,5.83,0.00,15.33,-4.33,5.83,0.16
-1713.36,0.00,155.88,0.00,-2079.57,3.10,134.49,-0.22,40.43,0.00,5.83,0.00,20.15,-1.48,5.83,0.16
-1690.77,0.00,159.13,0.00,-2066.04,3.55,137.87,-0.13,40.56,0.00,5.83,0.00,25.85,2.66,5.83,0.15
-1668.25,0.00,162.37,0.00,-2052.15,5.77,140.73,-0.06,40.68,0.00,5.83,0.00,30.13,6.04,5.83,0.14
-1646.04,0.00,165.55,0.00,-2034.58,10.07,143.89,0.01,40.79,0.00,5.83,0.00,34.35,9.49,5.83,0.13
-1626.81,0.00,168.29,0.00,-2014.83,15.17,146.96,0.06,40.88,0.00,5.83,0.00,39.92,9.79,5.83,0.06
-1608.72,0.00,170.87,0.00,-1994.98,19.08,149.72,0.06,40.96,0.00,5.83,0.00,43.64,6.83,5.83,-0.04
-1588.55,0.00,173.74,0.00,-1971.51,21.33,152.71,0.02,41.04,0.00,5.83,0.00,47.53,2.20,5.83,-0.10
-1570.69,0.00,176.28,0.00,-1949.07,21.15,155.37,-0.02,41.10,0.00,5.83,0.00,50.52,-2.59,5.83,-0.11
-1548.28,0.00,179.45,0.00,-1924.97,19.43,158.04,-0.06,41.18,0.00,5.83,0.00,54.56,-4.57,5.83,-0.05
-1527.61,0.00,182.38,0.00,-1894.86,16.54,161.12,-0.08,41.25,0.00,5.83,0.00,58.87,-6.14,5.83,-0.03
-1508.80,0.00,185.04,0.00,-1865.28,14.17,163.98,-0.08,41.31,0.00,5.83,0.00,61.36,-3.31,5.83,0.06
-1483.11,0.00,188.66,0.00,-1829.30,14.01,167.33,-0.03,41.39,0.00,5.83,0.00,63.89,2.34,5.83,0.09
-1462.91,0.00,191.50,0.00,-1799.13,15.52,170.01,0.00,41.44,0.00,5.83,0.00,66.85,3.89,5.83,0.05
-1441.79,0.00,194.47,0.00,-1762.79,17.89,173.10,0.02,41.49,0.00,5.83,0.00,69.93,4.87,5.83,0.03
-1419.97,0.00,197.54,0.00,-1730.10,19.46,175.80,0.02,41.55,0.00,5.83,0.00,71.07,1.79,5.83,-0.06
-1400.46,0.00,200.28,0.00,-1690.84,18.69,179.00,-0.03,41.59,0.00,5.83,0.00,72.11,-4.22,5.83,-0.09
-1377.68,0.00,203.47,0.00,-1656.54,16.11,181.73,-0.06,41.64,0.00,5.83,0.00,74.16,-6.33,5.83,-0.04
-1353.63,0.00,206.84,0.00,-1620.91,12.76,184.49,-0.07,41.68,0.00,5.83,0.00,76.02,-7.59,5.83,-0.03
-1334.23,0.00,209.55,0.00,-1585.34,9.88,187.21,-0.07,41.72,0.00,5.83,0.00,76.57,-4.55,5.83,0.06
-1313.01,0.00,212.52,0.00,-1545.42,9.11,190.24,-0.03,41.75,0.00,5.83,0.00,77.07,1.15,5.83,0.09
-1292.02,0.00,215.45,0.00,-1502.49,10.47,193.45,0.00,41.78,0.00,5.83,0.00,78.85,3.27,5.83,0.04
-1270.92,0.00,218.39,0.00,-1467.99,12.11,195.98,0.02,41.82,0.00,5.83,0.00,80.05,4.15,5.83,0.03
-1270.92,0.00,218.39,0.00,-1396.41,8.28,201.86,-0.07,41.82,0.00,5.83,0.00,62.38,-10.19,5.83,-0.11
-1230.04,0.00,224.09,0.00,-1396.41,8.28,201.86,-0.07,41.87,0.00,5.83,0.00,62.38,-10.19,5.83,-0.11
-1213.42,0.00,226.40,0.00,-1366.84,3.84,204.59,-0.09,41.89,0.00,5.83,0.00,63.91,-8.50,5.83,0.02
-1191.04,0.00,229.52,0.00,-1331.96,0.61,207.72,-0.06,41.92,0.00,5.83,0.00,65.79,-3.62,5.83,0.09
-1170.54,0.00,232.37,0.00,-1296.44,0.44,210.83,-0.01,41.94,0.00,5.83,0.00,67.23,2.39,5.83,0.10
-1147.74,0.00,235.54,0.00,-1265.30,2.05,213.49,0.02,41.96,0.00,5.83,0.00,69.47,4.26,5.83,0.05
-1126.88,0.00,238.44,0.00,-1227.92,4.67,216.57,0.04,41.98,0.00,5.83,0.00,71.81,5.48,5.83,0.03
-1107.59,0.00,241.12,0.00,-1190.83,8.87,219.73,0.07,42.00,0.00,5.83,0.00,65.71,9.79,5.83,0.09
-1086.57,0.00,244.04,0.00,-1162.66,13.32,222.30,0.10,42.01,0.00,5.83,0.00,62.39,10.15,5.83,0.03
-1066.49,0.00,246.83,0.00,-1133.98,18.01,225.06,0.11,42.03,0.00,5.83,0.00,59.28,9.64,5.83,0.01
-1047.78,0.00,249.42,0.00,-1100.99,23.19,228.41,0.11,42.04,0.00,5.83,0.00,55.98,8.42,5.83,-0.01
-1023.07,0.00,252.85,0.00,-1073.91,26.98,231.30,0.10,42.06,0.00,5.83,0.00,53.46,6.97,5.83,-0.03
-1005.78,0.00,254.90,0.00,-1048.75,29.92,234.12,0.08,42.07,0.00,4.37,0.00,51.22,5.37,5.83,-0.04
-985.18,0.00,256.66,0.00,-1023.27,32.17,237.09,0.06,42.08,0.00,2.98,0.00,49.02,3.63,5.83,-0.04
-963.75,0.00,257.83,0.00,-994.85,33.67,240.56,0.04,42.09,0.00,1.79,0.00,46.61,1.62,5.83,-0.05
-940.22,0.00,258.47,0.00,-970.15,34.01,243.73,0.01,42.10,0.00,0.61,0.00,44.54,-0.15,5.83,-0.05
-920.62,0.00,258.51,0.00,-946.34,33.42,246.93,-0.01,42.11,0.00,-0.32,0.00,42.55,-1.84,5.83,-0.05
-902.89,0.00,258.19,0.00,-924.39,32.00,250.01,-0.04,42.12,0.00,-1.15,0.00,40.71,-3.37,5.83,-0.05
-880.64,0.00,257.29,0.00,-905.24,30.03,252.82,-0.06,42.13,0.00,-2.12,0.00,39.09,-4.66,5.83,-0.05
-858.47,0.00,255.92,0.00,-888.05,27.65,255.44,-0.09,42.14,0.00,-2.98,0.00,37.62,-5.79,5.83,-0.05
-839.52,0.00,254.43,0.00,-872.69,25.02,257.87,-0.11,42.15,0.00,-3.59,0.00,36.30,-6.77,5.83,-0.05
-818.44,0.00,252.47,0.00,-853.87,21.08,260.40,-0.14,42.16,0.00,-4.16,0.00,34.65,-7.92,3.99,-0.05
-795.69,0.00,250.08,0.00,-833.98,16.02,262.24,-0.17,42.16,0.00,-4.63,0.00,32.88,-9.08,2.43,-0.05
-772.51,0.00,247.42,0.00,-820.34,11.99,263.05,-0.19,42.17,0.00,-4.98,0.00,31.65,-9.83,1.49,-0.05
-750.18,0.00,245.27,0.00,-804.04,6.54,263.51,-0.22,42.18,0.00,-3.36,0.00,30.15,-10.70,0.39,-0.05
-728.59,0.00,243.92,0.00,-787.90,0.40,263.40,-0.25,42.18,0.00,-2.10,0.00,28.63,-11.51,-0.70,-0.05
-710.59,0.00,243.24,0.00,-774.37,-5.36,262.80,-0.27,42.19,0.00,-1.18,0.00,27.32,-12.16,-1.64,-0.06
-687.96,0.00,242.93,0.00,-762.59,-10.86,261.89,-0.30,42.19,0.00,-0.09,0.00,26.16,-12.69,-2.41,-0.06
-666.64,0.00,243.17,0.00,-750.56,-16.98,260.55,-0.33,42.20,0.00,0.92,0.00,24.95,-13.21,-3.15,-0.06
-646.27,0.00,243.86,0.00,-738.82,-23.51,258.86,-0.35,42.20,0.00,1.83,0.00,23.73,-13.69,-3.78,-0.06
-622.73,0.00,245.17,0.00,-728.74,-29.57,257.10,-0.38,42.20,0.00,2.78,0.00,22.66,-14.09,-4.24,-0.06
-603.13,0.00,246.64,0.00,-718.72,-35.38,255.06,-0.39,42.21,0.00,3.44,0.00,21.38,-11.52,-4.63,0.02
-579.78,0.00,248.75,0.00,-707.24,-40.65,252.39,-0.36,42.21,0.00,4.09,0.00,20.24,-7.81,-4.99,0.09
-555.34,0.00,251.29,0.00,-695.94,-43.83,249.42,-0.30,42.22,0.00,4.61,0.00,19.02,-3.60,-5.25,0.12
-536.52,0.00,253.01,0.00,-685.88,-44.63,247.07,-0.23,42.22,0.00,3.30,0.00,17.48,0.26,-3.50,0.13
-516.74,0.00,254.25,0.00,-678.00,-41.89,245.66,-0.13,42.22,0.00,2.14,0.00,13.63,9.41,-2.23,0.25
-497.96,0.00,254.96,0.00,-672.65,-35.27,244.85,-0.00,42.22,0.00,1.18,0.00,7.96,15.84,-1.14,0.27
-475.48,0.00,255.27,0.00,-670.47,-24.15,244.57,0.17,42.23,0.00,0.09,0.00,-0.22,19.52,0.10,0.29
-455.43,0.00,255.07,0.00,-672.83,-13.08,244.98,0.34,42.23,0.00,-0.85,0.00,-7.33,19.08,1.23,0.29
-431.07,0.00,254.23,0.00,-675.16,-4.37,245.97,0.43,42.23,0.00,-1.94,0.00,-1.42,13.79,2.24,0.07
-410.65,0.00,253.07,0.00,-675.76,0.61,247.16,0.44,42.23,0.00,-2.75,0.00,-1.22,8.98,2.96,-0.05
-391.97,0.00,251.70,0.00,-676.35,3.97,248.94,0.38,42.23,0.00,-3.39,0.00,-1.10,4.33,3.68,-0.16
-371.69,0.00,249.91,0.00,-677.02,5.09,250.99,0.29,42.24,0.00,-3.97,0.00,-1.58,0.47,4.23,-0.20
-348.31,0.00,248.17,0.00,-676.28,4.76,252.74,0.18,42.24,0.00,-2.51,0.00,3.88,-1.71,2.83,-0.21
-322.47,0.00,247.10,0.00,-673.51,3.45,253.73,0.09,42.24,0.00,-1.15,0.00,8.24,-4.15,1.80,-0.20
-300.50,0.00,246.80,0.00,-667.54,0.21,254.36,-0.01,42.24,0.00,-0.10,0.00,13.17,-7.50,0.66,-0.17
-279.02,0.00,247.04,0.00,-656.51,-4.81,254.34,-0.09,42.24,0.00,0.91,0.00,20.85,-8.30,-0.61,-0.08
-256.77,0.00,247.81,0.00,-645.29,-8.19,253.80,-0.11,42.24,0.00,1.91,0.00,25.57,-5.95,-1.53,0.03
-234.64,0.00,249.07,0.00,-631.44,-10.23,252.81,-0.07,42.25,0.00,2.79,0.00,30.41,-2.52,-2.41,0.10
-213.07,0.00,250.70,0.00,-612.59,-10.10,251.16,-0.01,42.25,0.00,3.51,0.00,35.42,2.64,-3.27,0.12
-190.47,0.00,252.18,0.00,-592.09,-8.17,249.81,0.04,42.25,0.00,2.18,0.00,41.30,4.35,-1.99,0.06
-167.39,0.00,253.01,0.00,-570.46,-5.71,249.13,0.07,42.25,0.00,0.99,0.00,46.41,5.54,-0.94,0.04
-148.31,0.00,253.23,0.00,-540.35,-3.35,248.97,0.05,42.25,0.00,0.08,0.00,50.82,1.88,0.30,-0.08
-126.21,0.00,252.97,0.00,-514.09,-3.71,249.39,0.01,42.25,0.00,-0.96,0.00,54.00,-2.95,1.28,-0.10
-101.00,0.00,252.03,0.00,-490.14,-5.36,250.13,-0.02,42.25,0.00,-2.07,0.00,57.64,-4.49,2.07,-0.05
-76.34,0.00,250.51,0.00,-460.00,-7.96,251.40,-0.04,42.25,0.00,-3.02,0.00,61.56,-5.65,2.90,-0.03
-54.89,0.00,248.78,0.00,-426.97,-10.08,252.56,-0.04,42.25,0.00,-3.70,0.00,63.90,-2.20,1.67,0.07
-32.78,0.00,247.24,0.00,-391.40,-9.54,253.13,0.01,42.25,0.00,-2.36,0.00,65.91,3.74,0.53,0.10
-9.93,0.00,246.32,0.00,-355.86,-5.84,253.10,0.06,42.25,0.00,-1.17,0.00,67.27,9.50,-0.53,0.10
11.89,0.00,246.02,0.00,-324.65,-1.07,252.64,0.09,42.25,0.00,-0.12,0.00,69.70,11.09,-1.42,0.05
34.21,0.00,246.26,0.00,-292.52,3.40,251.78,0.09,42.26,0.00,0.93,0.00,71.00,8.33,-2.24,-0.05
57.02,0.00,247.07,0.00,-255.77,6.16,250.40,0.05,42.26,0.00,1.95,0.00,72.41,2.76,-3.06,-0.09
76.52,0.00,248.17,0.00,-218.44,5.85,248.64,0.01,42.26,0.00,2.72,0.00,73.34,-3.34,-3.74,-0.09
95.45,0.00,249.55,0.00,-180.49,2.52,246.55,-0.04,42.26,0.00,3.38,0.00,73.80,-8.92,-4.28,-0.09
117.24,0.00,251.47,0.00,-145.98,-1.25,244.90,-0.06,42.26,0.00,4.00,0.00,74.45,-6.94,-2.98,0.03
140.20,0.00,253.20,0.00,-105.90,-3.49,243.68,-0.02,42.26,0.00,2.55,0.00,75.29,-1.58,-1.72,0.08
161.46,0.00,254.17,0.00,-67.64,-3.60,243.11,0.01,42.26,0.00,1.42,0.00,77.24,0.63,-0.67,0.04
182.67,0.00,254.59,0.00,-25.24,-2.82,243.07,0.02,42.26,0.00,0.39,0.00,79.02,2.01,0.41,0.03
203.46,0.00,254.52,0.00,12.41,-1.64,243.51,0.03,42.26,0.00,-0.59,0.00,80.34,2.88,1.34,0.02
221.37,0.00,254.07,0.00,49.91,-0.12,244.35,0.04,42.26,0.00,-1.42,0.00,81.46,3.57,2.18,0.02
248.47,0.00,252.76,0.00,88.36,0.78,245.58,0.03,42.26,0.00,-2.55,0.00,81.18,0.09,2.95,-0.07
270.01,0.00,251.23,0.00,132.33,0.21,247.39,0.00,42.26,0.00,-3.32,0.00,82.32,-1.79,3.68,-0.03
291.73,0.00,249.34,0.00,172.20,-0.92,249.30,-0.01,42.26,0.00,-3.95,0.00,83.16,-2.77,4.20,-0.02
308.24,0.00,248.03,0.00,214.29,-2.53,251.54,-0.02,42.26,0.00,-2.89,0.00,83.91,-3.50,4.64,-0.02
327.63,0.00,246.98,0.00,255.57,-4.23,253.48,-0.02,42.26,0.00,-1.82,0.00,78.30,-3.06,3.14,0.00
353.51,0.00,246.31,0.00,293.42,-5.48,254.71,-0.02,42.26,0.00,-0.53,0.00,73.47,-1.94,1.94,0.02
377.12,0.00,246.36,0.00,327.93,-6.03,255.38,-0.00,42.26,0.00,0.59,0.00,69.31,-0.45,0.91,0.03
397.82,0.00,246.90,0.00,358.21,-5.86,255.56,0.01,42.26,0.00,1.53,0.00,65.80,1.07,-0.00,0.04
415.29,0.00,247.70,0.00,391.08,-4.81,255.27,0.03,42.26,0.00,2.27,0.00,62.11,2.81,-1.02,0.04
435.53,0.00,249.00,0.00,420.04,-3.05,254.53,0.05,42.26,0.00,3.04,0.00,58.96,4.36,-1.92,0.04
456.03,0.00,250.65,0.00,447.39,-0.58,253.40,0.07,42.26,0.00,3.69,0.00,56.05,5.80,-2.73,0.04
477.53,0.00,252.15,0.00,471.92,2.34,252.01,0.09,42.26,0.00,2.38,0.00,53.48,7.06,-3.38,0.04
501.46,0.00,253.10,0.00,496.38,5.97,250.73,0.11,42.26,0.00,1.14,0.00,50.96,8.28,-2.22,0.05
521.89,0.00,253.39,0.00,521.14,10.44,249.93,0.14,42.26,0.00,0.15,0.00,48.43,9.47,-1.13,0.05
521.89,0.00,253.39,0.00,563.40,20.05,249.79,0.18,42.26,0.00,0.15,0.00,44.17,11.37,0.72,0.05
546.90,0.00,253.10,0.00,586.58,26.49,250.49,0.20,42.26,0.00,-1.02,0.00,41.84,12.35,1.75,0.05
567.92,0.00,252.33,0.00,606.74,32.83,251.59,0.23,42.26,0.00,-1.95,0.00,39.82,13.16,2.60,0.05
593.34,0.00,250.82,0.00,626.10,39.61,252.57,0.25,42.26,0.00,-2.95,0.00,37.87,13.90,1.47,0.05
614.99,0.00,249.11,0.00,647.47,47.96,253.05,0.28,42.26,0.00,-3.65,0.00,35.71,14.68,0.28,0.05
634.28,0.00,247.74,0.00,665.20,55.63,252.90,0.31,42.26,0.00,-2.47,0.00,33.90,15.28,-0.74,0.05
657.22,0.00,246.77,0.00,680.64,62.91,252.32,0.33,42.26,0.00,-1.27,0.00,32.30,15.79,-1.64,0.05
677.25,0.00,246.42,0.00,696.22,70.88,251.26,0.36,42.26,0.00,-0.30,0.00,30.67,16.27,-2.51,0.05
698.89,0.00,246.56,0.00,709.72,78.33,249.95,0.38,42.26,0.00,0.72,0.00,29.23,16.67,-3.20,0.05
720.28,0.00,247.20,0.00,724.95,87.00,248.04,0.40,42.26,0.00,1.69,0.00,28.14,15.92,-3.88,0.02
743.41,0.00,248.42,0.00,739.21,94.94,246.44,0.41,42.26,0.00,2.64,0.00,27.32,14.94,-2.52,-0.00
764.82,0.00,249.97,0.00,753.11,102.32,245.47,0.40,42.26,0.00,3.39,0.00,26.68,13.77,-1.37,-0.02
783.72,0.00,251.62,0.00,764.58,108.78,245.09,0.41,42.26,0.00,3.93,0.00,23.86,14.62,-0.43,0.05
803.92,0.00,253.15,0.00,777.55,118.09,245.23,0.46,42.26,0.00,2.66,0.00,19.76,16.23,0.77,0.10
842.58,0.00,254.60,0.00,777.55,118.09,245.23,0.46,42.26,0.00,0.66,0.00,19.76,16.23,0.77,0.10
861.61,0.00,254.67,0.00,788.10,128.37,246.08,0.52,42.26,0.00,-0.24,0.00,15.52,17.50,1.92,0.12
881.33,0.00,254.32,0.00,794.80,137.11,247.25,0.58,42.26,0.00,-1.16,0.00,12.17,18.03,2.74,0.12
902.62,0.00,253.47,0.00,799.99,146.21,248.83,0.64,42.26,0.00,-2.09,0.00,8.88,18.12,3.47,0.13
920.64,0.00,252.41,0.00,803.66,155.50,250.80,0.71,42.26,0.00,-2.80,0.00,5.65,17.78,4.07,0.13
940.67,0.00,250.90,0.00,805.78,165.04,253.19,0.78,42.26,0.00,-3.48,0.00,2.44,17.00,4.57,0.13
959.28,0.00,249.24,0.00,806.19,174.30,255.25,0.86,42.26,0.00,-4.00,0.00,-0.64,15.78,2.95,0.14
980.18,0.00,247.64,0.00,806.83,179.79,256.41,0.86,42.26,0.00,-2.67,0.00,2.84,6.80,1.75,-0.16
1001.95,0.00,246.60,0.00,809.36,180.67,257.03,0.73,42.26,0.00,-1.50,0.00,5.54,-2.82,0.58,-0.29
1021.48,0.00,246.15,0.00,811.74,177.82,257.07,0.60,42.26,0.00,-0.54,0.00,5.25,-9.72,-0.28,-0.32
1042.55,0.00,246.15,0.00,813.70,170.40,256.60,0.43,42.26,0.00,0.45,0.00,1.80,-16.36,-1.35,-0.30
1064.43,0.00,246.68,0.00,813.33,161.43,255.69,0.29,42.26,0.00,1.46,0.00,-3.00,-19.43,-2.24,-0.27
1089.24,0.00,247.88,0.00,810.16,150.95,254.26,0.16,42.26,0.00,2.50,0.00,-8.47,-20.03,-3.08,-0.24
1111.01,0.00,249.39,0.00,804.42,140.98,252.48,0.04,42.26,0.00,3.28,0.00,-13.31,-18.76,-3.76,-0.21
1128.08,0.00,250.84,0.00,795.63,131.29,250.20,-0.07,42.26,0.00,3.80,0.00,-17.67,-16.20,-4.34,-0.20
1146.03,0.00,252.18,0.00,785.16,123.50,248.33,-0.17,42.26,0.00,2.68,0.00,-20.89,-13.12,-2.84,-0.18
1168.20,0.00,253.23,0.00,772.87,117.30,247.15,-0.26,42.26,0.00,1.48,0.00,-23.27,-9.73,-1.57,-0.16
1191.03,0.00,253.70,0.00,762.89,112.84,246.67,-0.34,42.26,0.00,0.37,0.00,-18.63,-9.06,-0.56,-0.16
1211.58,0.00,253.62,0.00,754.05,107.67,246.70,-0.43,42.26,0.00,-0.60,0.00,-13.54,-9.57,0.56,-0.16
1230.02,0.00,253.15,0.00,748.94,103.45,247.29,-0.48,42.26,0.00,-1.45,0.00,-6.65,-7.24,1.57,-0.02
1251.27,0.00,252.17,0.00,747.42,99.90,248.38,-0.46,42.26,0.00,-2.35,0.00,0.19,-6.47,2.50,0.09
1272.23,0.00,250.79,0.00,749.05,97.08,249.72,-0.41,42.26,0.00,-3.13,0.00,6.26,-5.73,3.20,0.15
1291.49,0.00,249.21,0.00,753.08,94.88,250.85,-0.34,42.26,0.00,-3.73,0.00,11.83,-4.49,2.15,0.16
1314.82,0.00,247.60,0.00,761.67,93.12,251.67,-0.25,42.26,0.00,-2.31,0.00,18.64,-2.00,0.97,0.15
1333.95,0.00,246.80,0.00,774.38,91.88,251.86,-0.19,42.26,0.00,-1.31,0.00,26.13,-2.38,-0.16,0.08
1355.79,0.00,246.43,0.00,791.61,89.26,251.38,-0.18,42.26,0.00,-0.26,0.00,31.38,-6.37,-1.33,-0.05
1395.98,0.00,247.12,0.00,791.61,89.26,251.38,-0.18,42.26,0.00,1.61,0.00,31.38,-6.37,-1.33,-0.05
1420.50,0.00,248.39,0.00,809.92,84.28,250.36,-0.22,42.26,0.00,2.62,0.00,35.47,-11.65,-2.31,-0.11
1441.38,0.00,249.88,0.00,828.73,77.82,249.02,-0.26,42.26,0.00,3.35,0.00,40.72,-14.32,-3.08,-0.06
1462.13,0.00,251.70,0.00,853.06,70.35,247.71,-0.26,42.26,0.00,3.95,0.00,45.88,-12.15,-1.76,0.07
1479.68,0.00,253.08,0.00,878.16,65.22,247.11,-0.22,42.26,0.00,2.83,0.00,50.69,-7.91,-0.67,0.11
1504.16,0.00,254.28,0.00,905.67,62.46,247.06,-0.16,42.26,0.00,1.50,0.00,54.88,-3.21,0.37,0.11
1527.54,0.00,254.76,0.00,931.70,61.98,247.46,-0.11,42.26,0.00,0.36,0.00,58.00,0.65,1.27,0.10
1551.18,0.00,254.62,0.00,966.03,63.74,248.52,-0.05,42.26,0.00,-0.76,0.00,61.25,4.99,2.31,0.10
1572.41,0.00,253.97,0.00,997.22,66.33,249.87,-0.02,42.26,0.00,-1.72,0.00,65.03,5.38,3.09,0.05
1591.45,0.00,253.00,0.00,1028.23,68.07,251.48,-0.02,42.26,0.00,-2.50,0.00,67.02,2.04,3.71,-0.05
1616.35,0.00,251.23,0.00,1059.65,67.79,253.33,-0.05,42.26,0.00,-3.38,0.00,68.71,-2.96,4.21,-0.09
1616.35,0.00,251.23,0.00,1121.33,60.12,255.94,-0.14,42.26,0.00,-3.38,0.00,70.39,-13.76,1.93,-0.10
1638.03,0.00,249.31,0.00,1156.98,51.63,256.61,-0.18,42.26,0.00,-4.00,0.00,70.69,-19.21,0.86,-0.09
1657.90,0.00,247.77,0.00,1196.21,40.51,256.75,-0.22,42.26,0.00,-2.74,0.00,73.08,-21.15,-0.24,-0.04
1678.84,0.00,246.73,0.00,1238.74,29.42,256.25,-0.21,42.26,0.00,-1.60,0.00,74.93,-17.19,-1.37,0.07
1716.93,0.00,246.17,0.00,1238.74,29.42,256.25,-0.21,42.26,0.00,0.24,0.00,74.93,-17.19,-1.37,0.07
1737.72,0.00,246.55,0.00,1276.10,22.45,255.33,-0.17,42.26,0.00,1.21,0.00,76.67,-11.56,-2.26,0.09
1758.21,0.00,247.38,0.00,1314.00,18.36,254.01,-0.12,42.26,0.00,2.11,0.00,77.99,-5.78,-3.04,0.09
1781.42,0.00,248.81,0.00,1345.89,17.00,252.65,-0.09,42.26,0.00,3.00,0.00,78.71,-1.37,-3.59,0.09
1781.42,0.00,248.81,0.00,1426.90,16.96,248.47,-0.04,42.26,0.00,3.00,0.00,82.19,0.63,-4.60,0.03
1802.52,0.00,250.50,0.00,1464.27,17.34,246.73,-0.03,42.26,0.00,3.67,0.00,83.42,0.98,-3.27,0.02
1840.73,0.00,252.74,0.00,1464.27,17.34,246.73,-0.03,42.26,0.00,1.49,0.00,83.42,0.98,-3.27,0.02
1863.10,0.00,253.20,0.00,1515.56,18.07,245.24,-0.02,42.26,0.00,0.40,0.00,84.87,1.35,-1.81,0.01
1884.25,0.00,253.13,0.00,1560.61,18.86,244.62,-0.01,42.26,0.00,-0.60,0.00,85.89,1.62,-0.70,0.01
1904.19,0.00,252.60,0.00,1603.51,19.73,244.54,-0.01,42.26,0.00,-1.52,0.00,86.68,1.85,0.30,0.01
1923.89,0.00,251.68,0.00,1648.44,20.75,244.99,-0.00,42.26,0.00,-2.35,0.00,87.35,2.07,1.31,0.01
1948.27,0.00,250.03,0.00,1695.48,20.47,246.00,-0.02,42.26,0.00,-3.24,0.00,86.04,-3.28,2.30,-0.08
1971.69,0.00,248.02,0.00,1746.58,15.80,247.70,-0.08,42.26,0.00,-3.93,0.00,84.14,-11.39,3.23,-0.10
1993.14,0.00,246.41,0.00,1784.31,9.01,249.38,-0.13,42.26,0.00,-2.59,0.00,76.43,-16.64,3.83,-0.10
2011.05,0.00,245.54,0.00,1822.23,-1.26,251.00,-0.18,42.26,0.00,-1.62,0.00,68.15,-21.56,2.46,-0.11
2032.39,0.00,245.01,0.00,1855.32,-12.66,251.94,-0.23,42.26,0.00,-0.57,0.00,59.90,-21.97,1.30,-0.07
2055.49,0.00,245.03,0.00,1883.51,-23.74,252.30,-0.26,42.26,0.00,0.52,0.00,52.78,-21.95,0.27,-0.07
2079.06,0.00,245.66,0.00,1908.38,-31.75,252.17,-0.23,42.26,0.00,1.60,0.00,48.79,-10.98,-0.72,0.16
2098.63,0.00,246.61,0.00,1933.92,-33.69,251.45,-0.14,42.26,0.00,2.42,0.00,44.06,2.26,-1.77,0.18
2119.06,0.00,247.98,0.00,1953.07,-30.34,250.42,-0.05,42.26,0.00,3.17,0.00,38.72,10.86,-2.57,0.19
2138.07,0.00,249.56,0.00,1970.36,-23.21,248.95,0.04,42.26,0.00,3.75,0.00,32.23,17.16,-3.31,0.20
2158.65,0.00,251.53,0.00,1984.51,-13.40,247.64,0.15,42.26,0.00,4.27,0.00,25.13,21.40,-2.09,0.21
2178.05,0.00,253.15,0.00,1995.15,-1.76,246.90,0.26,42.26,0.00,2.98,0.00,17.60,24.02,-0.99,0.22
2198.83,0.00,254.30,0.00,2004.20,7.97,246.67,0.31,42.26,0.00,1.82,0.00,21.93,19.53,-0.07,0.03
2222.60,0.00,254.95,0.00,2017.10,16.90,246.93,0.30,42.26,0.00,0.64,0.00,27.52,15.46,0.95,-0.09
2242.45,0.00,255.01,0.00,2032.01,22.58,247.79,0.22,42.26,0.00,-0.30,0.00,25.85,5.83,2.00,-0.18
2267.33,0.00,254.46,0.00,2042.75,23.46,248.83,0.14,42.26,0.00,-1.45,0.00,23.84,-1.02,2.73,-0.19
2288.18,0.00,253.50,0.00,2053.91,21.26,250.40,0.05,42.26,0.00,-2.34,0.00,20.95,-6.97,3.45,-0.18
2308.72,0.00,252.15,0.00,2064.30,16.09,252.48,-0.05,42.26,0.00,-3.10,0.00,17.40,-11.32,4.09,-0.17
2327.05,0.00,250.67,0.00,2074.17,9.38,254.17,-0.13,42.26,0.00,-3.68,0.00,20.66,-14.43,2.70,-0.16
2348.67,0.00,248.62,0.00,2085.64,1.31,255.21,-0.21,42.26,0.00,-4.23,0.00,23.96,-17.03,1.54,-0.14
2369.03,0.00,246.95,0.00,2100.45,-7.15,255.71,-0.24,42.26,0.00,-2.90,0.00,29.13,-13.79,0.39,0.02
2386.71,0.00,245.97,0.00,2116.88,-13.15,255.62,-0.20,42.26,0.00,-1.91,0.00,34.19,-9.75,-0.64,0.11
2403.25,0.00,245.40,0.00,2135.31,-16.60,254.94,-0.13,42.26,0.00,-1.07,0.00,32.18,-3.31,-1.71,0.13
2423.72,0.00,245.15,0.00,2151.67,-16.95,253.90,-0.07,42.26,0.00,-0.09,0.00,36.15,1.40,-2.53,0.13
2445.68,0.00,245.40,0.00,2168.15,-15.34,252.64,-0.01,42.26,0.00,0.94,0.00,39.27,5.59,-3.20,0.13
2466.32,0.00,246.11,0.00,2190.87,-10.77,250.66,0.05,42.26,0.00,1.86,0.00,42.65,10.40,-3.90,0.12
2489.93,0.00,247.44,0.00,2212.02,-4.82,248.66,0.11,42.26,0.00,2.80,0.00,45.22,14.02,-4.38,0.11
2512.42,0.00,249.16,0.00,2239.54,2.40,246.65,0.13,42.26,0.00,3.56,0.00,49.19,10.79,-2.76,-0.04
2533.55,0.00,251.10,0.00,2263.56,6.42,245.64,0.10,42.26,0.00,4.13,0.00,52.49,6.50,-1.67,-0.10
2552.84,0.00,252.66,0.00,2289.65,8.20,245.10,0.05,42.26,0.00,2.87,0.00,55.43,1.34,-0.67,-0.10
2571.49,0.00,253.67,0.00,2320.18,7.21,245.06,-0.01,42.26,0.00,1.84,0.00,58.04,-4.46,0.41,-0.10
2595.21,0.00,254.33,0.00,2350.56,4.39,245.55,-0.04,42.26,0.00,0.66,0.00,61.63,-6.28,1.40,-0.05
2614.32,0.00,254.41,0.00,2378.93,1.32,246.38,-0.06,42.26,0.00,-0.25,0.00,64.56,-7.25,2.21,-0.03
2635.47,0.00,254.01,0.00,2418.73,-1.87,248.05,-0.05,42.26,0.00,-1.24,0.00,66.69,-3.03,3.17,0.07
2657.36,0.00,253.09,0.00,2451.87,-1.92,249.78,-0.01,42.26,0.00,-2.18,0.00,68.10,2.37,3.80,0.09
2676.10,0.00,251.95,0.00,2487.96,-0.03,251.91,0.03,42.26,0.00,-2.90,0.00,70.76,4.46,4.34,0.04
2698.45,0.00,250.19,0.00,2523.41,2.49,253.66,0.04,42.26,0.00,-3.63,0.00,73.01,5.59,2.95,0.03
2716.26,0.00,248.55,0.00,2552.34,5.48,254.65,0.07,42.26,0.00,-4.11,0.00,68.26,8.79,1.98,0.08
2737.82,0.00,246.85,0.00,2580.68,10.16,255.28,0.10,42.26,0.00,-2.72,0.00,63.43,12.46,1.05,0.09
2760.55,0.00,245.76,0.00,2611.06,17.47,255.52,0.15,42.26,0.00,-1.50,0.00,58.04,16.13,0.03,0.10
2782.15,0.00,245.29,0.00,2635.02,25.04,255.34,0.19,42.26,0.00,-0.44,0.00,53.64,18.70,-0.82,0.10
2805.58,0.00,245.39,0.00,2661.10,31.85,254.63,0.17,42.26,0.00,0.67,0.00,48.76,8.09,-1.80,-0.15
2826.25,0.00,245.97,0.00,2682.31,32.77,253.61,0.09,42.26,0.00,1.61,0.00,44.34,-2.81,-2.59,-0.18
2846.77,0.00,246.98,0.00,2702.78,28.68,252.11,0.00,42.26,0.00,2.46,0.00,38.31,-12.14,-3.33,-0.19
2869.27,0.00,248.54,0.00,2720.11,20.75,250.27,-0.10,42.26,0.00,3.27,0.00,31.45,-18.45,-3.94,-0.20
2895.08,0.00,250.80,0.00,2734.59,9.68,248.60,-0.20,42.26,0.00,4.02,0.00,23.87,-22.50,-2.54,-0.21
2920.42,0.00,252.67,0.00,2743.70,-1.26,247.70,-0.30,42.26,0.00,2.44,0.00,16.67,-24.88,-1.51,-0.23
2944.66,0.00,253.66,0.00,2753.09,-12.07,247.24,-0.36,42.26,0.00,1.17,0.00,21.53,-20.24,-0.50,-0.02
2966.49,0.00,253.96,0.00,2763.44,-19.19,247.26,-0.31,42.26,0.00,0.12,0.00,20.52,-9.68,0.49,0.19
2987.99,0.00,253.74,0.00,2771.99,-21.57,247.67,-0.23,42.26,0.00,-0.89,0.00,19.27,-2.20,1.33,0.21
3000.00,0.00,253.05,0.00,2781.14,-20.71,248.60,-0.12,42.26,0.00,-1.81,0.00,16.90,4.68,2.25,0.20
3000.00,0.00,252.15,0.00,2787.61,-17.74,249.70,-0.04,42.26,0.00,-2.52,0.00,14.30,8.98,2.92,0.20
3000.00,0.00,250.56,0.00,2794.27,-11.35,251.56,0.07,42.26,0.00,-3.32,0.00,9.96,13.30,3.68,0.21
3000.00,0.00,248.41,0.00,2798.00,-4.05,253.02,0.18,42.26,0.00,-4.02,0.00,5.52,15.74,2.41,0.22
3000.00,0.00,246.97,0.00,2799.43,6.96,254.08,0.32,42.26,0.00,-2.86,0.00,-0.64,16.88,0.95,0.23
3000.00,0.00,245.87,0.00,2798.75,12.77,254.28,0.37,42.26,0.00,-1.71,0.00,-1.78,8.26,-0.03,-0.04
3000.00,0.00,245.30,0.00,2797.41,14.86,253.89,0.29,42.26,0.00,-0.62,0.00,-2.92,-0.01,-1.18,-0.24
3000.00,0.00,245.25,0.00,2795.54,13.42,253.12,0.17,42.26,0.00,0.29,0.00,-5.08,-5.49,-2.05,-0.27
3000.00,0.00,245.72,0.00,2791.87,9.24,251.79,0.03,42.26,0.00,1.35,0.00,-8.75,-9.73,-2.91,-0.25
3000.00,0.00,246.59,0.00,2787.25,4.60,250.35,-0.07,42.26,0.00,2.21,0.00,-11.91,-11.00,-3.53,-0.22
3000.00,0.00,247.87,0.00,2782.19,-1.11,248.39,-0.17,42.26,0.00,2.99,0.00,-8.39,-11.57,-4.11,-0.19
3000.00,0.00,249.66,0.00,2779.64,-5.05,246.62,-0.22,42.26,0.00,3.70,0.00,-4.36,-8.29,-4.49,-0.06
3000.00,0.00,251.58,0.00,2778.96,-8.55,244.74,-0.22,42.26,0.00,4.22,0.00,1.19,-5.65,-3.01,0.06
3000.00,0.00,253.28,0.00,2781.04,-10.70,243.57,-0.17,42.26,0.00,2.87,0.00,6.60,-3.16,-1.83,0.15
3000.00,0.00,254.40,0.00,2785.59,-11.48,242.96,-0.09,42.26,0.00,1.68,0.00,11.58,-0.18,-0.81,0.17
3000.00,0.00,254.96,0.00,2794.06,-10.25,242.86,0.00,42.26,0.00,0.58,0.00,16.91,4.11,0.36,0.16
3000.00,0.00,254.99,0.00,2804.35,-7.83,243.33,0.06,42.26,0.00,-0.39,0.00,22.84,5.25,1.36,0.09
3000.00,0.00,254.59,0.00,2818.92,-5.55,244.43,0.08,42.26,0.00,-1.27,0.00,27.91,2.78,2.38,-0.04
3000.00,0.00,253.81,0.00,2834.62,-5.12,245.89,0.04,42.26,0.00,-2.10,0.00,32.32,-0.95,3.18,-0.11
3000.00,0.00,252.48,0.00,2854.03,-6.06,247.85,-0.01,42.26,0.00,-2.94,0.00,38.11,-2.28,3.88,-0.06
3000.00,0.00,250.88,0.00,2875.55,-7.55,250.04,-0.03,42.26,0.00,-3.61,0.00,43.29,-3.30,4.40,-0.04
3000.00,0.00,248.68,0.00,2896.60,-8.50,251.85,-0.03,42.26,0.00,-4.22,0.00,40.46,-0.40,2.97,0.06
3000.00,0.00,247.02,0.00,2916.10,-7.57,253.01,0.01,42.26,0.00,-2.89,0.00,37.70,3.76,1.80,0.10
3000.00,0.00,245.86,0.00,2931.05,-5.70,253.54,0.05,42.26,0.00,-1.67,0.00,36.41,5.26,0.94,0.07
3000.00,0.00,245.29,0.00,2951.50,-2.16,253.72,0.09,42.26,0.00,-0.52,0.00,34.65,6.80,-0.22,0.06
3000.00,0.00,245.31,0.00,2968.00,1.44,253.35,0.12,42.26,0.00,0.49,0.00,33.22,7.84,-1.18,0.06
3000.00,0.00,245.84,0.00,2984.12,5.60,252.51,0.14,42.26,0.00,1.48,0.00,31.81,8.77,-2.10,0.06
3000.00,0.00,246.81,0.00,2998.82,9.96,251.31,0.17,42.26,0.00,2.36,0.00,30.50,9.57,-2.88,0.05
3000.00,0.00,248.12,0.00,2999.96,14.65,249.76,0.20,42.26,0.00,3.10,0.00,29.22,10.30,-3.54,0.06
3000.00,0.00,249.78,0.00,2999.93,20.48,247.59,0.23,42.26,0.00,3.74,0.00,27.77,11.07,-4.17,0.06
3000.00,0.00,251.85,0.00,2999.88,26.48,245.22,0.26,42.26,0.00,4.28,0.00,26.40,11.74,-4.64,0.06
3000.00,0.00,253.60,0.00,2999.82,32.80,243.21,0.29,42.26,0.00,2.88,0.00,25.06,12.34,-3.08,0.06
3000.00,0.00,254.74,0.00,2999.75,38.72,242.04,0.31,42.26,0.00,1.67,0.00,23.89,12.84,-1.93,0.06
3000.00,0.00,255.29,0.00,2999.66,45.06,241.37,0.34,42.26,0.00,0.62,0.00,22.70,13.30,-0.87,0.06
3000.00,0.00,255.32,0.00,2999.55,51.77,241.22,0.37,42.26,0.00,-0.38,0.00,21.50,13.73,0.16,0.06
3000.00,0.00,254.73,0.00,2999.42,58.81,241.60,0.40,42.26,0.00,-1.52,0.00,20.31,14.12,1.18,0.06
3000.00,0.00,253.90,0.00,2999.28,65.93,242.47,0.43,42.26,0.00,-2.29,0.00,19.15,14.45,2.13,0.06
3000.00,0.00,252.85,0.00,2999.10,73.63,243.90,0.47,42.26,0.00,-2.92,0.00,17.95,14.77,3.01,0.06
3000.00,0.00,251.05,0.00,2998.89,81.50,245.77,0.50,42.26,0.00,-3.66,0.00,16.77,15.03,3.74,0.06
3000.00,0.00,249.32,0.00,2998.67,89.42,247.96,0.53,42.26,0.00,-4.15,0.00,15.62,15.25,4.31,0.06
3000.00,0.00,247.77,0.00,2998.43,97.17,249.78,0.56,42.26,0.00,-2.91,0.00,14.54,15.42,2.85,0.06
