-2500.00,0.00,0.00,0.00,-1855.66,105.90,3.30,0.75,0.00,0.00,0.00,0.00,0.00,0.00,0.00,0.00
-2499.60,0.00,0.28,0.00,-1858.10,106.54,3.01,0.81,1.42,0.00,1.01,0.00,-8.52,1.94,-1.03,0.24
-2498.62,0.00,0.97,0.00,-1864.10,107.33,2.27,0.94,2.71,0.00,1.88,0.00,-15.61,0.94,-1.93,0.28
-2496.94,0.00,2.11,0.00,-1872.88,106.92,1.15,1.07,4.06,0.00,2.70,0.00,-20.57,-2.64,-2.73,0.27
-2495.38,0.00,3.12,0.00,-1883.34,104.41,0.14,1.19,5.00,0.00,3.21,0.00,-23.09,-7.65,-1.64,0.25
-2492.74,0.00,4.76,0.00,-1895.39,98.81,0.00,1.32,6.28,0.00,3.80,0.00,-23.48,-13.59,-0.57,0.23
-2489.56,0.00,6.62,0.00,-1907.01,90.29,0.00,1.43,7.52,0.00,4.28,0.00,-22.09,-19.23,0.45,0.22
-2485.99,0.00,8.58,0.00,-1917.19,79.55,0.48,1.54,8.70,0.00,4.64,0.00,-19.63,-24.04,1.40,0.21
-2481.39,0.00,10.94,0.00,-1926.57,65.63,1.49,1.64,10.00,0.00,4.96,0.00,-16.35,-28.54,2.35,0.20
-2476.20,0.00,13.41,0.00,-1933.34,51.32,2.79,1.73,11.28,0.00,5.20,0.00,-12.73,-31.68,3.09,0.19
-2470.34,0.00,16.01,0.00,-1937.65,38.46,4.12,1.81,12.54,0.00,5.37,0.00,-9.60,-33.73,3.61,0.18
-2464.90,0.00,18.26,0.00,-1941.85,17.00,6.56,1.91,13.59,0.00,5.49,0.00,-4.64,-36.07,4.28,0.17
-2457.73,0.00,21.04,0.00,-1943.00,1.58,8.45,1.99,14.84,0.00,5.59,0.00,-1.21,-37.04,4.63,0.17
-2451.80,0.00,23.21,0.00,-1942.47,-17.39,10.90,2.07,15.78,0.00,5.64,0.00,2.81,-37.66,4.96,0.16
-2444.65,0.00,25.69,0.00,-1939.40,-39.35,13.88,2.16,16.82,0.00,5.69,0.00,7.23,-37.69,5.24,0.16
-2429.45,0.00,30.57,0.00,-1939.40,-39.35,13.88,2.16,18.78,0.00,5.75,0.00,7.23,-37.69,5.24,0.16
-2418.87,0.00,33.70,0.00,-1934.71,-58.35,16.59,2.24,19.99,0.00,5.78,0.00,10.85,-37.17,5.41,0.15
-2409.04,0.00,36.47,0.00,-1927.87,-77.88,19.51,2.32,21.01,0.00,5.79,0.00,14.37,-36.18,5.54,0.15
-2398.71,0.00,39.25,0.00,-1918.49,-98.24,22.73,2.41,22.01,0.00,5.81,0.00,17.82,-34.70,5.63,0.14
-2388.67,0.00,41.84,0.00,-1909.62,-113.87,25.35,2.47,22.91,0.00,5.81,0.00,20.32,-33.23,5.69,0.14
-2377.16,0.00,44.70,0.00,-1901.42,-126.33,27.53,2.53,23.86,0.00,5.82,0.00,22.20,-31.86,5.72,0.14
-2366.78,0.00,47.19,0.00,-1888.86,-142.75,30.60,2.60,24.66,0.00,5.82,0.00,24.53,-29.81,5.76,0.13
-2354.64,0.00,50.00,0.00,-1878.42,-155.84,33.48,2.67,25.54,0.00,5.83,0.00,17.90,-23.54,5.78,0.14
-2338.94,0.00,53.50,0.00,-1871.17,-166.51,36.46,2.74,26.59,0.00,5.83,0.00,10.94,-18.67,5.79,0.15
-2326.24,0.00,56.24,0.00,-1867.50,-175.21,39.50,2.82,27.37,0.00,5.83,0.00,3.79,-15.21,5.81,0.16
-2311.29,0.00,59.37,0.00,-1867.29,-181.29,41.99,2.89,28.22,0.00,5.83,0.00,-2.21,-13.46,5.81,0.18
-2295.04,0.00,62.67,0.00,-1871.06,-187.32,45.11,2.97,29.08,0.00,5.83,0.00,-11.16,-9.71,5.82,0.11
-2279.92,0.00,65.66,0.00,-1880.09,-191.08,48.48,3.00,29.82,0.00,5.83,0.00,-19.30,-3.93,5.82,-0.03
-2265.64,0.00,68.42,0.00,-1891.96,-191.59,51.46,2.96,30.47,0.00,5.83,0.00,-26.34,1.54,5.83,-0.11
-2249.92,0.00,71.39,0.00,-1906.44,-189.25,54.31,2.90,31.14,0.00,5.83,0.00,-32.19,7.53,5.83,-0.13
-2233.84,0.00,74.37,0.00,-1925.61,-183.03,57.49,2.83,31.78,0.00,5.83,0.00,-37.45,14.68,5.83,-0.12
-2216.83,0.00,77.46,0.00,-1946.82,-173.15,60.60,2.77,32.41,0.00,5.83,0.00,-41.42,21.56,5.83,-0.11
-2203.16,0.00,79.90,0.00,-1969.42,-161.09,63.56,2.73,32.88,0.00,5.83,0.00,-46.96,25.34,5.83,-0.05
-2188.56,0.00,82.47,0.00,-1996.96,-147.36,66.78,2.73,33.36,0.00,5.83,0.00,-52.63,24.19,5.83,0.06
-2172.99,0.00,85.17,0.00,-2023.38,-136.60,69.56,2.77,33.84,0.00,5.83,0.00,-57.65,21.03,5.83,0.09
-2156.57,0.00,87.98,0.00,-2054.74,-125.86,72.58,2.80,34.31,0.00,5.83,0.00,-62.67,20.64,5.83,0.04
-2139.37,0.00,90.88,0.00,-2084.67,-115.39,75.34,2.80,34.78,0.00,5.83,0.00,-63.78,23.83,5.83,-0.05
-2123.00,0.00,93.61,0.00,-2113.91,-103.24,78.01,2.77,35.19,0.00,5.83,0.00,-63.54,28.76,5.83,-0.09
-2104.82,0.00,96.60,0.00,-2146.10,-86.99,80.99,2.72,35.62,0.00,5.83,0.00,-62.51,34.23,5.83,-0.09
-2085.45,0.00,99.75,0.00,-2179.36,-67.82,84.25,2.68,36.04,0.00,5.83,0.00,-57.33,34.19,5.83,-0.05
-2069.69,0.00,102.29,0.00,-2216.24,-43.64,88.03,2.63,36.37,0.00,5.83,0.00,-56.43,39.99,5.83,-0.09
-2051.41,0.00,105.20,0.00,-2245.59,-20.55,91.33,2.57,36.72,0.00,5.83,0.00,-48.09,41.22,5.83,-0.11
-2033.32,0.00,108.06,0.00,-2265.66,-1.07,94.03,2.51,37.05,0.00,5.83,0.00,-39.57,42.72,5.83,-0.14
-2014.20,0.00,111.06,0.00,-2282.53,20.68,96.95,2.43,37.38,0.00,5.83,0.00,-29.03,43.77,5.83,-0.17
-1995.66,0.00,113.94,0.00,-2293.72,40.84,99.65,2.35,37.67,0.00,5.83,0.00,-20.33,43.08,5.83,-0.18
-1976.60,0.00,116.88,0.00,-2301.76,63.30,102.77,2.25,37.95,0.00,5.83,0.00,-10.83,40.92,5.83,-0.20
-1958.55,0.00,119.64,0.00,-2305.08,85.39,106.08,2.14,38.20,0.00,5.83,0.00,-1.96,37.20,5.83,-0.21
-1936.36,0.00,123.02,0.00,-2304.26,102.25,108.89,2.04,38.49,0.00,5.83,0.00,4.58,33.10,5.83,-0.22
-1917.59,0.00,125.85,0.00,-2300.42,117.23,111.76,1.93,38.71,0.00,5.83,0.00,10.31,28.17,5.83,-0.22
-1897.81,0.00,128.82,0.00,-2293.60,130.23,114.79,1.81,38.94,0.00,5.83,0.00,15.25,22.27,5.83,-0.24
-1882.67,0.00,131.08,0.00,-2285.21,139.47,117.63,1.69,39.10,0.00,5.83,0.00,18.76,16.23,5.83,-0.25
-1861.18,0.00,134.28,0.00,-2275.24,145.74,120.52,1.57,39.31,0.00,5.83,0.00,21.10,9.70,5.83,-0.26
-1840.11,0.00,137.40,0.00,-2263.79,148.78,123.58,1.43,39.51,0.00,5.83,0.00,22.15,2.54,5.83,-0.27
-1818.15,0.00,140.63,0.00,-2252.68,148.16,126.53,1.29,39.70,0.00,5.83,0.00,21.66,-4.33,5.83,-0.29
-1797.56,0.00,143.65,0.00,-2241.12,143.44,129.82,1.12,39.86,0.00,5.83,0.00,19.21,-11.60,5.83,-0.30
-1780.86,0.00,146.09,0.00,-2231.40,134.69,133.22,0.95,39.99,0.00,5.83,0.00,14.34,-17.49,5.83,-0.28
-1759.89,0.00,149.14,0.00,-2225.12,123.70,136.50,0.80,40.14,0.00,5.83,0.00,8.59,-21.10,5.83,-0.25
-1739.74,0.00,152.06,0.00,-2222.43,113.79,139.12,0.69,40.27,0.00,5.83,0.00,3.83,-22.70,5.83,-0.23
-1716.13,0.00,155.48,0.00,-2222.03,101.10,142.31,0.58,40.42,0.00,5.83,0.00,-1.73,-23.47,5.83,-0.21
-1696.05,0.00,158.37,0.00,-2224.13,89.65,145.17,0.48,40.53,0.00,5.83,0.00,-6.32,-23.27,5.83,-0.19
-1676.14,0.00,161.23,0.00,-2227.85,79.54,147.75,0.39,40.64,0.00,5.83,0.00,-10.07,-22.53,5.83,-0.18
-1655.31,0.00,164.22,0.00,-2233.40,69.42,150.44,0.31,40.75,0.00,5.83,0.00,-13.56,-21.33,5.83,-0.17
-1631.37,0.00,167.64,0.00,-2240.65,59.75,153.21,0.23,40.86,0.00,5.83,0.00,-16.61,-19.63,5.83,-0.16
-1611.34,0.00,170.49,0.00,-2247.08,50.38,156.33,0.14,40.94,0.00,5.83,0.00,-8.25,-16.18,5.83,-0.17
-1593.63,0.00,173.01,0.00,-2248.95,42.22,159.44,0.05,41.02,0.00,5.83,0.00,0.37,-14.93,5.83,-0.19
-1572.72,0.00,175.98,0.00,-2246.76,34.98,162.24,-0.04,41.10,0.00,5.83,0.00,7.97,-15.40,5.83,-0.19
-1550.85,0.00,179.08,0.00,-2239.12,27.04,165.39,-0.12,41.18,0.00,5.83,0.00,19.25,-14.34,5.83,-0.10
-1525.36,0.00,182.69,0.00,-2229.48,21.71,167.78,-0.14,41.26,0.00,5.83,0.00,27.20,-12.02,5.83,0.00
-1505.14,0.00,185.55,0.00,-2211.83,16.25,170.90,-0.11,41.32,0.00,5.83,0.00,37.70,-8.52,5.83,0.09
-1486.80,0.00,188.13,0.00,-2189.31,13.10,173.95,-0.06,41.38,0.00,5.83,0.00,47.32,-3.85,5.83,0.11
-1462.79,0.00,191.52,0.00,-2164.80,12.54,176.71,-0.01,41.44,0.00,5.83,0.00,55.15,1.09,5.83,0.11
-1442.40,0.00,194.38,0.00,-2137.19,13.61,179.41,0.03,41.49,0.00,5.83,0.00,63.34,3.18,5.83,0.05
-1422.25,0.00,197.21,0.00,-2107.10,14.63,182.04,0.03,41.54,0.00,5.83,0.00,69.37,1.10,5.83,-0.04
-1401.98,0.00,200.06,0.00,-2072.68,14.00,184.81,-0.00,41.59,0.00,5.83,0.00,74.85,-3.56,5.83,-0.09
-1383.60,0.00,202.64,0.00,-2040.41,12.08,187.23,-0.03,41.62,0.00,5.83,0.00,80.19,-5.34,5.83,-0.04
-1362.54,0.00,205.58,0.00,-2003.10,9.37,189.85,-0.04,41.67,0.00,5.83,0.00,85.30,-6.56,5.83,-0.03
-1343.97,0.00,208.18,0.00,-1960.49,5.91,192.68,-0.06,41.70,0.00,5.83,0.00,90.05,-7.57,5.83,-0.02
-1326.16,0.00,210.67,0.00,-1914.85,2.99,195.58,-0.04,41.73,0.00,5.83,0.00,92.94,-3.86,5.83,0.07
-1304.83,0.00,213.65,0.00,-1861.12,2.94,198.90,-0.00,41.76,0.00,5.83,0.00,95.58,3.09,5.83,0.08
-1281.01,0.00,216.98,0.00,-1813.47,5.15,201.75,0.03,41.80,0.00,5.83,0.00,98.55,5.38,5.83,0.04
-1264.31,0.00,219.31,0.00,-1766.06,8.03,204.53,0.04,41.82,0.00,5.83,0.00,100.73,6.55,5.83,0.02
-1238.40,0.00,222.92,0.00,-1714.21,10.45,207.52,0.03,41.86,0.00,5.83,0.00,101.41,2.55,5.83,-0.06
-1219.91,0.00,225.50,0.00,-1654.72,9.58,210.94,-0.02,41.88,0.00,5.83,0.00,101.48,-4.87,5.83,-0.08
-1198.81,0.00,228.43,0.00,-1607.06,6.66,213.66,-0.04,41.91,0.00,5.83,0.00,102.61,-7.07,5.83,-0.03
-1176.49,0.00,231.54,0.00,-1546.77,2.06,217.07,-0.06,41.93,0.00,5.83,0.00,103.63,-8.40,5.83,-0.02
-1156.99,0.00,234.25,0.00,-1493.60,-1.26,220.07,-0.04,41.95,0.00,5.83,0.00,102.88,-4.18,5.83,0.07
-1134.48,0.00,237.38,0.00,-1429.66,-1.13,223.72,0.00,41.97,0.00,5.83,0.00,101.70,3.82,5.83,0.08
-1117.47,0.00,239.74,0.00,-1377.88,1.54,226.69,0.03,41.99,0.00,5.83,0.00,101.85,6.08,5.83,0.03
-1099.61,0.00,242.22,0.00,-1326.27,4.94,229.65,0.04,42.00,0.00,5.83,0.00,101.76,7.13,5.83,0.02
-1079.10,0.00,245.07,0.00,-1275.85,7.57,232.56,0.03,42.02,0.00,5.83,0.00,100.23,3.11,5.83,-0.06
-1056.47,0.00,248.21,0.00,-1218.91,7.08,235.91,-0.01,42.04,0.00,5.83,0.00,98.36,-4.16,5.83,-0.08
-1019.40,0.00,252.99,0.00,-1218.91,7.08,235.91,-0.01,42.06,0.00,4.33,0.00,98.36,-4.16,5.83,-0.08
-996.60,0.00,254.88,0.00,-1167.28,4.11,238.97,-0.04,42.07,0.00,2.83,0.00,98.14,-6.50,5.83,-0.03
-975.39,0.00,255.97,0.00,-1112.08,0.06,242.26,-0.05,42.09,0.00,1.66,0.00,97.75,-7.66,5.83,-0.02
-954.83,0.00,256.50,0.00,-1068.28,-2.67,244.90,-0.04,42.10,0.00,0.64,0.00,96.18,-4.18,5.83,0.06
-930.93,0.00,256.51,0.00,-1023.11,-3.15,247.66,-0.01,42.11,0.00,-0.50,0.00,94.54,1.66,5.83,0.08
-910.31,0.00,256.01,0.00,-976.30,-1.34,250.68,0.02,42.12,0.00,-1.45,0.00,87.37,4.68,5.83,0.05
-910.31,0.00,256.01,0.00,-904.60,3.22,255.78,0.04,42.12,0.00,-1.45,0.00,77.38,5.88,5.83,0.03
-888.74,0.00,255.00,0.00,-868.61,6.36,258.13,0.06,42.13,0.00,-2.37,0.00,72.68,7.06,4.15,0.03
-871.71,0.00,253.90,0.00,-834.76,10.08,259.76,0.08,42.14,0.00,-3.01,0.00,68.44,8.28,2.83,0.04
-851.19,0.00,252.25,0.00,-799.49,14.89,260.90,0.10,42.14,0.00,-3.67,0.00,64.16,9.57,1.59,0.04
-804.72,0.00,247.55,0.00,-799.49,14.89,260.90,0.10,42.16,0.00,-4.71,0.00,64.16,9.57,1.59,0.04
-804.72,0.00,247.55,0.00,-739.20,25.59,261.41,0.14,42.16,0.00,-4.71,0.00,57.18,11.70,-0.44,0.04
-784.87,0.00,245.71,0.00,-711.04,31.80,260.91,0.16,42.17,0.00,-3.31,0.00,54.03,12.64,-1.43,0.04
-760.03,0.00,244.23,0.00,-688.37,37.42,260.11,0.18,42.17,0.00,-1.89,0.00,51.55,13.38,-2.21,0.04
-737.25,0.00,243.56,0.00,-664.27,44.05,258.83,0.20,42.18,0.00,-0.74,0.00,48.94,14.14,-2.99,0.05
-714.98,0.00,243.47,0.00,-637.30,52.37,256.88,0.23,42.18,0.00,0.32,0.00,46.05,14.95,-3.75,0.05
-693.46,0.00,243.92,0.00,-616.45,59.48,255.01,0.25,42.19,0.00,1.32,0.00,43.83,15.56,-4.25,0.05
-675.54,0.00,244.66,0.00,-592.91,68.32,252.51,0.28,42.19,0.00,2.10,0.00,41.34,16.23,-4.70,0.05
-652.22,0.00,246.10,0.00,-573.87,76.14,250.20,0.30,42.20,0.00,2.99,0.00,39.33,16.74,-5.00,0.05
-631.28,0.00,247.77,0.00,-557.87,83.21,248.07,0.32,42.20,0.00,3.67,0.00,37.63,17.16,-5.20,0.05
-610.05,0.00,249.78,0.00,-544.57,89.47,246.44,0.34,42.21,0.00,4.22,0.00,36.22,17.49,-4.01,0.05
-589.91,0.00,251.90,0.00,-528.87,97.98,244.92,0.37,42.21,0.00,4.62,0.00,32.64,19.52,-2.78,0.10
-566.90,0.00,253.93,0.00,-514.01,108.07,243.87,0.43,42.21,0.00,3.05,0.00,28.70,21.55,-1.65,0.11
-540.84,0.00,255.30,0.00,-499.57,120.44,243.31,0.49,42.22,0.00,1.60,0.00,24.34,23.20,-0.51,0.12
-518.13,0.00,255.83,0.00,-489.01,131.64,243.32,0.55,42.22,0.00,0.48,0.00,20.74,24.09,0.44,0.12
-499.27,0.00,255.83,0.00,-479.59,143.93,243.82,0.61,42.22,0.00,-0.41,0.00,17.06,24.58,1.42,0.13
-479.98,0.00,255.41,0.00,-471.70,156.87,244.84,0.68,42.23,0.00,-1.31,0.00,13.39,24.66,2.36,0.13
-457.37,0.00,254.42,0.00,-465.68,169.76,246.32,0.75,42.23,0.00,-2.28,0.00,9.89,24.37,3.18,0.13
-435.14,0.00,252.98,0.00,-461.48,182.30,248.17,0.82,42.23,0.00,-3.11,0.00,6.59,23.75,3.85,0.14
-412.09,0.00,251.06,0.00,-459.02,193.95,250.24,0.88,42.23,0.00,-3.82,0.00,3.60,22.88,4.35,0.14
-392.20,0.00,249.13,0.00,-458.02,204.33,252.37,0.95,42.23,0.00,-4.31,0.00,0.96,21.83,4.72,0.14
-370.64,0.00,247.35,0.00,-458.33,215.41,254.38,1.02,42.24,0.00,-2.88,0.00,-1.82,20.40,3.17,0.14
-350.63,0.00,246.27,0.00,-459.94,225.26,255.64,1.10,42.24,0.00,-1.78,0.00,-4.28,18.78,1.96,0.15
-326.44,0.00,245.64,0.00,-462.41,233.40,256.28,1.17,42.24,0.00,-0.58,0.00,-6.31,17.13,0.98,0.15
-305.35,0.00,245.63,0.00,-466.55,242.16,256.49,1.25,42.24,0.00,0.42,0.00,-8.50,14.91,-0.13,0.16
-280.55,0.00,246.25,0.00,-470.89,248.52,256.20,1.32,42.24,0.00,1.56,0.00,-10.10,12.87,-1.04,0.16
-260.90,0.00,247.19,0.00,-474.74,252.82,255.69,1.38,42.24,0.00,2.39,0.00,-11.19,11.18,-1.72,0.16
-239.17,0.00,248.65,0.00,-480.07,257.31,254.72,1.46,42.25,0.00,3.19,0.00,-12.33,8.95,-2.50,0.17
-213.70,0.00,250.83,0.00,-488.23,261.79,252.81,1.56,42.25,0.00,3.95,0.00,-13.49,5.66,-3.44,0.17
-196.81,0.00,252.17,0.00,-494.47,263.74,251.12,1.64,42.25,0.00,2.87,0.00,-13.99,3.18,-3.98,0.18
-175.96,0.00,253.26,0.00,-501.56,264.56,249.50,1.73,42.25,0.00,1.72,0.00,-14.19,0.36,-2.64,0.18
-153.78,0.00,253.84,0.00,-508.81,263.93,248.48,1.83,42.25,0.00,0.62,0.00,-13.99,-2.55,-1.48,0.19
-133.20,0.00,253.88,0.00,-516.59,261.45,248.01,1.94,42.25,0.00,-0.36,0.00,-13.24,-5.79,-0.30,0.20
-109.66,0.00,253.35,0.00,-522.94,257.78,248.14,2.04,42.25,0.00,-1.45,0.00,-12.02,-8.48,0.70,0.20
-88.54,0.00,252.37,0.00,-528.32,253.07,248.73,2.14,42.25,0.00,-2.34,0.00,-10.40,-10.78,1.63,0.19
-69.73,0.00,251.16,0.00,-533.19,246.75,249.86,2.24,42.25,0.00,-3.05,0.00,-8.25,-12.94,2.55,0.19
-46.71,0.00,249.27,0.00,-536.90,239.26,251.47,2.33,42.25,0.00,-3.77,0.00,-5.77,-14.72,3.35,0.18
-24.66,0.00,247.71,0.00,-539.19,231.10,252.86,2.43,42.25,0.00,-2.42,0.00,-3.14,-16.04,2.06,0.17
-1.51,0.00,246.75,0.00,-540.02,223.68,253.54,2.50,42.25,0.00,-1.21,0.00,-0.80,-16.85,1.09,0.17
17.16,0.00,246.44,0.00,-539.72,215.30,253.80,2.59,42.25,0.00,-0.30,0.00,1.79,-17.40,0.10,0.17
40.69,0.00,246.61,0.00,-537.73,205.24,253.50,2.68,42.26,0.00,0.81,0.00,4.83,-17.63,-1.04,0.16
63.05,0.00,247.34,0.00,-534.83,196.98,252.79,2.75,42.26,0.00,1.81,0.00,7.28,-17.51,-1.92,0.16
86.43,0.00,248.63,0.00,-531.20,189.55,251.79,2.82,42.26,0.00,2.75,0.00,9.45,-17.17,-2.64,0.15
86.43,0.00,248.63,0.00,-519.69,173.63,248.53,2.97,42.26,0.00,2.75,0.00,14.06,-15.68,-3.95,0.15
107.99,0.00,250.25,0.00,-510.77,164.99,246.75,3.05,42.26,0.00,3.48,0.00,16.56,-14.37,-2.43,0.15
153.39,0.00,252.52,0.00,-510.77,164.99,246.75,3.05,42.26,0.00,0.99,0.00,16.56,-14.37,-2.43,0.15
153.39,0.00,252.52,0.00,-494.15,153.20,245.50,3.18,42.26,0.00,0.99,0.00,20.01,-11.79,-0.49,0.14
173.81,0.00,252.73,0.00,-484.86,148.30,245.50,3.25,42.26,0.00,0.01,0.00,21.48,-10.31,0.40,0.14
196.72,0.00,252.41,0.00,-475.66,144.36,245.85,3.31,42.26,0.00,-1.07,0.00,22.72,-8.84,1.21,0.14
218.19,0.00,251.61,0.00,-462.19,139.36,246.76,3.41,42.26,0.00,-2.01,0.00,28.30,-9.44,2.17,0.23
241.37,0.00,250.22,0.00,-442.84,134.65,248.44,3.55,42.26,0.00,-2.92,0.00,33.82,-5.73,3.15,0.22
260.79,0.00,248.72,0.00,-424.70,133.06,250.23,3.66,42.26,0.00,-3.56,0.00,36.89,-0.87,3.81,0.21
281.40,0.00,247.32,0.00,-407.22,133.90,251.68,3.75,42.26,0.00,-2.32,0.00,38.55,4.06,2.60,0.20
300.66,0.00,246.52,0.00,-386.63,137.71,252.69,3.85,42.26,0.00,-1.31,0.00,39.34,9.79,1.41,0.19
321.21,0.00,246.15,0.00,-367.84,143.73,253.11,3.94,42.26,0.00,-0.32,0.00,39.15,14.84,0.42,0.19
343.58,0.00,246.29,0.00,-349.21,152.16,253.06,4.03,42.26,0.00,0.74,0.00,38.23,19.62,-0.54,0.18
362.70,0.00,246.84,0.00,-329.13,164.20,252.45,4.13,42.26,0.00,1.61,0.00,36.49,24.53,-1.58,0.18
384.28,0.00,247.92,0.00,-314.09,175.42,251.61,4.20,42.26,0.00,2.50,0.00,34.64,28.02,-2.33,0.17
403.54,0.00,249.24,0.00,-297.06,190.88,250.18,4.29,42.26,0.00,3.20,0.00,32.01,31.78,-3.14,0.17
425.55,0.00,251.10,0.00,-280.34,209.53,248.85,4.38,42.26,0.00,3.86,0.00,28.77,35.25,-1.82,0.17
445.05,0.00,252.56,0.00,-267.33,227.17,248.25,4.46,42.26,0.00,2.64,0.00,25.67,37.77,-0.80,0.16
467.13,0.00,253.60,0.00,-256.02,245.57,248.12,4.54,42.26,0.00,1.46,0.00,22.48,39.82,0.15,0.16
490.66,0.00,254.06,0.00,-246.69,263.88,248.40,4.61,42.26,0.00,0.31,0.00,19.35,41.38,1.04,0.16
512.72,0.00,253.92,0.00,-238.55,283.40,249.11,4.68,42.26,0.00,-0.73,0.00,16.08,42.62,1.91,0.15
534.44,0.00,253.26,0.00,-231.00,306.78,250.42,4.76,42.26,0.00,-1.71,0.00,12.27,43.63,2.82,0.15
555.25,0.00,252.18,0.00,-226.23,326.75,251.87,4.83,42.26,0.00,-2.57,0.00,9.07,44.12,3.46,0.15
576.59,0.00,250.67,0.00,-222.69,348.51,253.23,4.90,42.26,0.00,-3.32,0.00,5.69,44.34,2.24,0.15
599.41,0.00,248.68,0.00,-220.68,373.11,254.10,4.98,42.26,0.00,-3.98,0.00,1.99,44.22,1.03,0.14
616.55,0.00,247.31,0.00,-220.50,392.55,254.33,5.04,42.26,0.00,-2.88,0.00,-0.87,43.85,0.13,0.14
639.16,0.00,246.14,0.00,-221.38,409.74,254.21,5.10,42.26,0.00,-1.64,0.00,-3.32,43.35,-0.65,0.14
664.99,0.00,245.57,0.00,-223.70,430.13,253.66,5.16,42.26,0.00,-0.37,0.00,-6.13,42.58,-1.57,0.14
684.12,0.00,245.63,0.00,-227.99,453.08,252.51,5.24,42.26,0.00,0.53,0.00,-9.20,41.43,-2.53,0.13
705.39,0.00,246.17,0.00,-233.74,474.84,250.91,5.31,42.26,0.00,1.51,0.00,-12.00,40.13,-3.33,0.13
728.42,0.00,247.29,0.00,-241.21,496.57,248.86,5.38,42.26,0.00,2.47,0.00,-14.70,38.58,-4.01,0.13
751.62,0.00,248.90,0.00,-248.02,513.94,247.26,5.45,42.26,0.00,3.31,0.00,-13.12,32.96,-2.69,0.13
773.08,0.00,250.76,0.00,-254.44,530.00,246.18,5.52,42.26,0.00,3.93,0.00,-11.04,27.79,-1.47,0.14
798.51,0.00,252.59,0.00,-259.91,544.24,245.72,5.60,42.26,0.00,2.36,0.00,-8.53,23.22,-0.31,0.14
819.07,0.00,253.45,0.00,-263.22,553.93,245.80,5.66,42.26,0.00,1.29,0.00,-6.32,20.14,0.59,0.15
837.64,0.00,253.79,0.00,-265.64,563.11,246.36,5.74,42.26,0.00,0.39,0.00,-3.68,17.31,1.55,0.15
857.81,0.00,253.73,0.00,-266.57,569.40,247.19,5.79,42.26,0.00,-0.57,0.00,-0.85,13.09,2.30,0.10
877.84,0.00,253.22,0.00,-266.51,574.42,248.58,5.81,42.26,0.00,-1.49,0.00,1.12,7.58,3.10,-0.01
896.13,0.00,252.39,0.00,-265.29,576.83,250.25,5.79,42.26,0.00,-2.27,0.00,3.67,2.86,3.74,-0.10
919.42,0.00,250.87,0.00,-262.51,576.79,252.44,5.72,42.26,0.00,-3.13,0.00,6.31,-2.49,4.31,-0.16
939.48,0.00,249.21,0.00,-257.86,575.33,254.22,5.67,42.26,0.00,-3.76,0.00,11.38,-3.18,2.88,-0.02
955.61,0.00,247.99,0.00,-250.48,573.57,255.37,5.69,42.26,0.00,-2.75,0.00,16.48,-3.44,1.67,0.08
979.29,0.00,246.86,0.00,-241.62,572.03,255.90,5.74,42.26,0.00,-1.47,0.00,20.89,-3.09,0.69,0.13
997.06,0.00,246.44,0.00,-227.55,570.51,255.92,5.82,42.26,0.00,-0.60,0.00,26.06,-2.09,-0.49,0.14
1020.20,0.00,246.45,0.00,-215.00,568.56,255.46,5.85,42.26,0.00,0.50,0.00,27.92,-6.02,-1.40,0.01
1039.16,0.00,246.89,0.00,-198.06,563.28,254.31,5.83,42.26,0.00,1.37,0.00,30.13,-11.80,-2.44,-0.09
1063.64,0.00,248.02,0.00,-182.66,555.85,252.88,5.78,42.26,0.00,2.41,0.00,31.28,-17.45,-3.20,-0.12
1081.96,0.00,249.23,0.00,-166.69,546.40,251.16,5.74,42.26,0.00,3.09,0.00,34.55,-21.17,-3.82,-0.06
1103.41,0.00,250.99,0.00,-149.50,536.48,249.23,5.73,42.26,0.00,3.76,0.00,38.20,-20.71,-4.31,0.04
1128.42,0.00,252.70,0.00,-130.03,527.03,247.53,5.77,42.26,0.00,2.24,0.00,42.44,-18.65,-2.96,0.10
1150.05,0.00,253.53,0.00,-108.02,518.60,246.39,5.82,42.26,0.00,1.13,0.00,46.54,-15.88,-1.80,0.11
1172.87,0.00,253.81,0.00,-85.27,511.00,245.80,5.85,42.26,0.00,0.03,0.00,50.11,-16.59,-0.81,0.05
1193.35,0.00,253.57,0.00,-59.83,502.60,245.67,5.88,42.26,0.00,-0.93,0.00,53.49,-17.62,0.17,0.04
1216.64,0.00,252.74,0.00,-32.08,493.47,246.03,5.89,42.26,0.00,-1.97,0.00,56.67,-18.66,1.16,0.03
1237.37,0.00,251.55,0.00,-4.43,483.47,246.84,5.88,42.26,0.00,-2.79,0.00,56.83,-22.42,2.06,-0.06
1254.65,0.00,250.27,0.00,28.32,469.86,248.29,5.86,42.26,0.00,-3.38,0.00,59.17,-25.40,2.98,-0.04
1273.80,0.00,248.60,0.00,59.19,456.25,250.02,5.84,42.26,0.00,-3.93,0.00,61.17,-27.51,3.67,-0.02
1292.67,0.00,247.15,0.00,89.92,442.16,251.99,5.83,42.26,0.00,-2.74,0.00,62.94,-29.25,4.21,-0.02
1314.73,0.00,246.07,0.00,117.43,430.00,253.51,5.84,42.26,0.00,-1.54,0.00,64.62,-27.01,3.01,0.06
1337.23,0.00,245.57,0.00,152.65,416.88,254.74,5.88,42.26,0.00,-0.44,0.00,67.12,-22.51,1.75,0.09
1361.34,0.00,245.68,0.00,186.14,406.05,255.32,5.91,42.26,0.00,0.70,0.00,69.30,-21.94,0.72,0.04
1380.26,0.00,246.21,0.00,222.71,394.65,255.40,5.93,42.26,0.00,1.56,0.00,71.18,-21.97,-0.32,0.03
1402.07,0.00,247.27,0.00,264.72,381.82,254.84,5.94,42.26,0.00,2.47,0.00,73.00,-22.15,-1.46,0.02
1422.83,0.00,248.70,0.00,300.99,370.88,253.89,5.95,42.26,0.00,3.22,0.00,74.34,-22.31,-2.34,0.02
1446.59,0.00,250.74,0.00,337.01,359.14,252.53,5.94,42.26,0.00,3.93,0.00,72.88,-25.80,-3.11,-0.07
1467.78,0.00,252.33,0.00,378.37,342.29,250.49,5.89,42.26,0.00,2.60,0.00,70.19,-31.91,-3.85,-0.09
1485.88,0.00,253.21,0.00,414.75,324.98,248.89,5.86,42.26,0.00,1.62,0.00,70.46,-34.40,-2.50,-0.04
1524.36,0.00,253.78,0.00,414.75,324.98,248.89,5.86,42.26,0.00,-0.24,0.00,70.46,-34.40,-2.50,-0.04
1524.36,0.00,253.78,0.00,478.33,297.17,247.59,5.89,42.26,0.00,-0.24,0.00,72.86,-27.19,-0.58,0.09
1546.51,0.00,253.36,0.00,514.75,285.23,247.57,5.94,42.26,0.00,-1.27,0.00,74.47,-21.77,0.41,0.09
1562.43,0.00,252.73,0.00,555.20,274.02,248.10,5.97,42.26,0.00,-1.97,0.00,76.16,-20.46,1.46,0.04
1599.61,0.00,250.33,0.00,555.20,274.02,248.10,5.97,42.26,0.00,-3.35,0.00,76.16,-20.46,1.46,0.04
1618.87,0.00,248.66,0.00,594.69,263.64,249.12,5.99,42.26,0.00,-3.91,0.00,77.39,-20.03,2.38,0.03
1638.26,0.00,247.18,0.00,631.29,254.29,249.96,6.00,42.26,0.00,-2.69,0.00,78.34,-19.83,1.33,0.02
1657.37,0.00,246.23,0.00,672.16,244.05,250.34,6.00,42.26,0.00,-1.65,0.00,79.26,-19.69,0.27,0.02
1680.22,0.00,245.67,0.00,707.23,235.41,250.25,6.01,42.26,0.00,-0.53,0.00,79.95,-19.59,-0.61,0.01
1698.60,0.00,245.65,0.00,744.52,226.33,249.74,6.02,42.26,0.00,0.34,0.00,80.59,-19.51,-1.50,0.01
1720.02,0.00,246.10,0.00,783.07,217.06,248.80,6.02,42.26,0.00,1.34,0.00,81.18,-19.43,-2.36,0.01
1739.05,0.00,246.91,0.00,820.06,208.21,247.60,6.03,42.26,0.00,2.16,0.00,87.80,-20.98,-3.04,0.01
1760.95,0.00,248.27,0.00,864.91,197.52,245.93,6.03,42.26,0.00,2.99,0.00,94.23,-22.42,-3.70,0.01
1780.96,0.00,249.86,0.00,918.32,184.85,244.33,6.03,42.26,0.00,3.64,0.00,100.17,-23.70,-2.30,0.01
1802.56,0.00,251.89,0.00,975.65,171.34,243.43,6.04,42.26,0.00,4.20,0.00,104.96,-24.66,-1.08,0.01
1825.81,0.00,253.73,0.00,1026.09,159.53,243.17,6.04,42.26,0.00,2.70,0.00,108.11,-25.25,-0.12,0.01
1844.81,0.00,254.68,0.00,1086.49,145.48,243.43,6.04,42.26,0.00,1.67,0.00,110.97,-25.73,0.97,0.00
1865.11,0.00,255.22,0.00,1139.91,133.14,244.14,6.05,42.26,0.00,0.66,0.00,112.73,-25.97,1.87,0.00
1884.83,0.00,255.29,0.00,1188.29,122.03,245.11,6.05,42.26,0.00,-0.27,0.00,113.86,-26.08,2.60,0.00
1905.90,0.00,254.88,0.00,1237.98,110.68,246.40,6.05,42.26,0.00,-1.25,0.00,114.65,-26.12,3.25,0.00
1926.87,0.00,254.01,0.00,1299.09,96.81,248.33,6.05,42.26,0.00,-2.16,0.00,115.24,-26.08,3.92,0.00
1946.52,0.00,252.80,0.00,1356.02,83.97,250.40,6.05,42.26,0.00,-2.92,0.00,115.39,-25.96,4.41,0.00
1965.51,0.00,251.33,0.00,1418.67,69.92,252.92,6.05,42.26,0.00,-3.54,0.00,115.24,-25.76,4.82,0.00
1987.98,0.00,249.27,0.00,1470.78,58.31,254.75,6.06,42.26,0.00,-4.15,0.00,114.85,-25.53,3.44,0.00
2012.22,0.00,247.39,0.00,1530.71,46.33,256.17,6.08,42.26,0.00,-2.60,0.00,113.79,-20.07,2.14,0.07
2030.87,0.00,246.49,0.00,1579.86,38.95,256.87,6.11,42.26,0.00,-1.60,0.00,112.95,-14.56,1.20,0.08
2051.90,0.00,245.98,0.00,1636.18,32.29,257.18,6.13,42.26,0.00,-0.56,0.00,112.65,-12.68,0.18,0.03
2074.30,0.00,246.00,0.00,1693.50,26.08,256.99,6.15,42.26,0.00,0.50,0.00,112.04,-11.81,-0.84,0.02
2095.72,0.00,246.53,0.00,1760.66,19.21,256.10,6.16,42.26,0.00,1.48,0.00,111.12,-11.11,-1.97,0.01
2117.03,0.00,247.53,0.00,1813.19,14.06,254.95,6.16,42.26,0.00,2.38,0.00,110.20,-10.66,-2.77,0.01
2134.08,0.00,248.63,0.00,1871.78,8.49,253.24,6.17,42.26,0.00,3.02,0.00,109.08,-10.20,-3.53,0.01
2155.67,0.00,250.38,0.00,1928.80,3.25,251.20,6.17,42.26,0.00,3.71,0.00,107.84,-9.79,-4.13,0.01
2174.39,0.00,251.73,0.00,1984.68,-1.75,248.91,6.18,42.26,0.00,2.56,0.00,106.54,-9.41,-4.59,0.01
2196.27,0.00,252.72,0.00,2047.97,-5.53,246.73,6.21,42.26,0.00,1.39,0.00,103.60,-3.13,-2.87,0.08
2219.38,0.00,253.14,0.00,2103.87,-5.32,245.55,6.25,42.26,0.00,0.27,0.00,100.99,3.14,-1.60,0.08
2242.37,0.00,252.96,0.00,2154.76,-2.27,245.03,6.29,42.26,0.00,-0.81,0.00,98.43,8.15,-0.54,0.08
2263.90,0.00,252.27,0.00,2210.41,2.76,245.08,6.32,42.26,0.00,-1.78,0.00,97.42,9.16,0.60,0.03
2282.51,0.00,251.30,0.00,2250.13,6.77,245.53,6.34,42.26,0.00,-2.55,0.00,91.09,9.75,1.42,0.03
2304.69,0.00,249.73,0.00,2294.20,11.92,246.50,6.35,42.26,0.00,-3.33,0.00,84.45,10.59,2.33,0.04
2321.06,0.00,248.65,0.00,2334.55,17.41,247.87,6.37,42.26,0.00,-2.37,0.00,78.69,11.45,3.11,0.04
2340.71,0.00,247.81,0.00,2370.25,22.68,249.03,6.38,42.26,0.00,-1.34,0.00,74.00,10.91,1.98,0.01
2362.73,0.00,247.43,0.00,2410.15,28.40,249.77,6.38,42.26,0.00,-0.27,0.00,69.16,9.55,0.79,-0.01
2381.70,0.00,247.53,0.00,2439.70,32.25,249.90,6.38,42.26,0.00,0.63,0.00,65.84,8.10,-0.09,-0.03
2405.08,0.00,248.20,0.00,2475.51,36.15,249.50,6.36,42.26,0.00,1.69,0.00,62.03,5.99,-1.20,-0.04
2424.46,0.00,249.18,0.00,2505.97,38.64,248.63,6.34,42.26,0.00,2.49,0.00,58.94,4.06,-2.13,-0.04
2446.61,0.00,250.72,0.00,2534.33,40.15,247.88,6.32,42.26,0.00,3.29,0.00,56.15,2.22,-1.06,-0.04
2465.29,0.00,251.91,0.00,2565.78,40.77,247.63,6.29,42.26,0.00,2.20,0.00,53.13,0.17,0.10,-0.04
2482.45,0.00,252.60,0.00,2589.56,40.46,247.91,6.27,42.26,0.00,1.31,0.00,50.89,-1.37,1.01,-0.05
2506.07,0.00,252.98,0.00,2613.02,39.42,248.62,6.25,42.26,0.00,0.17,0.00,48.71,-2.86,1.90,-0.05
2526.73,0.00,252.79,0.00,2637.64,37.50,249.86,6.23,42.26,0.00,-0.81,0.00,46.43,-4.40,2.77,-0.05
2545.24,0.00,252.24,0.00,2661.98,34.69,251.59,6.20,42.26,0.00,-1.65,0.00,44.19,-5.87,3.54,-0.05
2569.12,0.00,251.00,0.00,2682.15,31.64,252.93,6.18,42.26,0.00,-2.63,0.00,42.34,-7.04,2.36,-0.05
2593.22,0.00,249.23,0.00,2701.99,27.97,253.78,6.16,42.26,0.00,-3.46,0.00,40.51,-8.15,1.29,-0.05
2612.76,0.00,247.93,0.00,2723.13,23.26,254.15,6.13,42.26,0.00,-2.30,0.00,38.55,-9.28,0.20,-0.05
2633.59,0.00,247.10,0.00,2744.19,17.70,253.91,6.10,42.26,0.00,-1.22,0.00,36.59,-10.36,-0.92,-0.05
2656.42,0.00,246.77,0.00,2759.61,13.06,253.32,6.08,42.26,0.00,-0.12,0.00,35.14,-11.11,-1.74,-0.05
2675.15,0.00,246.93,0.00,2774.92,7.93,252.35,6.06,42.26,0.00,0.77,0.00,33.68,-11.82,-2.51,-0.05
2694.72,0.00,247.51,0.00,2791.30,1.82,250.88,6.03,42.26,0.00,1.65,0.00,32.10,-12.55,-3.27,-0.05
2717.05,0.00,248.66,0.00,2807.62,-4.94,248.98,6.00,42.26,0.00,2.57,0.00,30.51,-13.25,-3.92,-0.05
2734.96,0.00,249.90,0.00,2821.53,-11.29,247.02,5.98,42.26,0.00,3.21,0.00,29.12,-13.81,-4.39,-0.05
2755.29,0.00,251.62,0.00,2836.54,-18.78,244.57,5.95,42.26,0.00,3.83,0.00,27.60,-14.38,-4.79,-0.05
2780.05,0.00,253.36,0.00,2848.93,-25.53,242.29,5.92,42.26,0.00,2.32,0.00,26.31,-14.83,-5.06,-0.06
2802.60,0.00,254.24,0.00,2862.35,-33.46,239.57,5.89,42.26,0.00,1.15,0.00,24.88,-15.29,-5.28,-0.06
2820.88,0.00,254.53,0.00,2875.26,-41.78,236.68,5.86,42.26,0.00,0.26,0.00,23.46,-15.70,-5.45,-0.06
2845.77,0.00,254.30,0.00,2886.66,-49.74,234.43,5.84,42.26,0.00,-0.91,0.00,22.17,-16.04,-3.80,-0.06
2867.85,0.00,253.54,0.00,2898.08,-58.37,232.82,5.80,42.26,0.00,-1.89,0.00,20.84,-16.35,-2.42,-0.06
2889.25,0.00,252.34,0.00,2909.33,-67.62,231.85,5.77,42.26,0.00,-2.75,0.00,19.47,-16.63,-1.18,-0.06
2908.28,0.00,250.94,0.00,2919.26,-76.47,231.54,5.74,42.26,0.00,-3.40,0.00,18.21,-16.84,-0.11,-0.06
2930.71,0.00,248.94,0.00,2927.99,-84.90,231.76,5.71,42.26,0.00,-4.04,0.00,17.06,-17.01,0.88,-0.06
2949.55,0.00,247.45,0.00,2935.76,-92.95,232.41,5.68,42.26,0.00,-2.82,0.00,15.98,-17.13,1.78,-0.06
2970.92,0.00,246.35,0.00,2943.49,-101.59,233.55,5.65,42.26,0.00,-1.65,0.00,14.87,-17.23,2.64,-0.06
2991.16,0.00,245.82,0.00,2950.84,-109.46,235.10,5.64,42.26,0.00,-0.65,0.00,14.38,-14.15,3.39,0.02
3000.00,0.00,246.14,0.00,2950.84,-109.46,235.10,5.64,42.26,0.00,1.22,0.00,14.38,-14.15,3.39,0.02
3000.00,0.00,246.85,0.00,2958.46,-115.96,237.10,5.67,42.26,0.00,2.01,0.00,14.29,-10.57,4.02,0.09
3000.00,0.00,248.03,0.00,2967.04,-120.90,239.72,5.74,42.26,0.00,2.81,0.00,14.15,-6.24,4.58,0.12
3000.00,0.00,249.69,0.00,2974.14,-123.06,242.15,5.80,42.26,0.00,3.54,0.00,13.66,-2.62,4.92,0.13
3000.00,0.00,251.59,0.00,2979.70,-123.51,244.26,5.86,42.26,0.00,4.10,0.00,12.92,0.15,5.14,0.14
3000.00,0.00,253.22,0.00,2985.86,-122.59,246.91,5.93,42.26,0.00,2.78,0.00,11.62,3.15,5.34,0.14
3000.00,0.00,254.27,0.00,2990.81,-120.53,249.39,6.00,42.26,0.00,1.66,0.00,10.07,5.53,5.47,0.15
3000.00,0.00,254.74,0.00,2995.52,-116.93,252.31,6.08,42.26,0.00,0.82,0.00,7.94,7.80,5.58,0.15
3000.00,0.00,254.89,0.00,2997.90,-112.25,255.27,6.16,42.26,0.00,-0.08,0.00,5.48,9.56,5.65,0.16
3000.00,0.00,254.56,0.00,2998.09,-107.06,257.61,6.24,42.26,0.00,-1.09,0.00,2.92,10.76,3.96,0.16
3000.00,0.00,253.78,0.00,2997.88,-99.81,259.25,6.36,42.26,0.00,-2.01,0.00,-3.50,16.36,2.59,0.31
3000.00,0.00,252.43,0.00,2995.69,-92.71,260.20,6.48,42.26,0.00,-2.89,0.00,-5.18,13.55,1.50,0.18
3000.00,0.00,250.76,0.00,2993.04,-86.91,260.65,6.55,42.26,0.00,-3.60,0.00,-5.99,11.51,0.53,0.14
3000.00,0.00,248.84,0.00,2989.53,-81.13,260.61,6.62,42.26,0.00,-4.15,0.00,-6.60,9.66,-0.57,0.11
3000.00,0.00,247.12,0.00,2985.81,-76.33,259.98,6.68,42.26,0.00,-2.75,0.00,-7.04,8.22,-1.62,0.10
3000.00,0.00,246.00,0.00,2982.61,-72.93,259.07,6.72,42.26,0.00,-1.49,0.00,-7.34,7.22,-2.40,0.09
3000.00,0.00,245.52,0.00,2979.02,-69.73,257.72,6.76,42.26,0.00,-0.32,0.00,-7.63,6.27,-3.15,0.09
3000.00,0.00,245.67,0.00,2975.78,-67.29,256.27,6.80,42.26,0.00,0.77,0.00,-7.86,5.53,-3.70,0.09
3000.00,0.00,246.33,0.00,2971.39,-64.54,254.07,6.85,42.26,0.00,1.74,0.00,-8.13,4.63,-4.28,0.09
3000.00,0.00,247.30,0.00,2967.24,-62.42,251.79,6.89,42.26,0.00,2.51,0.00,-8.36,3.86,-4.70,0.08
3000.00,0.00,248.62,0.00,2963.43,-60.85,249.61,6.93,42.26,0.00,3.21,0.00,-8.55,3.21,-4.98,0.08
3000.00,0.00,250.71,0.00,2958.91,-59.38,246.94,6.97,42.26,0.00,3.93,0.00,-8.74,2.49,-5.23,0.08
3000.00,0.00,252.28,0.00,2954.41,-58.31,244.75,7.01,42.26,0.00,2.62,0.00,-8.90,1.81,-3.60,0.08
3000.00,0.00,253.28,0.00,2949.33,-57.52,243.16,7.06,42.26,0.00,1.48,0.00,-9.06,1.07,-2.18,0.08
3000.00,0.00,253.75,0.00,2944.23,-57.14,242.33,7.10,42.26,0.00,0.35,0.00,-9.18,0.36,-0.97,0.08
3000.00,0.00,253.63,0.00,2939.91,-57.12,242.11,7.14,42.26,0.00,-0.69,0.00,-9.26,-0.22,-0.02,0.08
3000.00,0.00,253.13,0.00,2935.39,-57.39,242.36,7.18,42.26,0.00,-1.53,0.00,-9.31,-0.82,0.94,0.08
3000.00,0.00,252.02,0.00,2930.70,-57.96,243.10,7.22,42.26,0.00,-2.48,0.00,-9.34,-1.42,1.89,0.08
3000.00,0.00,250.65,0.00,2926.15,-58.81,244.24,7.26,42.26,0.00,-3.20,0.00,-9.35,-2.00,2.71,0.08
3000.00,0.00,248.94,0.00,2920.89,-60.15,246.03,7.30,42.26,0.00,-3.82,0.00,-9.32,-2.66,3.52,0.08
3000.00,0.00,247.64,0.00,2916.58,-61.52,247.81,7.34,42.26,0.00,-2.75,0.00,-9.28,-3.20,4.06,0.08
3000.00,0.00,246.64,0.00,2910.30,-63.50,249.48,7.41,42.26,0.00,-1.68,0.00,-14.60,-4.81,2.69,0.21
3000.00,0.00,246.08,0.00,2901.79,-66.89,250.52,7.53,42.26,0.00,-0.57,0.00,-17.89,-8.27,1.52,0.23
3000.00,0.00,246.04,0.00,2891.97,-72.50,251.00,7.64,42.26,0.00,0.32,0.00,-18.99,-12.63,0.43,0.21
3000.00,0.00,246.31,0.00,2882.26,-80.28,250.93,7.75,42.26,0.00,1.05,0.00,-18.25,-16.86,-0.61,0.20
3000.00,0.00,247.08,0.00,2873.31,-90.13,250.32,7.85,42.26,0.00,1.97,0.00,-16.31,-20.55,-1.61,0.18
3000.00,0.00,248.20,0.00,2866.25,-100.52,249.34,7.93,42.26,0.00,2.75,0.00,-13.93,-23.26,-2.44,0.17
3000.00,0.00,249.97,0.00,2860.07,-112.74,248.43,8.01,42.26,0.00,3.54,0.00,-11.12,-25.46,-1.33,0.16
