-2500.00,0.00,0.00,0.00,-2584.07,-445.64,0.92,-0.97,0.00,0.00,0.00,0.00,0.00,0.00,0.00,0.00
-2499.44,0.00,0.28,0.00,-2583.29,-443.86,0.69,-0.92,2.01,0.00,1.00,0.00,2.88,7.02,-0.92,0.22
-2498.18,0.00,0.90,0.00,-2581.76,-439.05,0.07,-0.81,3.72,0.00,1.81,0.00,3.44,13.68,-1.77,0.28
-2496.04,0.00,1.92,0.00,-2580.56,-429.93,0.00,-0.66,5.52,0.00,2.59,0.00,0.87,19.93,-0.66,0.27
-2493.30,0.00,3.17,0.00,-2581.44,-418.27,0.00,-0.53,7.19,0.00,3.23,0.00,-3.99,23.59,0.40,0.25
-2489.07,0.00,5.00,0.00,-2584.86,-406.26,0.46,-0.41,9.18,0.00,3.87,0.00,-9.39,24.80,1.36,0.23
-2483.43,0.00,7.29,0.00,-2590.79,-394.37,1.35,-0.30,11.28,0.00,4.42,0.00,-14.68,24.40,2.23,0.22
-2476.81,0.00,9.77,0.00,-2599.67,-382.43,2.71,-0.20,13.29,0.00,4.82,0.00,-19.82,22.79,3.04,0.20
-2469.60,0.00,12.28,0.00,-2611.73,-370.98,4.56,-0.09,15.15,0.00,5.10,0.00,-24.57,20.15,3.75,0.19
-2461.57,0.00,14.88,0.00,-2625.34,-361.56,6.63,0.01,16.94,0.00,5.30,0.00,-28.32,17.06,4.29,0.18
-2452.99,0.00,17.46,0.00,-2639.54,-354.29,8.77,0.09,18.62,0.00,5.45,0.00,-31.12,13.86,4.68,0.18
-2442.54,0.00,20.40,0.00,-2656.79,-348.04,11.36,0.18,20.44,0.00,5.57,0.00,-33.52,10.10,5.01,0.17
-2430.79,0.00,23.48,0.00,-2673.28,-344.12,13.82,0.26,22.24,0.00,5.65,0.00,-35.04,6.63,5.23,0.16
-2419.75,0.00,26.19,0.00,-2693.36,-341.64,16.83,0.35,23.76,0.00,5.70,0.00,-36.14,2.63,5.42,0.16
-2409.14,0.00,28.67,0.00,-2711.48,-341.29,19.56,0.43,25.09,0.00,5.73,0.00,-36.56,-0.81,5.54,0.15
-2395.78,0.00,31.64,0.00,-2727.95,-342.40,22.08,0.49,26.61,0.00,5.76,0.00,-36.54,-3.79,5.62,0.15
-2382.69,0.00,34.40,0.00,-2743.53,-344.67,24.50,0.56,27.97,0.00,5.78,0.00,-36.21,-6.46,5.67,0.14
-2370.87,0.00,36.79,0.00,-2761.29,-348.67,27.32,0.62,29.10,0.00,5.80,0.00,-35.54,-9.34,5.72,0.14
-2356.34,0.00,39.62,0.00,-2776.69,-352.36,30.19,0.69,30.38,0.00,5.81,0.00,-27.10,-5.63,5.75,0.14
-2338.68,0.00,42.91,0.00,-2788.06,-353.93,33.04,0.76,31.79,0.00,5.82,0.00,-19.99,-1.05,5.78,0.15
-2327.12,0.00,45.00,0.00,-2796.30,-352.98,35.92,0.84,32.64,0.00,5.82,0.00,-13.94,4.44,5.79,0.17
-2309.70,0.00,48.04,0.00,-2800.90,-349.39,38.65,0.91,33.83,0.00,5.82,0.00,-6.48,10.46,5.80,0.11
-2294.20,0.00,50.67,0.00,-2801.86,-343.27,41.41,0.94,34.80,0.00,5.83,0.00,1.55,15.05,5.81,0.00
-2276.33,0.00,53.62,0.00,-2798.74,-334.36,44.31,0.91,35.84,0.00,5.83,0.00,10.19,20.11,5.82,-0.09
-2255.85,0.00,56.89,0.00,-2792.19,-324.42,46.90,0.86,36.92,0.00,5.83,0.00,18.42,23.87,5.82,-0.13
-2238.98,0.00,59.52,0.00,-2780.95,-312.14,49.70,0.80,37.74,0.00,5.83,0.00,27.51,26.79,5.82,-0.12
-2221.04,0.00,62.26,0.00,-2765.15,-298.58,52.53,0.74,38.55,0.00,5.83,0.00,36.55,28.69,5.83,-0.11
-2202.67,0.00,65.01,0.00,-2743.04,-281.74,55.65,0.70,39.32,0.00,5.83,0.00,44.93,33.67,5.83,-0.05
-2184.48,0.00,67.68,0.00,-2720.53,-265.05,58.36,0.68,40.02,0.00,5.83,0.00,51.34,37.79,5.83,-0.03
-2163.08,0.00,70.77,0.00,-2689.65,-242.50,61.62,0.67,40.79,0.00,5.83,0.00,58.24,42.28,5.83,-0.02
-2141.38,0.00,73.84,0.00,-2664.63,-224.42,64.02,0.66,41.50,0.00,5.83,0.00,62.71,45.17,5.83,-0.02
-2120.86,0.00,76.70,0.00,-2633.18,-201.87,66.83,0.65,42.12,0.00,5.83,0.00,67.34,48.14,5.83,-0.02
-2099.58,0.00,79.62,0.00,-2601.07,-178.99,69.53,0.64,42.71,0.00,5.83,0.00,71.19,50.56,5.83,-0.01
-2078.53,0.00,82.48,0.00,-2563.29,-152.26,72.54,0.64,43.25,0.00,5.83,0.00,74.86,52.82,5.83,-0.01
-2055.90,0.00,85.51,0.00,-2522.31,-123.44,75.65,0.63,43.79,0.00,5.83,0.00,77.99,54.70,5.83,-0.01
-2034.97,0.00,88.28,0.00,-2478.19,-94.19,78.87,0.60,44.25,0.00,5.83,0.00,82.00,51.33,5.83,-0.08
-2013.99,0.00,91.03,0.00,-2434.87,-68.97,81.87,0.56,44.68,0.00,5.83,0.00,85.67,47.00,5.83,-0.08
-1993.07,0.00,93.75,0.00,-2391.54,-45.70,84.78,0.54,45.07,0.00,5.83,0.00,87.98,46.73,5.83,-0.03
-1970.00,0.00,96.72,0.00,-2347.00,-22.22,87.70,0.52,45.47,0.00,5.83,0.00,89.54,46.96,5.83,-0.02
-1945.25,0.00,99.88,0.00,-2298.36,0.65,91.00,0.48,45.87,0.00,5.83,0.00,83.28,34.86,5.83,-0.11
-1921.06,0.00,102.94,0.00,-2247.83,18.39,94.70,0.41,46.23,0.00,5.83,0.00,76.78,22.75,5.83,-0.11
-1897.29,0.00,105.93,0.00,-2205.82,28.53,98.03,0.34,46.55,0.00,5.83,0.00,70.86,13.89,5.83,-0.12
-1875.37,0.00,108.67,0.00,-2165.41,37.81,101.32,0.33,46.82,0.00,5.83,0.00,72.31,19.02,5.83,0.04
-1847.17,0.00,112.17,0.00,-2130.60,48.53,104.12,0.36,47.15,0.00,5.83,0.00,72.68,25.23,5.83,0.09
-1825.60,0.00,114.83,0.00,-2086.41,66.65,107.67,0.41,47.37,0.00,5.83,0.00,72.12,33.35,5.83,0.09
-1777.68,0.00,120.70,0.00,-2086.41,66.65,107.67,0.41,47.83,0.00,5.83,0.00,72.12,33.35,5.83,0.09
-1759.28,0.00,122.94,0.00,-2045.78,86.41,110.91,0.45,47.98,0.00,5.83,0.00,74.38,37.23,5.83,0.04
-1740.04,0.00,125.27,0.00,-2000.89,107.66,114.35,0.44,48.13,0.00,5.83,0.00,77.54,34.16,5.83,-0.07
-1714.37,0.00,128.38,0.00,-1963.93,122.42,117.08,0.40,48.32,0.00,5.83,0.00,80.49,29.47,5.83,-0.09
-1689.52,0.00,131.37,0.00,-1925.44,135.04,119.82,0.36,48.49,0.00,5.83,0.00,82.97,24.76,5.83,-0.09
-1662.48,0.00,134.62,0.00,-1884.80,145.81,122.64,0.32,48.66,0.00,5.83,0.00,84.94,20.31,5.83,-0.09
-1638.39,0.00,137.50,0.00,-1841.22,154.90,125.60,0.27,48.80,0.00,5.83,0.00,86.50,16.00,5.83,-0.09
-1614.30,0.00,140.37,0.00,-1790.00,162.78,129.02,0.22,48.92,0.00,5.83,0.00,87.78,11.34,5.83,-0.09
-1593.97,0.00,142.80,0.00,-1749.56,167.86,131.68,0.19,49.02,0.00,5.83,0.00,89.25,11.08,5.83,-0.04
-1571.95,0.00,145.41,0.00,-1699.44,174.05,134.93,0.18,49.13,0.00,5.83,0.00,90.74,11.18,5.83,-0.02
-1543.41,0.00,148.80,0.00,-1653.06,179.75,137.89,0.17,49.25,0.00,5.83,0.00,91.83,11.25,5.83,-0.02
-1519.67,0.00,151.60,0.00,-1604.17,185.71,140.98,0.16,49.34,0.00,5.83,0.00,92.79,11.26,5.83,-0.01
-1496.97,0.00,154.29,0.00,-1555.13,191.62,144.04,0.15,49.42,0.00,5.83,0.00,93.56,11.22,5.83,-0.01
-1469.97,0.00,157.47,0.00,-1513.13,195.80,146.67,0.13,49.51,0.00,5.83,0.00,93.31,7.39,5.83,-0.07
-1442.83,0.00,160.66,0.00,-1462.70,198.13,149.83,0.09,49.59,0.00,5.83,0.00,92.89,1.81,5.83,-0.08
-1415.80,0.00,163.84,0.00,-1407.62,198.69,153.27,0.06,49.67,0.00,5.83,0.00,93.75,0.53,5.83,-0.03
-1388.06,0.00,167.10,0.00,-1366.18,199.55,155.97,0.06,49.74,0.00,5.83,0.00,86.28,3.38,5.83,0.05
-1363.94,0.00,169.92,0.00,-1327.60,202.32,158.70,0.10,49.80,0.00,5.83,0.00,79.41,8.08,5.83,0.08
-1341.06,0.00,172.60,0.00,-1286.23,208.45,161.90,0.14,49.85,0.00,5.83,0.00,71.89,13.58,5.83,0.09
-1311.80,0.00,176.02,0.00,-1253.03,216.17,164.73,0.19,49.91,0.00,5.83,0.00,65.69,17.71,5.83,0.09
-1287.79,0.00,178.83,0.00,-1222.48,225.78,167.59,0.23,49.95,0.00,5.83,0.00,59.81,21.07,5.83,0.09
-1262.34,0.00,181.80,0.00,-1192.22,237.94,170.71,0.29,49.99,0.00,5.83,0.00,53.78,23.92,5.83,0.10
-1236.33,0.00,184.83,0.00,-1165.71,251.07,173.76,0.34,50.03,0.00,5.83,0.00,48.27,26.02,5.83,0.10
-1207.99,0.00,188.13,0.00,-1139.24,266.96,177.19,0.40,50.08,0.00,5.83,0.00,42.45,27.76,5.83,0.10
-1184.07,0.00,190.92,0.00,-1118.00,282.17,180.31,0.45,50.11,0.00,5.83,0.00,37.45,28.90,5.83,0.11
-1156.87,0.00,194.08,0.00,-1097.61,294.64,183.57,0.43,50.14,0.00,5.83,0.00,36.09,16.43,5.83,-0.17
-1132.02,0.00,196.97,0.00,-1078.44,299.63,186.73,0.33,50.17,0.00,5.83,0.00,34.49,3.48,5.83,-0.20
-1107.27,0.00,199.85,0.00,-1061.53,298.66,189.74,0.22,50.20,0.00,5.83,0.00,31.00,-5.85,5.83,-0.20
-1080.97,0.00,202.90,0.00,-1047.39,293.97,192.63,0.12,50.22,0.00,5.83,0.00,26.39,-12.11,5.83,-0.20
-1052.74,0.00,206.18,0.00,-1035.77,286.87,195.50,0.02,50.25,0.00,5.83,0.00,21.28,-16.15,5.83,-0.21
-1024.47,0.00,209.46,0.00,-1026.73,278.01,198.40,-0.08,50.27,0.00,5.83,0.00,15.65,-19.03,5.83,-0.22
-998.34,0.00,212.49,0.00,-1020.06,267.39,201.52,-0.20,50.29,0.00,5.83,0.00,9.81,-20.37,5.83,-0.22
-976.14,0.00,215.07,0.00,-1016.69,258.05,204.19,-0.30,50.30,0.00,5.83,0.00,5.37,-20.31,5.83,-0.21
-948.88,0.00,218.23,0.00,-1015.13,248.45,207.02,-0.40,50.32,0.00,5.83,0.00,1.46,-19.39,5.83,-0.20
-925.04,0.00,220.99,0.00,-1013.06,237.53,210.13,-0.50,50.33,0.00,5.83,0.00,5.85,-21.52,5.83,-0.18
-901.49,0.00,223.72,0.00,-1008.95,228.44,212.70,-0.54,50.35,0.00,5.83,0.00,12.21,-20.13,5.83,-0.03
-875.33,0.00,226.75,0.00,-1000.78,218.67,215.62,-0.53,50.36,0.00,5.83,0.00,19.71,-19.00,5.83,0.08
-848.52,0.00,229.85,0.00,-989.47,209.91,218.91,-0.47,50.37,0.00,5.83,0.00,20.33,-12.72,5.83,0.14
-823.12,0.00,232.80,0.00,-981.30,205.80,221.24,-0.41,50.38,0.00,5.83,0.00,20.39,-8.28,5.83,0.15
-798.90,0.00,235.60,0.00,-971.11,203.14,224.19,-0.33,50.39,0.00,5.83,0.00,19.87,-2.85,5.83,0.16
-780.90,0.00,237.68,0.00,-958.70,202.44,227.25,-0.25,50.40,0.00,5.83,0.00,26.71,-0.01,5.83,0.15
-753.81,0.00,240.82,0.00,-942.10,203.35,230.44,-0.17,50.41,0.00,5.83,0.00,33.18,3.05,5.83,0.14
-727.51,0.00,243.86,0.00,-924.64,205.50,233.26,-0.11,50.42,0.00,5.83,0.00,38.54,5.59,5.83,0.13
-697.31,0.00,247.35,0.00,-905.87,208.62,235.92,-0.05,50.43,0.00,5.83,0.00,43.15,7.90,5.83,0.12
-675.61,0.00,249.86,0.00,-880.30,212.81,239.09,-0.01,50.43,0.00,5.83,0.00,50.03,7.51,5.83,0.05
-649.79,0.00,252.85,0.00,-855.48,215.53,241.86,-0.01,50.44,0.00,5.83,0.00,54.42,4.08,5.83,-0.05
-623.65,0.00,255.34,0.00,-827.08,216.19,244.77,-0.04,50.44,0.00,4.03,0.00,58.71,-1.11,5.83,-0.09
-599.38,0.00,256.92,0.00,-800.42,214.47,247.34,-0.09,50.45,0.00,2.73,0.00,61.91,-6.26,5.83,-0.10
-572.76,0.00,258.01,0.00,-770.54,210.87,250.05,-0.12,50.45,0.00,1.53,0.00,66.38,-8.78,5.83,-0.05
-549.62,0.00,258.47,0.00,-738.62,207.20,252.78,-0.12,50.46,0.00,0.58,0.00,69.55,-6.61,5.83,0.05
-523.30,0.00,258.47,0.00,-704.20,205.19,255.60,-0.08,50.46,0.00,-0.47,0.00,72.54,-1.96,5.83,0.09
-500.30,0.00,258.03,0.00,-665.42,205.71,258.65,-0.03,50.47,0.00,-1.36,0.00,75.11,3.38,5.83,0.09
-474.76,0.00,257.08,0.00,-626.87,207.82,261.07,-0.00,50.47,0.00,-2.27,0.00,78.49,4.68,4.09,0.04
-451.70,0.00,255.86,0.00,-589.75,209.32,262.65,-0.01,50.47,0.00,-3.00,0.00,79.97,1.55,2.81,-0.05
-423.52,0.00,253.95,0.00,-549.06,208.55,263.73,-0.04,50.48,0.00,-3.75,0.00,81.21,-4.23,1.65,-0.09
-396.59,0.00,251.77,0.00,-512.34,206.04,264.24,-0.07,50.48,0.00,-4.31,0.00,83.41,-6.54,0.71,-0.04
-367.76,0.00,249.16,0.00,-471.01,202.41,264.32,-0.09,50.48,0.00,-4.76,0.00,85.50,-8.07,-0.27,-0.03
-367.76,0.00,249.16,0.00,-394.34,198.36,263.27,-0.05,50.48,0.00,-4.76,0.00,86.57,-0.08,-1.97,0.08
-340.90,0.00,247.11,0.00,-353.53,199.71,262.13,-0.01,50.48,0.00,-3.19,0.00,86.69,5.21,-2.76,0.09
-318.37,0.00,245.96,0.00,-304.82,203.20,260.35,0.03,50.49,0.00,-2.10,0.00,88.31,6.85,-3.55,0.04
-289.79,0.00,245.15,0.00,-268.08,205.41,258.76,0.02,50.49,0.00,-0.89,0.00,88.19,3.60,-4.04,-0.06
-263.69,0.00,244.99,0.00,-222.98,206.66,256.45,-0.00,50.49,0.00,0.15,0.00,81.54,1.53,-4.53,-0.03
-238.41,0.00,245.34,0.00,-185.28,207.83,254.16,0.00,50.49,0.00,1.14,0.00,75.11,3.55,-4.87,0.04
-214.91,0.00,246.10,0.00,-146.08,210.97,251.40,0.04,50.49,0.00,2.01,0.00,68.42,7.58,-5.16,0.08
-182.78,0.00,247.75,0.00,-111.24,216.15,248.57,0.08,50.50,0.00,3.04,0.00,62.35,11.28,-5.36,0.08
-158.14,0.00,249.41,0.00,-75.40,224.22,245.98,0.13,50.50,0.00,3.70,0.00,55.91,14.71,-3.42,0.09
-132.11,0.00,251.48,0.00,-53.64,230.60,244.83,0.17,50.50,0.00,4.25,0.00,51.89,16.58,-2.40,0.09
-112.26,0.00,252.91,0.00,-27.23,240.17,243.89,0.22,50.50,0.00,3.14,0.00,46.79,18.65,-1.21,0.09
-63.43,0.00,254.79,0.00,-27.23,240.17,243.89,0.22,50.50,0.00,0.94,0.00,46.79,18.65,-1.21,0.09
-34.24,0.00,254.96,0.00,-1.76,247.42,243.57,0.19,50.50,0.00,-0.22,0.00,42.24,6.89,-0.04,-0.17
-10.52,0.00,254.62,0.00,16.68,247.97,243.78,0.10,50.50,0.00,-1.15,0.00,38.38,-3.24,0.87,-0.19
18.94,0.00,253.60,0.00,34.48,243.90,244.48,0.01,50.50,0.00,-2.22,0.00,33.01,-11.72,1.82,-0.19
18.94,0.00,253.60,0.00,61.03,226.89,247.15,-0.19,50.50,0.00,-2.22,0.00,20.56,-20.95,3.40,-0.21
45.07,0.00,252.21,0.00,69.14,216.52,248.91,-0.29,50.50,0.00,-3.05,0.00,14.49,-22.72,3.97,-0.21
69.83,0.00,250.53,0.00,75.49,203.67,251.33,-0.40,50.51,0.00,-3.70,0.00,8.59,-22.63,4.51,-0.20
96.26,0.00,248.43,0.00,80.24,194.99,252.90,-0.45,50.51,0.00,-4.26,0.00,14.06,-20.02,3.30,-0.04
116.55,0.00,246.97,0.00,87.40,186.58,254.22,-0.44,50.51,0.00,-3.13,0.00,14.28,-13.97,2.06,0.09
166.91,0.00,245.08,0.00,87.40,186.58,254.22,-0.44,50.51,0.00,-0.87,0.00,14.28,-13.97,2.06,0.09
194.99,0.00,244.94,0.00,95.48,180.72,255.00,-0.37,50.51,0.00,0.25,0.00,14.39,-7.60,0.86,0.16
194.99,0.00,244.94,0.00,107.53,178.39,254.95,-0.21,50.51,0.00,0.25,0.00,12.84,1.61,-0.89,0.18
218.29,0.00,245.28,0.00,113.26,180.29,254.27,-0.13,50.51,0.00,1.16,0.00,11.05,5.75,-1.80,0.18
243.44,0.00,246.12,0.00,120.27,183.93,253.14,-0.04,50.51,0.00,2.08,0.00,16.40,8.62,-2.66,0.17
267.83,0.00,247.34,0.00,130.96,189.57,251.43,0.05,50.51,0.00,2.87,0.00,22.00,11.71,-3.45,0.15
314.87,0.00,250.63,0.00,130.96,189.57,251.43,0.05,50.51,0.00,4.07,0.00,22.00,11.71,-3.45,0.15
340.18,0.00,252.28,0.00,145.10,195.97,249.37,0.11,50.51,0.00,2.71,0.00,29.61,11.98,-4.09,0.07
362.78,0.00,253.24,0.00,162.59,201.48,247.64,0.12,50.51,0.00,1.68,0.00,35.98,9.04,-2.66,-0.04
385.80,0.00,253.76,0.00,183.36,205.06,246.59,0.08,50.51,0.00,0.73,0.00,42.26,4.75,-1.47,-0.11
412.51,0.00,253.84,0.00,205.49,206.09,246.15,0.02,50.51,0.00,-0.33,0.00,47.53,-0.14,-0.46,-0.11
437.93,0.00,253.40,0.00,230.44,204.59,246.19,-0.03,50.51,0.00,-1.32,0.00,52.19,-5.39,0.54,-0.11
466.00,0.00,252.35,0.00,253.35,201.91,246.61,-0.06,50.51,0.00,-2.32,0.00,57.00,-7.11,1.35,-0.06
488.74,0.00,251.12,0.00,287.13,198.64,247.70,-0.06,50.51,0.00,-3.04,0.00,61.74,-4.14,2.37,0.06
511.18,0.00,249.62,0.00,316.03,197.87,248.96,-0.03,50.51,0.00,-3.64,0.00,65.13,0.45,3.08,0.09
533.84,0.00,248.28,0.00,346.14,199.30,250.50,0.02,50.51,0.00,-2.48,0.00,67.93,5.38,3.69,0.09
555.54,0.00,247.45,0.00,384.79,202.94,252.09,0.05,50.51,0.00,-1.52,0.00,72.47,7.42,2.29,0.04
582.41,0.00,246.97,0.00,419.97,205.84,252.90,0.05,50.51,0.00,-0.42,0.00,74.80,4.52,1.24,-0.06
607.26,0.00,247.03,0.00,455.85,206.66,253.23,0.01,50.51,0.00,0.57,0.00,76.84,-0.70,0.27,-0.09
632.68,0.00,247.58,0.00,493.56,204.79,253.11,-0.03,50.51,0.00,1.54,0.00,78.37,-6.43,-0.69,-0.09
659.04,0.00,248.66,0.00,530.15,201.29,252.56,-0.06,50.51,0.00,2.46,0.00,80.92,-8.36,-1.58,-0.04
659.04,0.00,248.66,0.00,601.85,196.72,250.49,-0.03,50.51,0.00,2.46,0.00,82.98,-1.00,-3.04,0.08
705.07,0.00,251.15,0.00,601.85,196.72,250.49,-0.03,50.51,0.00,2.13,0.00,82.98,-1.00,-3.04,0.08
729.01,0.00,251.89,0.00,646.05,198.07,249.25,0.02,50.51,0.00,1.10,0.00,83.70,5.40,-1.79,0.09
753.92,0.00,252.16,0.00,684.38,201.05,248.68,0.04,50.51,0.00,0.10,0.00,85.44,7.31,-0.83,0.04
782.38,0.00,251.87,0.00,730.29,204.10,248.55,0.04,50.51,0.00,-1.02,0.00,85.99,3.72,0.24,-0.06
811.07,0.00,250.95,0.00,772.66,204.35,248.93,0.00,50.51,0.00,-2.08,0.00,86.30,-2.28,1.21,-0.09
840.27,0.00,249.45,0.00,819.36,201.11,249.89,-0.05,50.51,0.00,-3.01,0.00,86.18,-8.90,2.20,-0.09
840.27,0.00,249.45,0.00,916.72,190.56,250.94,-0.06,50.51,0.00,-3.01,0.00,79.18,-5.66,-0.20,0.07
870.84,0.00,248.11,0.00,956.16,189.37,250.54,-0.02,50.51,0.00,-1.60,0.00,73.07,0.49,-1.22,0.09
919.24,0.00,247.57,0.00,956.16,189.37,250.54,-0.02,50.51,0.00,0.36,0.00,73.07,0.49,-1.22,0.09
943.41,0.00,247.99,0.00,989.74,191.00,249.72,0.02,50.51,0.00,1.30,0.00,67.76,5.70,-2.11,0.09
966.55,0.00,248.80,0.00,1026.39,195.92,248.22,0.07,50.51,0.00,2.13,0.00,61.71,10.87,-3.03,0.10
991.58,0.00,250.08,0.00,1054.33,201.99,247.09,0.12,50.51,0.00,2.94,0.00,56.91,14.34,-1.90,0.10
1020.07,0.00,251.32,0.00,1078.66,209.07,246.48,0.16,50.51,0.00,1.63,0.00,52.56,17.04,-0.95,0.10
1043.21,0.00,251.82,0.00,1103.25,218.13,246.28,0.21,50.51,0.00,0.67,0.00,47.96,19.48,0.04,0.10
1068.52,0.00,251.88,0.00,1124.99,227.94,246.55,0.26,50.51,0.00,-0.33,0.00,43.67,21.41,0.99,0.11
1068.52,0.00,251.88,0.00,1158.98,247.47,248.10,0.35,50.51,0.00,-0.33,0.00,36.36,24.02,2.53,0.11
1092.45,0.00,251.48,0.00,1173.19,257.58,249.29,0.40,50.51,0.00,-1.26,0.00,32.99,24.94,3.16,0.11
1115.07,0.00,250.71,0.00,1190.84,272.36,251.37,0.47,50.51,0.00,-2.09,0.00,28.39,25.90,3.90,0.12
1142.43,0.00,249.31,0.00,1205.55,282.90,253.01,0.45,50.51,0.00,-2.97,0.00,27.67,14.79,2.51,-0.16
1168.58,0.00,248.13,0.00,1220.07,287.30,253.99,0.35,50.51,0.00,-1.75,0.00,26.74,3.00,1.32,-0.21
1192.31,0.00,247.56,0.00,1232.35,286.31,254.37,0.24,50.51,0.00,-0.77,0.00,24.01,-5.90,0.33,-0.22
1235.15,0.00,247.67,0.00,1232.35,286.31,254.37,0.24,50.51,0.00,0.93,0.00,24.01,-5.90,0.33,-0.22
1255.64,0.00,248.22,0.00,1243.83,281.22,254.24,0.13,50.51,0.00,1.70,0.00,19.63,-12.32,-0.72,-0.22
1278.16,0.00,249.17,0.00,1250.88,275.53,253.77,0.04,50.51,0.00,2.48,0.00,15.78,-15.49,-1.50,-0.22
1301.97,0.00,250.53,0.00,1257.47,267.10,252.77,-0.07,50.51,0.00,3.20,0.00,10.92,-17.72,-2.39,-0.22
1330.18,0.00,251.90,0.00,1261.94,257.17,251.21,-0.18,50.51,0.00,1.86,0.00,5.97,-18.51,-3.23,-0.21
1357.49,0.00,252.56,0.00,1263.91,247.34,249.86,-0.29,50.51,0.00,0.72,0.00,1.82,-18.03,-1.93,-0.20
1382.94,0.00,252.64,0.00,1266.17,237.55,249.18,-0.39,50.51,0.00,-0.29,0.00,6.43,-19.78,-0.83,-0.18
1409.44,0.00,252.19,0.00,1271.26,228.37,249.04,-0.44,50.51,0.00,-1.32,0.00,13.48,-17.73,0.17,-0.02
1431.53,0.00,251.41,0.00,1278.90,220.80,249.33,-0.43,50.51,0.00,-2.12,0.00,20.13,-16.30,1.05,0.07
1454.64,0.00,250.25,0.00,1290.30,213.61,250.06,-0.38,50.51,0.00,-2.87,0.00,27.22,-14.12,1.94,0.13
1478.43,0.00,248.72,0.00,1305.06,207.64,251.20,-0.32,50.51,0.00,-3.53,0.00,33.96,-11.11,2.74,0.13
1502.43,0.00,247.37,0.00,1322.26,203.39,252.19,-0.26,50.51,0.00,-2.33,0.00,39.95,-7.56,1.68,0.13
1527.56,0.00,246.51,0.00,1343.05,200.79,252.73,-0.20,50.51,0.00,-1.24,0.00,45.54,-3.62,0.67,0.12
1557.76,0.00,246.17,0.00,1368.89,200.10,252.77,-0.14,50.51,0.00,-0.02,0.00,50.90,0.57,-0.40,0.11
1578.96,0.00,246.36,0.00,1394.52,201.30,252.33,-0.08,50.51,0.00,0.81,0.00,55.11,4.03,-1.34,0.11
1611.13,0.00,247.30,0.00,1423.08,204.23,251.40,-0.03,50.51,0.00,2.01,0.00,58.93,7.36,-2.25,0.10
1632.47,0.00,248.32,0.00,1457.79,208.42,249.87,0.01,50.51,0.00,2.72,0.00,64.51,7.52,-3.13,0.04
1655.11,0.00,249.71,0.00,1492.42,211.32,248.03,0.00,50.51,0.00,3.38,0.00,67.88,3.59,-3.81,-0.06
1681.14,0.00,251.63,0.00,1531.39,211.43,246.36,-0.04,50.51,0.00,4.00,0.00,70.96,-2.78,-2.36,-0.09
1708.82,0.00,253.37,0.00,1562.92,208.93,245.57,-0.08,50.51,0.00,2.54,0.00,72.76,-8.11,-1.39,-0.09
1733.91,0.00,254.32,0.00,1598.59,204.34,245.16,-0.11,50.51,0.00,1.43,0.00,75.97,-10.56,-0.40,-0.04
1759.70,0.00,254.75,0.00,1640.88,199.35,245.27,-0.10,50.51,0.00,0.38,0.00,78.17,-7.24,0.69,0.06
1788.23,0.00,254.61,0.00,1685.33,197.21,245.99,-0.06,50.51,0.00,-0.75,0.00,80.07,-0.88,1.76,0.09
1815.99,0.00,253.88,0.00,1724.27,198.22,247.07,-0.02,50.51,0.00,-1.80,0.00,81.13,4.46,2.60,0.09
1843.26,0.00,252.63,0.00,1763.25,201.59,248.50,0.03,50.51,0.00,-2.72,0.00,81.79,9.11,3.31,0.09
1867.92,0.00,251.10,0.00,1802.69,205.44,250.25,0.04,50.51,0.00,-3.43,0.00,82.64,6.61,3.91,-0.03
1892.87,0.00,249.25,0.00,1850.90,207.28,252.70,0.00,50.51,0.00,-4.02,0.00,83.60,0.02,4.47,-0.09
1916.93,0.00,247.68,0.00,1884.09,206.15,254.22,-0.03,50.51,0.00,-2.73,0.00,83.87,-5.20,3.32,-0.09
1944.22,0.00,246.58,0.00,1928.24,201.48,255.58,-0.08,50.51,0.00,-1.50,0.00,83.78,-11.77,2.03,-0.09
1972.20,0.00,246.10,0.00,1967.42,195.49,256.26,-0.11,50.51,0.00,-0.36,0.00,85.26,-13.65,1.03,-0.04
1972.20,0.00,246.10,0.00,2041.15,188.45,256.30,-0.06,50.51,0.00,-0.36,0.00,73.19,-1.63,-0.85,0.09
1995.55,0.00,246.17,0.00,2081.20,189.56,255.46,-0.00,50.51,0.00,0.57,0.00,67.01,4.69,-1.94,0.09
2024.13,0.00,246.83,0.00,2118.70,194.09,254.00,0.05,50.51,0.00,1.66,0.00,60.96,9.96,-2.91,0.10
2055.78,0.00,248.25,0.00,2151.05,200.91,252.13,0.11,50.51,0.00,2.74,0.00,55.48,13.92,-3.68,0.10
2087.03,0.00,250.25,0.00,2174.55,207.70,250.38,0.15,50.51,0.00,3.61,0.00,51.33,16.48,-4.16,0.10
2116.30,0.00,251.86,0.00,2197.00,215.82,248.80,0.20,50.51,0.00,2.15,0.00,47.18,18.70,-2.90,0.10
2134.53,0.00,252.48,0.00,2216.33,224.25,247.80,0.24,50.51,0.00,1.36,0.00,43.42,20.45,-1.89,0.11
2159.74,0.00,252.88,0.00,2235.02,233.91,247.19,0.29,50.51,0.00,0.34,0.00,39.57,22.00,-0.93,0.11
2182.68,0.00,252.80,0.00,2254.78,246.06,247.01,0.35,50.51,0.00,-0.57,0.00,35.18,23.48,0.14,0.11
2208.65,0.00,252.23,0.00,2272.52,255.25,247.38,0.33,50.51,0.00,-1.56,0.00,32.95,12.25,1.18,-0.17
2235.25,0.00,251.13,0.00,2287.90,258.23,248.19,0.24,50.51,0.00,-2.49,0.00,30.78,1.28,2.07,-0.20
2261.60,0.00,249.60,0.00,2302.48,256.19,249.48,0.13,50.51,0.00,-3.28,0.00,26.86,-7.98,2.90,-0.21
2288.40,0.00,248.24,0.00,2315.10,250.07,250.64,0.02,50.51,0.00,-1.99,0.00,21.61,-14.32,1.68,-0.21
2314.52,0.00,247.53,0.00,2324.60,241.74,251.20,-0.08,50.51,0.00,-0.89,0.00,16.20,-17.80,0.62,-0.21
2342.10,0.00,247.38,0.00,2332.29,230.75,251.18,-0.20,50.51,0.00,0.21,0.00,10.53,-19.26,-0.56,-0.20
2369.65,0.00,247.82,0.00,2336.07,222.41,250.73,-0.29,50.51,0.00,1.28,0.00,7.21,-19.02,-1.41,-0.19
2390.78,0.00,248.53,0.00,2340.20,213.66,249.91,-0.36,50.51,0.00,2.05,0.00,11.06,-20.52,-2.21,-0.16
2414.61,0.00,249.71,0.00,2346.53,205.15,248.75,-0.40,50.51,0.00,2.83,0.00,16.97,-18.24,-2.93,-0.02
2439.16,0.00,251.27,0.00,2354.76,198.11,247.77,-0.39,50.51,0.00,3.52,0.00,22.69,-16.32,-1.96,0.07
2465.68,0.00,252.73,0.00,2367.82,190.75,247.04,-0.33,50.51,0.00,2.21,0.00,22.39,-9.77,-0.73,0.14
2488.38,0.00,253.48,0.00,2378.91,187.38,246.95,-0.26,50.51,0.00,1.22,0.00,21.59,-4.18,0.28,0.15
2513.01,0.00,253.80,0.00,2389.21,186.71,247.36,-0.18,50.51,0.00,0.23,0.00,20.23,0.88,1.25,0.16
2539.05,0.00,253.63,0.00,2402.01,188.28,248.33,-0.10,50.51,0.00,-0.80,0.00,26.49,4.63,2.24,0.15
2565.87,0.00,252.91,0.00,2417.68,191.77,249.76,-0.02,50.51,0.00,-1.81,0.00,32.10,8.21,3.08,0.14
2594.24,0.00,251.59,0.00,2434.68,196.61,251.44,0.04,50.51,0.00,-2.76,0.00,36.93,11.29,3.73,0.12
2616.38,0.00,250.22,0.00,2454.48,202.25,252.92,0.08,50.51,0.00,-3.40,0.00,43.25,11.66,2.46,0.06
2638.65,0.00,248.59,0.00,2479.41,207.59,253.88,0.09,50.51,0.00,-3.93,0.00,48.81,8.25,1.26,-0.06
2660.55,0.00,247.17,0.00,2505.05,210.43,254.23,0.05,50.51,0.00,-2.77,0.00,53.71,3.45,0.25,-0.10
2687.68,0.00,246.05,0.00,2536.67,210.46,254.02,-0.01,50.51,0.00,-1.54,0.00,58.44,-2.82,-0.87,-0.10
2710.72,0.00,245.59,0.00,2565.67,207.68,253.36,-0.06,50.51,0.00,-0.59,0.00,61.74,-8.17,-1.78,-0.10
2738.95,0.00,245.61,0.00,2594.79,203.45,252.35,-0.09,50.51,0.00,0.53,0.00,65.96,-10.07,-2.57,-0.05
2765.62,0.00,246.18,0.00,2625.84,199.33,250.99,-0.09,50.51,0.00,1.55,0.00,68.89,-7.65,-3.26,0.05
2787.95,0.00,247.06,0.00,2665.43,196.76,248.94,-0.05,50.51,0.00,2.34,0.00,72.15,-1.80,-3.96,0.09
2812.00,0.00,248.38,0.00,2702.65,197.48,246.80,-0.00,50.51,0.00,3.09,0.00,74.38,4.02,-4.45,0.09
2838.79,0.00,250.23,0.00,2741.02,200.10,244.97,0.03,50.51,0.00,3.78,0.00,77.65,5.90,-3.01,0.04
2862.29,0.00,251.67,0.00,2778.87,203.18,243.83,0.04,50.51,0.00,2.57,0.00,80.40,6.85,-1.88,0.03
2883.42,0.00,252.52,0.00,2818.84,205.73,243.19,0.03,50.51,0.00,1.62,0.00,81.63,3.28,-0.83,-0.06
2909.17,0.00,253.04,0.00,2855.24,205.94,243.04,-0.00,50.51,0.00,0.56,0.00,82.50,-1.97,0.06,-0.09
2938.37,0.00,252.99,0.00,2895.48,203.39,243.33,-0.04,50.51,0.00,-0.60,0.00,83.04,-7.84,1.02,-0.09
2965.41,0.00,252.37,0.00,2936.89,198.92,244.09,-0.07,50.51,0.00,-1.63,0.00,84.93,-9.85,1.94,-0.04
2984.49,0.00,251.61,0.00,2980.83,194.68,245.34,-0.07,50.51,0.00,-2.30,0.00,85.49,-6.26,2.81,0.06
3000.00,0.00,250.20,0.00,2993.88,191.52,246.88,-0.03,50.51,0.00,-3.11,0.00,85.69,0.16,3.49,0.09
3000.00,0.00,248.68,0.00,2993.90,191.21,248.71,0.02,50.51,0.00,-3.69,0.00,77.91,8.01,4.05,0.11
3000.00,0.00,247.15,0.00,2993.68,194.62,250.34,0.08,50.51,0.00,-2.35,0.00,70.26,14.45,2.72,0.12
3000.00,0.00,246.29,0.00,2993.29,200.50,251.35,0.14,50.51,0.00,-1.28,0.00,63.65,18.58,1.62,0.11
3000.00,0.00,245.96,0.00,2992.86,206.85,251.87,0.15,50.51,0.00,-0.43,0.00,66.46,15.28,0.56,-0.04
3000.00,0.00,246.01,0.00,2992.64,210.03,251.89,0.11,50.51,0.00,0.55,0.00,61.91,7.51,-0.41,-0.12
3000.00,0.00,246.53,0.00,2992.71,208.95,251.33,0.04,50.51,0.00,1.49,0.00,56.43,-2.07,-1.49,-0.13
3000.00,0.00,248.92,0.00,2992.71,208.95,251.33,0.04,50.51,0.00,3.15,0.00,56.43,-2.07,-1.49,-0.13
3000.00,0.00,250.90,0.00,2993.06,203.88,250.28,-0.02,50.51,0.00,3.87,0.00,51.08,-9.25,-2.41,-0.13
3000.00,0.00,252.46,0.00,2993.61,195.72,249.34,-0.09,50.51,0.00,2.56,0.00,45.91,-14.00,-1.22,-0.12
3000.00,0.00,252.46,0.00,2994.29,185.02,249.15,-0.06,50.51,0.00,2.56,0.00,39.25,-2.23,0.71,0.14
3000.00,0.00,253.41,0.00,2994.29,184.94,249.78,0.01,50.51,0.00,1.45,0.00,35.23,5.59,1.67,0.16
3000.00,0.00,253.87,0.00,2994.11,187.91,250.70,0.09,50.51,0.00,0.18,0.00,31.17,11.27,2.45,0.17
3000.00,0.00,253.75,0.00,2993.70,194.36,252.25,0.17,50.51,0.00,-0.66,0.00,26.06,16.06,3.26,0.17
3000.00,0.00,253.17,0.00,2993.09,203.55,254.36,0.26,50.51,0.00,-1.60,0.00,21.20,18.63,3.97,0.16
3000.00,0.00,252.07,0.00,2992.56,211.18,256.12,0.29,50.51,0.00,-2.52,0.00,19.54,12.21,2.49,-0.05
3000.00,0.00,249.10,0.00,2992.56,211.18,256.12,0.29,50.51,0.00,-3.81,0.00,19.54,12.21,2.49,-0.05
3000.00,0.00,247.40,0.00,2992.31,214.61,257.03,0.24,50.51,0.00,-2.32,0.00,18.33,5.33,1.40,-0.17
3000.00,0.00,246.50,0.00,2992.30,214.78,257.44,0.15,50.51,0.00,-1.13,0.00,16.49,-1.35,0.45,-0.20
3000.00,0.00,246.22,0.00,2992.54,211.43,257.36,0.04,50.51,0.00,0.07,0.00,13.13,-8.06,-0.63,-0.21
3000.00,0.00,246.22,0.00,2993.46,197.97,255.58,-0.18,50.51,0.00,0.07,0.00,5.03,-14.54,-2.57,-0.20
3000.00,0.00,246.58,0.00,2993.79,193.00,254.41,-0.23,50.51,0.00,1.14,0.00,3.64,-10.25,-3.18,-0.05
3000.00,0.00,247.38,0.00,2994.02,189.33,252.54,-0.21,50.51,0.00,2.04,0.00,2.22,-4.21,-3.85,0.13
3000.00,0.00,248.79,0.00,2994.05,188.82,250.33,-0.11,50.51,0.00,2.95,0.00,0.15,1.76,-4.39,0.24
3000.00,0.00,250.40,0.00,2993.43,190.81,248.63,0.00,50.51,0.00,3.61,0.00,-2.71,6.15,-3.06,0.26
3000.00,0.00,251.94,0.00,2991.31,194.42,247.49,0.12,50.51,0.00,2.25,0.00,-6.16,8.87,-1.95,0.25
3000.00,0.00,252.73,0.00,2986.66,199.73,246.77,0.25,50.51,0.00,1.21,0.00,-9.92,9.62,-0.75,0.21
3000.00,0.00,253.04,0.00,2983.93,202.75,246.64,0.30,50.51,0.00,0.31,0.00,-5.29,7.27,-0.01,0.08
3000.00,0.00,252.93,0.00,2981.08,205.10,246.91,0.31,50.51,0.00,-0.67,0.00,-6.01,2.76,0.98,-0.06
3000.00,0.00,252.33,0.00,2977.24,205.23,247.84,0.24,50.51,0.00,-1.63,0.00,-7.11,-1.73,2.07,-0.17
3000.00,0.00,251.08,0.00,2972.96,203.31,249.22,0.14,50.51,0.00,-2.62,0.00,-8.75,-4.98,2.95,-0.19
3000.00,0.00,249.57,0.00,2970.12,200.30,250.95,0.05,50.51,0.00,-3.36,0.00,-2.96,-6.68,3.66,-0.19
3000.00,0.00,248.44,0.00,2970.34,195.81,252.57,-0.07,50.51,0.00,-2.34,0.00,3.05,-9.04,2.21,-0.20
3000.00,0.00,247.25,0.00,2970.34,195.81,252.57,-0.07,50.51,0.00,-0.33,0.00,3.05,-9.04,2.21,-0.20
3000.00,0.00,247.35,0.00,2973.82,191.82,253.41,-0.13,50.51,0.00,0.64,0.00,9.28,-6.06,1.03,-0.03
3000.00,0.00,247.84,0.00,2978.32,189.80,253.65,-0.11,50.51,0.00,1.50,0.00,7.63,-1.82,-0.05,0.10
3000.00,0.00,248.69,0.00,2981.46,189.98,253.38,-0.04,50.51,0.00,2.28,0.00,5.86,2.18,-0.99,0.17
3000.00,0.00,250.01,0.00,2983.57,191.85,252.72,0.04,50.51,0.00,3.06,0.00,3.61,5.67,-1.84,0.20
3000.00,0.00,251.20,0.00,2984.57,195.37,251.61,0.15,50.51,0.00,1.88,0.00,0.74,8.44,-2.66,0.21
3000.00,0.00,251.88,0.00,2986.23,200.60,250.03,0.25,50.51,0.00,0.71,0.00,5.22,11.75,-3.41,0.20
3000.00,0.00,251.93,0.00,2990.37,205.83,248.69,0.30,50.51,0.00,-0.41,0.00,11.15,9.81,-2.19,0.03
3000.00,0.00,251.41,0.00,2992.70,209.20,247.86,0.28,50.51,0.00,-1.44,0.00,10.07,4.12,-1.02,-0.13
3000.00,0.00,250.50,0.00,2992.68,209.48,247.63,0.21,50.51,0.00,-2.30,0.00,8.86,-0.92,-0.20,-0.20
3000.00,0.00,249.11,0.00,2992.86,206.86,247.84,0.09,50.51,0.00,-3.10,0.00,6.14,-6.98,0.88,-0.23
3000.00,0.00,247.92,0.00,2993.20,201.87,248.59,-0.03,50.51,0.00,-1.94,0.00,2.58,-10.94,1.87,-0.24
3000.00,0.00,247.32,0.00,2993.66,194.89,249.27,-0.15,50.51,0.00,-1.04,0.00,7.39,-13.54,0.70,-0.20
3000.00,0.00,247.09,0.00,2994.03,189.12,249.32,-0.20,50.51,0.00,0.14,0.00,5.23,-7.43,-0.40,0.02
3000.00,0.00,247.49,0.00,2994.17,186.87,248.77,-0.14,50.51,0.00,1.21,0.00,3.25,-0.97,-1.48,0.19
3000.00,0.00,248.21,0.00,2994.11,187.96,247.73,-0.02,50.51,0.00,2.02,0.00,0.40,4.69,-2.40,0.25
3000.00,0.00,249.36,0.00,2993.04,192.03,246.77,0.13,50.51,0.00,2.79,0.00,-3.97,8.99,-1.16,0.26
3000.00,0.00,250.82,0.00,2989.63,197.39,246.47,0.26,50.51,0.00,3.46,0.00,-8.23,10.39,-0.06,0.24
3000.00,0.00,252.31,0.00,2987.53,201.49,246.62,0.34,50.51,0.00,2.08,0.00,-2.87,10.51,0.73,0.15
3000.00,0.00,253.06,0.00,2985.68,205.60,247.34,0.38,50.51,0.00,0.97,0.00,-3.58,5.09,1.78,-0.01
3000.00,0.00,253.27,0.00,2983.68,206.83,248.52,0.34,50.51,0.00,-0.04,0.00,-4.18,0.30,2.67,-0.15
3000.00,0.00,252.98,0.00,2981.56,206.03,249.90,0.26,50.51,0.00,-1.03,0.00,-5.22,-3.40,3.34,-0.20
3000.00,0.00,252.28,0.00,2978.03,202.98,251.99,0.14,50.51,0.00,-1.89,0.00,-7.31,-6.98,4.02,-0.20
3000.00,0.00,250.83,0.00,2975.85,199.09,254.14,0.04,50.51,0.00,-2.88,0.00,-1.96,-8.47,4.49,-0.20
3000.00,0.00,249.11,0.00,2976.66,195.23,255.92,-0.04,50.51,0.00,-3.61,0.00,4.72,-7.82,3.10,-0.13
3000.00,0.00,247.47,0.00,2980.14,192.35,257.07,-0.07,50.51,0.00,-2.11,0.00,9.98,-5.06,2.00,-0.01
3000.00,0.00,246.72,0.00,2985.32,190.85,257.83,-0.04,50.51,0.00,-1.04,0.00,7.90,-0.47,0.75,0.13
3000.00,0.00,246.48,0.00,2988.49,191.67,257.94,0.04,50.51,0.00,0.03,0.00,5.71,3.51,-0.19,0.18
3000.00,0.00,246.70,0.00,2990.50,194.29,257.60,0.13,50.51,0.00,0.89,0.00,2.87,7.00,-1.14,0.21
3000.00,0.00,247.24,0.00,2991.08,198.02,256.88,0.23,50.51,0.00,1.67,0.00,-0.07,9.18,-1.97,0.21
3000.00,0.00,248.32,0.00,2992.57,202.46,255.78,0.31,50.51,0.00,2.54,0.00,6.02,10.39,-2.74,0.13
3000.00,0.00,249.86,0.00,2992.87,206.66,253.83,0.33,50.51,0.00,3.32,0.00,4.88,4.75,-3.60,-0.06
3000.00,0.00,251.98,0.00,2992.83,207.29,251.72,0.26,50.51,0.00,4.01,0.00,3.68,-1.21,-4.19,-0.19
3000.00,0.00,253.57,0.00,2993.01,204.64,249.83,0.13,50.51,0.00,2.70,0.00,1.13,-7.02,-2.64,-0.25
3000.00,0.00,254.62,0.00,2992.87,200.78,248.91,0.02,50.51,0.00,1.54,0.00,-1.62,-9.94,-1.63,-0.25
3000.00,0.00,255.11,0.00,2993.42,195.13,248.38,-0.10,50.51,0.00,0.40,0.00,3.21,-11.82,-0.55,-0.22
3000.00,0.00,255.07,0.00,2993.97,190.17,248.43,-0.16,50.51,0.00,-0.51,0.00,0.72,-5.79,0.62,0.01
3000.00,0.00,254.53,0.00,2993.78,188.76,249.03,-0.11,50.51,0.00,-1.50,0.00,-1.29,-0.37,1.60,0.17
3000.00,0.00,253.71,0.00,2992.40,189.93,250.09,-0.00,50.51,0.00,-2.26,0.00,-4.06,4.37,2.50,0.24
3000.00,0.00,252.00,0.00,2988.86,193.60,251.81,0.13,50.51,0.00,-3.22,0.00,-8.03,7.76,3.36,0.23
3000.00,0.00,250.18,0.00,2983.42,198.12,253.86,0.25,50.51,0.00,-3.86,0.00,-11.39,8.41,4.02,0.20
3000.00,0.00,247.87,0.00,2979.64,201.31,255.41,0.31,50.51,0.00,-4.41,0.00,-5.35,5.88,2.76,0.05
3000.00,0.00,246.47,0.00,2976.48,203.15,256.54,0.30,50.51,0.00,-3.35,0.00,-6.09,1.46,1.51,-0.09
3000.00,0.00,245.19,0.00,2972.98,202.84,257.01,0.23,50.51,0.00,-2.17,0.00,-7.11,-2.18,0.41,-0.17
3000.00,0.00,244.38,0.00,2971.10,201.35,256.95,0.14,50.51,0.00,-1.02,0.00,-1.18,-3.84,-0.57,-0.19
3000.00,0.00,244.15,0.00,2972.29,198.58,256.33,0.03,50.51,0.00,-0.17,0.00,4.89,-6.34,-1.61,-0.20
3000.00,0.00,244.32,0.00,2975.79,195.87,255.46,-0.04,50.51,0.00,0.78,0.00,10.90,-6.44,-2.37,-0.13
3000.00,0.00,244.98,0.00,2984.34,193.07,253.77,-0.07,50.51,0.00,1.74,0.00,17.63,-3.35,-3.27,0.03
3000.00,0.00,245.96,0.00,2993.23,192.62,251.79,-0.02,50.51,0.00,2.52,0.00,15.40,1.33,-3.95,0.13
3000.00,0.00,247.56,0.00,2993.70,194.26,249.70,0.06,50.51,0.00,3.33,0.00,12.44,6.38,-4.43,0.18
3000.00,0.00,249.34,0.00,2993.42,198.58,247.20,0.16,50.51,0.00,3.93,0.00,8.69,10.52,-4.83,0.19
3000.00,0.00,251.79,0.00,2993.04,204.29,245.23,0.25,50.51,0.00,4.49,0.00,13.04,13.92,-3.34,0.17
