-2500.00,0.00,0.00,0.00,-2677.34,-797.85,6.46,2.46,0.00,0.00,0.00,0.00,0.00,0.00,0.00,0.00
-2499.41,0.00,0.29,0.00,-2676.25,-797.45,6.22,2.43,2.07,0.00,1.03,0.00,4.29,1.48,-0.93,-0.14
-2498.00,0.00,0.99,0.00,-2672.78,-796.49,5.48,2.34,3.90,0.00,1.89,0.00,8.86,2.01,-1.89,-0.21
-2495.70,0.00,2.08,0.00,-2666.60,-795.65,4.16,2.22,5.75,0.00,2.68,0.00,13.06,0.89,-2.81,-0.22
-2492.48,0.00,3.53,0.00,-2659.73,-795.74,2.65,2.12,7.62,0.00,3.38,0.00,15.62,-1.16,-3.48,-0.21
-2489.09,0.00,5.00,0.00,-2650.75,-797.25,1.18,2.01,9.17,0.00,3.87,0.00,17.32,-4.21,-2.14,-0.19
-2483.28,0.00,7.35,0.00,-2642.73,-799.86,0.46,1.93,11.33,0.00,4.43,0.00,17.82,-7.00,-1.15,-0.18
-2476.72,0.00,9.80,0.00,-2635.70,-801.06,0.17,1.85,13.31,0.00,4.82,0.00,14.89,0.76,-0.26,-0.19
-2469.33,0.00,12.37,0.00,-2630.07,-799.13,0.24,1.77,15.21,0.00,5.11,0.00,13.52,8.14,0.54,-0.20
-2461.28,0.00,14.97,0.00,-2623.65,-792.65,0.77,1.68,17.00,0.00,5.31,0.00,12.85,17.34,1.49,-0.18
-2453.54,0.00,17.31,0.00,-2616.75,-780.43,1.85,1.59,18.52,0.00,5.44,0.00,13.18,27.42,2.44,-0.15
-2444.37,0.00,19.90,0.00,-2610.27,-762.72,3.37,1.54,20.14,0.00,5.55,0.00,11.81,38.88,3.25,-0.07
-2432.51,0.00,23.04,0.00,-2605.19,-739.58,5.27,1.53,21.99,0.00,5.64,0.00,7.85,48.57,3.90,0.05
-2422.29,0.00,25.59,0.00,-2602.57,-711.86,7.44,1.57,23.43,0.00,5.69,0.00,2.57,57.44,4.42,0.10
-2410.29,0.00,28.41,0.00,-2602.01,-688.32,9.20,1.60,24.95,0.00,5.73,0.00,0.65,64.39,4.72,0.05
-2399.01,0.00,30.94,0.00,-2602.20,-655.11,11.56,1.62,26.26,0.00,5.76,0.00,-1.20,72.19,5.01,0.03
-2385.91,0.00,33.73,0.00,-2602.10,-612.21,14.48,1.61,27.65,0.00,5.78,0.00,1.93,78.53,5.27,-0.07
-2372.53,0.00,36.46,0.00,-2600.11,-575.07,16.94,1.57,28.95,0.00,5.79,0.00,6.34,82.60,5.42,-0.09
-2356.78,0.00,39.54,0.00,-2595.48,-531.77,19.75,1.53,30.34,0.00,5.81,0.00,11.23,86.09,5.54,-0.09
-2341.16,0.00,42.46,0.00,-2589.75,-489.48,22.42,1.50,31.60,0.00,5.81,0.00,12.40,90.17,5.62,-0.04
-2326.50,0.00,45.11,0.00,-2582.25,-435.36,25.73,1.48,32.68,0.00,5.82,0.00,13.14,94.29,5.69,-0.02
-2311.47,0.00,47.74,0.00,-2574.80,-389.17,28.52,1.45,33.71,0.00,5.82,0.00,17.33,95.03,5.73,-0.08
-2293.03,0.00,50.87,0.00,-2566.77,-350.21,30.88,1.42,34.87,0.00,5.83,0.00,21.43,95.02,5.76,-0.08
-2276.05,0.00,53.66,0.00,-2553.10,-296.93,34.12,1.38,35.85,0.00,5.83,0.00,26.56,94.40,5.78,-0.08
-2253.72,0.00,57.23,0.00,-2538.71,-250.26,37.00,1.33,37.03,0.00,5.83,0.00,30.87,93.35,5.80,-0.08
-2236.38,0.00,59.92,0.00,-2523.70,-208.01,39.65,1.30,37.87,0.00,5.83,0.00,34.51,92.00,5.81,-0.08
-2214.07,0.00,63.31,0.00,-2505.25,-162.20,42.57,1.25,38.85,0.00,5.83,0.00,38.38,90.14,5.81,-0.08
-2196.13,0.00,65.97,0.00,-2484.48,-116.64,45.55,1.21,39.58,0.00,5.83,0.00,42.27,87.85,5.82,-0.09
-2173.65,0.00,69.25,0.00,-2460.12,-69.47,48.74,1.16,40.42,0.00,5.83,0.00,46.37,84.95,5.82,-0.09
-2154.61,0.00,71.97,0.00,-2434.35,-26.06,51.96,1.11,41.07,0.00,5.83,0.00,46.90,73.64,5.83,-0.10
-2136.02,0.00,74.59,0.00,-2412.86,5.18,54.61,1.06,41.67,0.00,5.83,0.00,47.51,64.73,5.83,-0.11
-2110.68,0.00,78.10,0.00,-2393.54,29.59,56.96,1.02,42.41,0.00,5.83,0.00,48.03,57.00,5.83,-0.12
-2089.65,0.00,80.97,0.00,-2367.89,56.91,60.06,0.95,42.97,0.00,5.83,0.00,48.42,47.03,5.83,-0.13
-2072.87,0.00,83.24,0.00,-2341.93,79.26,63.19,0.88,43.39,0.00,5.83,0.00,48.18,37.37,5.83,-0.14
-2050.02,0.00,86.29,0.00,-2316.58,96.43,66.28,0.80,43.92,0.00,5.83,0.00,47.22,28.32,5.83,-0.15
-2026.79,0.00,89.35,0.00,-2294.24,108.03,69.09,0.72,44.42,0.00,5.83,0.00,45.67,20.73,5.83,-0.16
-2000.49,0.00,92.78,0.00,-2266.84,117.82,72.71,0.62,44.93,0.00,5.83,0.00,42.82,11.90,5.83,-0.17
-1982.21,0.00,95.15,0.00,-2246.64,121.95,75.56,0.54,45.26,0.00,5.83,0.00,39.99,5.69,5.83,-0.17
-1962.25,0.00,97.71,0.00,-2231.78,123.24,77.80,0.47,45.60,0.00,5.83,0.00,37.48,1.48,5.83,-0.17
-1938.17,0.00,100.78,0.00,-2215.28,122.78,80.50,0.39,45.98,0.00,5.83,0.00,34.21,-2.97,5.83,-0.17
-1914.58,0.00,103.76,0.00,-2200.09,120.29,83.25,0.31,46.32,0.00,5.83,0.00,30.59,-7.13,5.83,-0.18
-1892.50,0.00,106.53,0.00,-2187.33,116.30,85.85,0.23,46.61,0.00,5.83,0.00,26.98,-10.37,5.83,-0.18
-1870.64,0.00,109.25,0.00,-2174.54,110.03,88.88,0.13,46.88,0.00,5.83,0.00,22.64,-13.36,5.83,-0.19
-1849.25,0.00,111.91,0.00,-2164.40,102.79,91.78,0.04,47.12,0.00,5.83,0.00,18.49,-15.45,5.83,-0.19
-1819.77,0.00,115.54,0.00,-2156.16,94.55,94.74,-0.05,47.43,0.00,5.83,0.00,14.37,-16.83,5.83,-0.19
-1791.51,0.00,119.01,0.00,-2150.83,87.29,97.21,-0.13,47.70,0.00,5.83,0.00,11.14,-17.40,5.83,-0.18
-1769.92,0.00,121.64,0.00,-2146.31,78.72,100.07,-0.22,47.89,0.00,5.83,0.00,7.70,-17.55,5.83,-0.18
-1745.91,0.00,124.56,0.00,-2140.49,68.74,103.17,-0.31,48.09,0.00,5.83,0.00,13.54,-19.87,5.83,-0.16
-1723.60,0.00,127.26,0.00,-2132.19,59.25,105.91,-0.37,48.26,0.00,5.83,0.00,21.15,-20.76,5.83,-0.09
-1698.17,0.00,130.33,0.00,-2120.74,50.10,108.57,-0.38,48.43,0.00,5.83,0.00,28.34,-19.49,5.83,0.02
-1674.55,0.00,133.17,0.00,-2104.64,41.00,111.44,-0.35,48.59,0.00,5.83,0.00,36.32,-17.50,5.83,0.10
-1647.72,0.00,136.38,0.00,-2082.83,32.70,114.55,-0.29,48.75,0.00,5.83,0.00,44.50,-13.79,5.83,0.12
-1628.38,0.00,138.69,0.00,-2058.44,26.91,117.49,-0.23,48.85,0.00,5.83,0.00,51.52,-9.52,5.83,0.11
-1602.99,0.00,141.72,0.00,-2036.11,23.83,119.88,-0.19,48.98,0.00,5.83,0.00,56.57,-5.86,5.83,0.11
-1569.70,0.00,145.68,0.00,-2001.69,22.03,123.23,-0.13,49.14,0.00,5.83,0.00,62.68,-0.95,5.83,0.10
-1552.26,0.00,147.75,0.00,-1970.60,22.56,126.01,-0.08,49.21,0.00,5.83,0.00,67.00,2.78,5.83,0.10
-1526.06,0.00,150.85,0.00,-1937.03,24.86,128.85,-0.03,49.31,0.00,5.83,0.00,70.70,6.32,5.83,0.09
-1504.10,0.00,153.44,0.00,-1898.29,28.34,131.92,0.00,49.40,0.00,5.83,0.00,75.71,6.71,5.83,0.04
-1483.44,0.00,155.88,0.00,-1864.38,30.60,134.49,0.00,49.47,0.00,5.83,0.00,78.22,3.50,5.83,-0.05
-1455.82,0.00,159.13,0.00,-1818.16,30.57,137.87,-0.04,49.55,0.00,5.83,0.00,80.95,-3.19,5.83,-0.09
-1428.33,0.00,162.37,0.00,-1777.48,28.24,140.73,-0.07,49.63,0.00,5.83,0.00,84.19,-5.76,5.83,-0.04
-1401.25,0.00,165.55,0.00,-1731.06,24.59,143.89,-0.09,49.71,0.00,5.83,0.00,87.20,-7.44,5.83,-0.02
-1377.83,0.00,168.29,0.00,-1684.66,21.55,146.96,-0.07,49.76,0.00,5.83,0.00,88.44,-3.75,5.83,0.07
-1355.82,0.00,170.87,0.00,-1642.61,21.12,149.72,-0.04,49.82,0.00,5.83,0.00,89.18,1.45,5.83,0.08
-1331.29,0.00,173.74,0.00,-1596.40,22.43,152.71,-0.01,49.87,0.00,5.83,0.00,90.98,3.17,5.83,0.04
-1309.61,0.00,176.28,0.00,-1554.99,23.06,155.37,-0.02,49.91,0.00,5.83,0.00,90.76,-0.64,5.83,-0.07
-1282.41,0.00,179.45,0.00,-1515.45,21.23,158.04,-0.06,49.96,0.00,5.83,0.00,83.21,-6.85,5.83,-0.10
-1257.34,0.00,182.38,0.00,-1473.90,15.57,161.12,-0.11,50.00,0.00,5.83,0.00,74.93,-13.66,5.83,-0.10
-1234.56,0.00,185.04,0.00,-1439.12,7.39,163.98,-0.16,50.04,0.00,5.83,0.00,67.51,-18.91,5.83,-0.11
-1203.45,0.00,188.66,0.00,-1399.64,-2.69,167.33,-0.18,50.08,0.00,5.83,0.00,70.21,-15.90,5.83,0.05
-1179.02,0.00,191.50,0.00,-1366.72,-8.81,170.01,-0.14,50.11,0.00,5.83,0.00,72.58,-10.96,5.83,0.09
-1153.49,0.00,194.47,0.00,-1327.57,-12.73,173.10,-0.09,50.15,0.00,5.83,0.00,74.80,-4.46,5.83,0.10
-1127.13,0.00,197.54,0.00,-1294.19,-13.36,175.80,-0.05,50.17,0.00,5.83,0.00,69.82,1.04,5.83,0.09
-1103.58,0.00,200.28,0.00,-1257.67,-11.12,179.00,-0.00,50.20,0.00,5.83,0.00,64.17,6.42,5.83,0.09
-1076.08,0.00,203.47,0.00,-1228.82,-7.12,181.73,0.04,50.23,0.00,5.83,0.00,59.52,10.19,5.83,0.10
-1047.09,0.00,206.84,0.00,-1199.66,-2.02,184.49,0.08,50.25,0.00,5.83,0.00,63.17,11.11,5.83,0.05
-1023.70,0.00,209.55,0.00,-1169.63,2.47,187.21,0.08,50.27,0.00,5.83,0.00,65.50,8.11,5.83,-0.05
-998.14,0.00,212.52,0.00,-1134.91,5.18,190.24,0.04,50.29,0.00,5.83,0.00,67.92,2.65,5.83,-0.09
-972.86,0.00,215.45,0.00,-1096.95,4.70,193.45,-0.01,50.31,0.00,5.83,0.00,69.81,-3.77,5.83,-0.09
-947.47,0.00,218.39,0.00,-1066.07,2.56,195.98,-0.04,50.32,0.00,5.83,0.00,72.24,-5.70,5.83,-0.05
-947.47,0.00,218.39,0.00,-993.50,-4.30,201.86,-0.07,50.32,0.00,5.83,0.00,68.48,-7.32,5.83,-0.02
-898.29,0.00,224.09,0.00,-993.50,-4.30,201.86,-0.07,50.35,0.00,5.83,0.00,68.48,-7.32,5.83,-0.02
-878.31,0.00,226.40,0.00,-962.47,-7.78,204.59,-0.08,50.36,0.00,5.83,0.00,64.58,-7.49,5.83,-0.02
-851.40,0.00,229.52,0.00,-929.01,-11.82,207.72,-0.09,50.37,0.00,5.83,0.00,60.54,-7.54,5.83,-0.01
-826.78,0.00,232.37,0.00,-897.81,-15.83,210.83,-0.10,50.38,0.00,5.83,0.00,56.93,-7.51,5.83,-0.01
-799.39,0.00,235.54,0.00,-872.64,-19.23,213.49,-0.10,50.39,0.00,5.83,0.00,54.12,-7.45,5.83,-0.01
-774.34,0.00,238.44,0.00,-844.94,-23.14,216.57,-0.11,50.40,0.00,5.83,0.00,51.12,-7.34,5.83,-0.01
-751.19,0.00,241.12,0.00,-818.08,-27.08,219.73,-0.11,50.41,0.00,5.83,0.00,48.31,-7.21,5.83,-0.01
-725.95,0.00,244.04,0.00,-797.28,-30.23,222.30,-0.12,50.42,0.00,5.83,0.00,46.19,-7.09,5.83,-0.01
-701.87,0.00,246.83,0.00,-776.00,-33.55,225.06,-0.12,50.42,0.00,5.83,0.00,44.06,-6.96,5.83,-0.01
-679.41,0.00,249.42,0.00,-751.45,-37.49,228.41,-0.13,50.43,0.00,5.83,0.00,41.67,-6.79,5.83,-0.01
-649.78,0.00,252.85,0.00,-731.31,-40.82,231.30,-0.13,50.44,0.00,5.83,0.00,39.74,-6.64,5.83,-0.01
-629.05,0.00,254.90,0.00,-712.63,-43.99,234.12,-0.13,50.44,0.00,4.37,0.00,37.98,-6.50,5.83,-0.01
-604.35,0.00,256.66,0.00,-693.76,-47.25,237.09,-0.14,50.45,0.00,2.98,0.00,36.24,-6.34,5.83,-0.01
-578.66,0.00,257.83,0.00,-673.13,-49.94,240.56,-0.12,50.45,0.00,1.79,0.00,33.36,-2.77,5.83,0.07
-550.46,0.00,258.47,0.00,-655.76,-50.26,243.73,-0.07,50.46,0.00,0.61,0.00,30.77,1.19,5.83,0.10
-526.97,0.00,258.51,0.00,-639.74,-48.46,246.93,-0.01,50.46,0.00,-0.32,0.00,27.96,4.91,5.83,0.11
-505.73,0.00,258.19,0.00,-626.73,-43.23,250.01,0.08,50.47,0.00,-1.15,0.00,21.60,13.72,5.83,0.22
-479.08,0.00,257.29,0.00,-618.05,-35.17,252.82,0.19,50.47,0.00,-2.12,0.00,15.05,18.83,5.83,0.23
-452.52,0.00,255.92,0.00,-612.81,-26.07,255.44,0.30,50.47,0.00,-2.98,0.00,8.87,21.18,5.83,0.24
-429.82,0.00,254.43,0.00,-610.48,-17.02,257.87,0.40,50.48,0.00,-3.59,0.00,2.90,22.02,5.83,0.25
-404.58,0.00,252.47,0.00,-611.02,-5.51,260.40,0.54,50.48,0.00,-4.16,0.00,-4.16,21.07,3.99,0.26
-377.34,0.00,250.08,0.00,-612.04,7.31,262.24,0.67,50.48,0.00,-4.63,0.00,0.25,22.56,2.43,0.18
-349.58,0.00,247.42,0.00,-611.58,15.33,263.05,0.71,50.48,0.00,-4.98,0.00,1.82,16.26,1.49,0.01
-322.85,0.00,245.27,0.00,-610.02,22.03,263.51,0.67,50.49,0.00,-3.36,0.00,3.82,9.88,0.39,-0.15
-297.02,0.00,243.92,0.00,-607.48,25.61,263.40,0.57,50.49,0.00,-2.10,0.00,5.09,3.74,-0.70,-0.21
-275.47,0.00,243.24,0.00,-604.96,26.05,262.80,0.47,50.49,0.00,-1.18,0.00,5.15,-1.40,-1.64,-0.22
-248.39,0.00,242.93,0.00,-602.86,24.41,261.89,0.37,50.49,0.00,-0.09,0.00,4.26,-5.54,-2.41,-0.23
-222.88,0.00,243.17,0.00,-601.30,20.85,260.55,0.26,50.49,0.00,0.92,0.00,2.42,-9.08,-3.15,-0.23
-198.50,0.00,243.86,0.00,-600.79,15.76,258.86,0.15,50.50,0.00,1.83,0.00,-0.15,-11.54,-3.78,-0.23
-170.33,0.00,245.17,0.00,-599.55,10.58,257.10,0.05,50.50,0.00,2.78,0.00,5.29,-12.30,-4.24,-0.22
-146.89,0.00,246.64,0.00,-595.64,4.68,255.06,-0.04,50.50,0.00,3.44,0.00,11.21,-13.53,-4.63,-0.19
-118.95,0.00,248.75,0.00,-586.55,-2.62,252.39,-0.12,50.50,0.00,4.09,0.00,20.76,-13.07,-4.99,-0.09
-89.71,0.00,251.29,0.00,-571.71,-9.14,249.42,-0.13,50.50,0.00,4.61,0.00,29.84,-9.81,-5.25,0.04
-67.20,0.00,253.01,0.00,-552.55,-13.34,247.07,-0.09,50.50,0.00,3.30,0.00,38.55,-5.59,-3.50,0.11
-43.54,0.00,254.25,0.00,-530.93,-14.85,245.66,-0.03,50.50,0.00,2.14,0.00,45.82,-0.71,-2.23,0.11
-21.07,0.00,254.96,0.00,-506.12,-13.75,244.85,0.02,50.50,0.00,1.18,0.00,52.17,4.61,-1.14,0.11
5.81,0.00,255.27,0.00,-471.21,-10.01,244.57,0.07,50.50,0.00,0.09,0.00,60.89,7.12,0.10,0.04
29.79,0.00,255.07,0.00,-434.65,-6.76,244.98,0.06,50.50,0.00,-0.85,0.00,66.80,3.94,1.23,-0.07
58.93,0.00,254.23,0.00,-396.21,-6.30,245.97,0.02,50.51,0.00,-1.94,0.00,71.99,-1.88,2.24,-0.09
83.34,0.00,253.07,0.00,-362.56,-7.66,247.16,-0.01,50.51,0.00,-2.75,0.00,76.84,-3.78,2.96,-0.04
105.68,0.00,251.70,0.00,-320.43,-10.07,248.94,-0.03,50.51,0.00,-3.39,0.00,81.84,-5.10,3.68,-0.03
129.94,0.00,249.91,0.00,-277.77,-11.83,250.99,-0.02,50.51,0.00,-3.97,0.00,84.62,-1.52,4.23,0.06
157.89,0.00,248.17,0.00,-233.95,-10.94,252.74,0.02,50.51,0.00,-2.51,0.00,86.77,4.56,2.83,0.09
188.79,0.00,247.10,0.00,-195.28,-8.37,253.73,0.04,50.51,0.00,-1.15,0.00,89.51,6.68,1.80,0.04
215.07,0.00,246.80,0.00,-145.89,-4.29,254.36,0.06,50.51,0.00,-0.10,0.00,92.19,8.12,0.66,0.02
240.75,0.00,247.04,0.00,-86.47,1.27,254.34,0.07,50.51,0.00,0.91,0.00,94.64,9.22,-0.61,0.02
267.36,0.00,247.81,0.00,-41.05,4.82,253.80,0.06,50.51,0.00,1.91,0.00,95.06,5.36,-1.53,-0.07
293.81,0.00,249.07,0.00,5.61,5.81,252.81,0.02,50.51,0.00,2.79,0.00,95.22,-0.82,-2.41,-0.08
319.59,0.00,250.70,0.00,59.46,3.17,251.16,-0.02,50.51,0.00,3.51,0.00,94.61,-7.66,-3.27,-0.08
346.62,0.00,252.18,0.00,109.89,-1.49,249.81,-0.05,50.51,0.00,2.18,0.00,95.64,-9.41,-1.99,-0.03
374.21,0.00,253.01,0.00,156.62,-5.28,249.13,-0.05,50.51,0.00,0.99,0.00,95.20,-5.79,-0.94,0.06
397.02,0.00,253.23,0.00,214.99,-6.29,248.97,0.00,50.51,0.00,0.08,0.00,94.26,1.92,0.30,0.08
423.45,0.00,252.97,0.00,262.17,-4.57,249.39,0.03,50.51,0.00,-0.96,0.00,94.81,4.37,1.28,0.04
453.58,0.00,252.03,0.00,302.79,-2.43,250.13,0.04,50.51,0.00,-2.07,0.00,95.12,5.48,2.07,0.02
483.07,0.00,250.51,0.00,350.72,0.59,251.40,0.05,50.51,0.00,-3.02,0.00,95.14,6.37,2.90,0.02
508.71,0.00,248.78,0.00,398.13,5.10,252.56,0.08,50.51,0.00,-3.70,0.00,86.31,10.70,1.67,0.08
535.14,0.00,247.24,0.00,442.77,12.44,253.13,0.12,50.51,0.00,-2.36,0.00,77.96,15.52,0.53,0.09
562.45,0.00,246.32,0.00,482.55,20.94,253.10,0.15,50.51,0.00,-1.17,0.00,72.12,16.04,-0.53,0.04
588.53,0.00,246.02,0.00,514.26,28.18,252.64,0.17,50.51,0.00,-0.12,0.00,67.81,15.79,-1.42,0.03
615.21,0.00,246.26,0.00,544.22,35.29,251.78,0.18,50.51,0.00,0.93,0.00,63.95,15.40,-2.24,0.02
642.49,0.00,247.07,0.00,575.84,43.03,250.40,0.19,50.51,0.00,1.95,0.00,60.05,14.90,-3.06,0.02
665.80,0.00,248.17,0.00,605.56,50.51,248.64,0.20,50.51,0.00,2.72,0.00,56.54,14.39,-3.74,0.01
688.42,0.00,249.55,0.00,633.77,57.78,246.55,0.20,50.51,0.00,3.38,0.00,53.33,13.88,-4.28,0.01
714.47,0.00,251.47,0.00,657.92,64.13,244.90,0.21,50.51,0.00,4.00,0.00,50.68,13.44,-2.98,0.01
741.92,0.00,253.20,0.00,684.18,71.17,243.68,0.21,50.51,0.00,2.55,0.00,47.87,12.94,-1.72,0.01
767.32,0.00,254.17,0.00,707.49,77.53,243.11,0.22,50.51,0.00,1.42,0.00,45.46,12.50,-0.67,0.01
792.68,0.00,254.59,0.00,731.40,84.17,243.07,0.22,50.51,0.00,0.39,0.00,43.04,12.05,0.41,0.01
817.53,0.00,254.52,0.00,750.78,90.27,243.51,0.24,50.51,0.00,-0.59,0.00,39.40,13.80,1.34,0.07
838.94,0.00,254.07,0.00,768.09,97.20,244.35,0.28,50.51,0.00,-1.42,0.00,35.70,15.92,2.18,0.09
871.33,0.00,252.76,0.00,783.99,105.24,245.58,0.33,50.51,0.00,-2.55,0.00,31.94,17.82,2.95,0.10
897.08,0.00,251.23,0.00,799.91,115.33,247.39,0.38,50.51,0.00,-3.32,0.00,27.76,19.47,3.68,0.11
923.05,0.00,249.34,0.00,812.80,122.27,249.30,0.37,50.51,0.00,-3.95,0.00,26.18,9.93,4.20,-0.16
942.78,0.00,248.03,0.00,825.53,124.21,251.54,0.27,50.51,0.00,-2.89,0.00,24.25,-1.03,4.64,-0.22
965.96,0.00,246.98,0.00,836.89,121.04,253.48,0.15,50.51,0.00,-1.82,0.00,20.24,-10.04,3.14,-0.23
996.89,0.00,246.31,0.00,845.58,114.28,254.71,0.04,50.51,0.00,-0.53,0.00,14.81,-15.95,1.94,-0.24
1025.11,0.00,246.36,0.00,851.22,105.63,255.38,-0.08,50.51,0.00,0.59,0.00,8.94,-19.14,0.91,-0.25
1049.86,0.00,246.90,0.00,853.90,96.70,255.56,-0.19,50.51,0.00,1.53,0.00,3.50,-20.28,-0.00,-0.25
1070.73,0.00,247.70,0.00,854.05,86.30,255.27,-0.32,50.51,0.00,2.27,0.00,-2.31,-19.92,-1.02,-0.26
1094.92,0.00,249.00,0.00,851.70,77.14,254.53,-0.45,50.51,0.00,3.04,0.00,-7.00,-18.31,-1.92,-0.25
1119.43,0.00,250.65,0.00,847.40,69.06,253.40,-0.56,50.51,0.00,3.69,0.00,-10.60,-15.80,-2.73,-0.25
1145.13,0.00,252.15,0.00,843.55,61.60,252.01,-0.67,50.51,0.00,2.38,0.00,-6.95,-17.41,-3.38,-0.22
1173.73,0.00,253.10,0.00,842.21,53.65,250.73,-0.73,50.51,0.00,1.14,0.00,0.50,-16.96,-2.22,-0.05
1198.16,0.00,253.39,0.00,844.70,44.97,249.93,-0.73,50.51,0.00,0.15,0.00,8.69,-17.78,-1.13,0.07
1198.16,0.00,253.39,0.00,854.10,33.09,249.79,-0.61,50.51,0.00,0.15,0.00,11.40,-8.66,0.72,0.16
1228.05,0.00,253.10,0.00,860.48,30.11,250.49,-0.52,50.51,0.00,-1.02,0.00,11.99,-2.93,1.75,0.18
1253.17,0.00,252.33,0.00,866.35,29.98,251.59,-0.43,50.51,0.00,-1.95,0.00,11.60,1.88,2.60,0.19
1283.56,0.00,250.82,0.00,874.22,31.10,252.57,-0.34,50.51,0.00,-2.95,0.00,19.10,2.62,1.47,0.17
1309.43,0.00,249.11,0.00,888.08,33.00,253.05,-0.24,50.51,0.00,-3.65,0.00,27.53,3.88,0.28,0.15
1332.49,0.00,247.74,0.00,904.15,35.32,252.90,-0.17,50.51,0.00,-2.47,0.00,34.60,5.13,-0.74,0.13
1359.90,0.00,246.77,0.00,922.25,37.33,252.32,-0.13,50.51,0.00,-1.27,0.00,42.05,3.65,-1.64,0.07
1383.85,0.00,246.42,0.00,945.23,38.79,251.26,-0.10,50.51,0.00,-0.30,0.00,49.79,2.41,-2.51,0.04
1409.72,0.00,246.56,0.00,969.02,38.98,249.95,-0.10,50.51,0.00,0.72,0.00,54.93,-1.38,-3.20,-0.05
1435.28,0.00,247.20,0.00,999.89,36.52,248.04,-0.14,50.51,0.00,1.69,0.00,60.30,-7.49,-3.88,-0.09
1462.92,0.00,248.42,0.00,1032.48,32.78,246.44,-0.15,50.51,0.00,2.64,0.00,65.68,-6.49,-2.52,0.04
1488.51,0.00,249.97,0.00,1067.79,30.47,245.47,-0.12,50.51,0.00,3.39,0.00,70.63,-2.59,-1.37,0.09
1511.10,0.00,251.62,0.00,1100.93,30.28,245.09,-0.08,50.51,0.00,3.93,0.00,74.28,1.37,-0.43,0.09
1535.25,0.00,253.15,0.00,1147.39,31.43,245.23,-0.04,50.51,0.00,2.66,0.00,79.91,2.15,0.77,0.04
1581.46,0.00,254.60,0.00,1147.39,31.43,245.23,-0.04,50.51,0.00,0.66,0.00,79.91,2.15,0.77,0.04
1604.20,0.00,254.67,0.00,1197.45,32.82,246.08,-0.02,50.51,0.00,-0.24,0.00,84.84,2.39,1.92,0.02
1627.77,0.00,254.32,0.00,1239.93,34.04,247.25,-0.01,50.51,0.00,-1.16,0.00,88.11,2.56,2.74,0.02
1653.22,0.00,253.47,0.00,1284.56,34.33,248.83,-0.03,50.51,0.00,-2.09,0.00,89.42,-1.56,3.47,-0.07
1674.76,0.00,252.41,0.00,1331.01,31.64,250.80,-0.07,50.51,0.00,-2.80,0.00,90.04,-8.32,4.07,-0.09
1698.70,0.00,250.90,0.00,1380.38,24.92,253.19,-0.12,50.51,0.00,-3.48,0.00,89.93,-15.35,4.57,-0.09
1720.94,0.00,249.24,0.00,1431.07,14.26,255.25,-0.17,50.51,0.00,-4.00,0.00,89.25,-21.54,2.95,-0.09
1745.92,0.00,247.64,0.00,1476.84,3.81,256.41,-0.18,50.51,0.00,-2.67,0.00,90.04,-18.92,1.75,0.04
1771.95,0.00,246.60,0.00,1527.54,-4.81,257.03,-0.14,50.51,0.00,-1.50,0.00,91.23,-12.24,0.58,0.08
1795.28,0.00,246.15,0.00,1566.69,-8.66,257.07,-0.10,50.51,0.00,-0.54,0.00,91.68,-6.38,-0.28,0.09
1820.47,0.00,246.15,0.00,1616.75,-9.96,256.60,-0.05,50.51,0.00,0.45,0.00,91.65,0.77,-1.35,0.09
1846.62,0.00,246.68,0.00,1659.67,-7.90,255.69,-0.01,50.51,0.00,1.46,0.00,83.68,6.78,-2.24,0.10
1876.27,0.00,247.88,0.00,1701.42,-2.73,254.26,0.05,50.51,0.00,2.50,0.00,75.74,12.12,-3.08,0.10
1902.30,0.00,249.39,0.00,1738.00,5.16,252.48,0.11,50.51,0.00,3.28,0.00,67.49,17.85,-3.76,0.13
1922.69,0.00,250.84,0.00,1773.61,15.87,250.20,0.16,50.51,0.00,3.80,0.00,60.98,20.19,-4.34,0.10
1944.15,0.00,252.18,0.00,1804.65,27.29,248.33,0.22,50.51,0.00,2.68,0.00,55.24,22.09,-2.84,0.10
1970.65,0.00,253.23,0.00,1833.55,35.94,247.15,0.19,50.51,0.00,1.48,0.00,50.17,9.72,-1.57,-0.16
1997.94,0.00,253.70,0.00,1856.59,37.47,246.67,0.11,50.51,0.00,0.37,0.00,45.62,-1.99,-0.56,-0.18
2022.50,0.00,253.62,0.00,1880.18,32.98,246.70,0.00,50.51,0.00,-0.60,0.00,38.92,-12.35,0.56,-0.19
2044.54,0.00,253.15,0.00,1898.55,24.54,247.29,-0.10,50.51,0.00,-1.45,0.00,31.75,-18.73,1.57,-0.20
2069.94,0.00,252.17,0.00,1913.07,13.50,248.38,-0.20,50.51,0.00,-2.35,0.00,24.27,-22.62,2.50,-0.21
2095.00,0.00,250.79,0.00,1922.60,2.51,249.72,-0.30,50.51,0.00,-3.13,0.00,17.62,-24.54,3.20,-0.21
2118.02,0.00,249.21,0.00,1928.70,-8.29,250.85,-0.40,50.51,0.00,-3.73,0.00,11.35,-25.34,2.15,-0.23
2145.89,0.00,247.60,0.00,1934.80,-19.46,251.67,-0.45,50.51,0.00,-2.31,0.00,11.15,-16.69,0.97,0.02
2168.76,0.00,246.80,0.00,1941.14,-26.48,251.86,-0.39,50.51,0.00,-1.31,0.00,11.47,-9.33,-0.16,0.16
2194.86,0.00,246.43,0.00,1947.82,-29.70,251.38,-0.29,50.51,0.00,-0.26,0.00,10.91,-2.28,-1.33,0.20
2242.90,0.00,247.12,0.00,1947.82,-29.70,251.38,-0.29,50.51,0.00,1.61,0.00,10.91,-2.28,-1.33,0.20
2272.20,0.00,248.39,0.00,1953.34,-29.28,250.36,-0.18,50.51,0.00,2.62,0.00,9.40,3.17,-2.31,0.20
2297.17,0.00,249.88,0.00,1957.42,-26.65,249.02,-0.08,50.51,0.00,3.35,0.00,7.32,7.05,-3.08,0.20
2321.97,0.00,251.70,0.00,1963.69,-21.86,247.71,0.02,50.51,0.00,3.95,0.00,14.32,9.92,-1.76,0.17
2342.95,0.00,253.08,0.00,1973.43,-16.66,247.11,0.09,50.51,0.00,2.83,0.00,22.58,10.24,-0.67,0.09
2372.20,0.00,254.28,0.00,1987.18,-12.05,247.06,0.10,50.51,0.00,1.50,0.00,29.79,7.70,0.37,-0.03
2400.14,0.00,254.76,0.00,2002.51,-9.27,247.46,0.07,50.51,0.00,0.36,0.00,36.24,4.52,1.27,-0.10
2428.40,0.00,254.62,0.00,2025.72,-8.29,248.52,0.01,50.51,0.00,-0.76,0.00,43.75,-0.77,2.31,-0.11
2453.77,0.00,253.97,0.00,2049.25,-9.22,249.87,-0.03,50.51,0.00,-1.72,0.00,51.01,-2.67,3.09,-0.06
2476.53,0.00,253.00,0.00,2074.51,-10.00,251.48,-0.03,50.51,0.00,-2.50,0.00,56.16,-0.51,3.71,0.04
2506.29,0.00,251.23,0.00,2101.66,-9.23,253.33,0.00,50.51,0.00,-3.38,0.00,60.76,3.64,4.21,0.09
2506.29,0.00,251.23,0.00,2159.10,-2.36,255.94,0.07,50.51,0.00,-3.38,0.00,69.05,10.04,1.93,0.05
2532.21,0.00,249.31,0.00,2195.01,2.03,256.61,0.07,50.51,0.00,-4.00,0.00,72.76,7.12,0.86,-0.05
2555.96,0.00,247.77,0.00,2235.75,4.20,256.75,0.03,50.51,0.00,-2.74,0.00,76.29,1.16,-0.24,-0.09
2580.98,0.00,246.73,0.00,2280.48,2.69,256.25,-0.02,50.51,0.00,-1.60,0.00,79.03,-5.67,-1.37,-0.09
2626.51,0.00,246.17,0.00,2280.48,2.69,256.25,-0.02,50.51,0.00,0.24,0.00,79.03,-5.67,-1.37,-0.09
2651.36,0.00,246.55,0.00,2320.32,-0.72,255.33,-0.05,50.51,0.00,1.21,0.00,82.44,-7.69,-2.26,-0.04
2675.84,0.00,247.38,0.00,2361.14,-3.80,254.01,-0.05,50.51,0.00,2.11,0.00,84.19,-4.61,-3.04,0.06
2703.59,0.00,248.81,0.00,2395.66,-4.66,252.65,-0.02,50.51,0.00,3.00,0.00,85.38,0.07,-3.59,0.08
2703.59,0.00,248.81,0.00,2482.80,0.78,248.47,0.05,50.51,0.00,3.00,0.00,88.37,8.14,-4.60,0.04
2728.81,0.00,250.50,0.00,2522.72,3.86,246.73,0.05,50.51,0.00,3.67,0.00,88.73,5.26,-3.27,-0.05
2774.47,0.00,252.74,0.00,2522.72,3.86,246.73,0.05,50.51,0.00,1.49,0.00,88.73,5.26,-3.27,-0.05
2801.21,0.00,253.20,0.00,2576.91,4.73,245.24,0.01,50.51,0.00,0.40,0.00,89.14,-1.94,-1.81,-0.08
2826.50,0.00,253.13,0.00,2624.33,2.92,244.62,-0.02,50.51,0.00,-0.60,0.00,90.56,-4.33,-0.70,-0.04
2850.33,0.00,252.60,0.00,2669.61,0.43,244.54,-0.04,50.51,0.00,-1.52,0.00,91.55,-5.49,0.30,-0.02
2873.87,0.00,251.68,0.00,2716.69,-1.49,244.99,-0.03,50.51,0.00,-2.35,0.00,90.97,-1.62,1.31,0.07
2903.01,0.00,250.03,0.00,2766.32,-1.62,246.00,-0.00,50.51,0.00,-3.24,0.00,91.73,0.61,2.30,0.03
2931.01,0.00,248.02,0.00,2821.62,-0.77,247.70,0.01,50.51,0.00,-3.93,0.00,92.24,1.99,3.23,0.02
2956.64,0.00,246.41,0.00,2865.25,0.37,249.38,0.02,50.51,0.00,-2.59,0.00,92.40,2.75,3.83,0.02
2978.05,0.00,245.54,0.00,2911.88,1.96,251.00,0.03,50.51,0.00,-1.62,0.00,85.18,3.20,2.46,0.01
3000.00,0.00,245.01,0.00,2954.46,3.71,251.94,0.04,50.51,0.00,-0.57,0.00,78.99,3.47,1.30,0.01
3000.00,0.00,245.03,0.00,2992.79,5.52,252.30,0.04,50.51,0.00,0.52,0.00,73.72,3.64,0.27,0.01
3000.00,0.00,245.66,0.00,2999.99,7.27,252.17,0.05,50.51,0.00,1.60,0.00,69.15,3.75,-0.72,0.01
3000.00,0.00,246.61,0.00,2999.99,9.25,251.45,0.05,50.51,0.00,2.42,0.00,64.58,3.82,-1.77,0.01
3000.00,0.00,247.98,0.00,2999.98,10.92,250.42,0.05,50.51,0.00,3.17,0.00,61.11,3.84,-2.57,0.01
3000.00,0.00,249.56,0.00,2999.97,12.69,248.95,0.06,50.51,0.00,3.75,0.00,57.77,3.85,-3.31,0.01
3000.00,0.00,251.53,0.00,2999.97,14.48,247.13,0.06,50.51,0.00,4.27,0.00,54.67,3.84,-3.93,0.01
3000.00,0.00,253.15,0.00,2999.96,16.27,244.99,0.06,50.51,0.00,2.98,0.00,51.78,3.82,-4.42,0.01
3000.00,0.00,254.30,0.00,2999.95,17.86,242.89,0.07,50.51,0.00,1.82,0.00,49.39,3.79,-4.77,0.01
3000.00,0.00,254.95,0.00,2999.94,19.65,240.34,0.07,50.51,0.00,0.64,0.00,46.87,3.75,-5.07,0.01
3000.00,0.00,255.01,0.00,2999.92,21.54,237.42,0.07,50.51,0.00,-0.30,0.00,44.35,3.70,-5.31,0.01
3000.00,0.00,254.46,0.00,2999.91,22.99,235.10,0.07,50.51,0.00,-1.45,0.00,42.53,3.65,-5.44,0.00
3000.00,0.00,253.50,0.00,2999.90,24.63,232.35,0.08,50.51,0.00,-2.34,0.00,40.56,3.60,-5.55,0.00
3000.00,0.00,252.15,0.00,2999.88,26.38,229.29,0.08,50.51,0.00,-3.10,0.00,38.55,3.54,-5.64,0.00
3000.00,0.00,250.67,0.00,2999.87,28.00,226.90,0.08,50.51,0.00,-3.68,0.00,36.77,3.48,-3.90,0.00
3000.00,0.00,248.62,0.00,2999.85,29.58,225.30,0.08,50.51,0.00,-4.23,0.00,35.11,3.41,-2.56,0.00
3000.00,0.00,246.95,0.00,2999.84,31.25,224.27,0.09,50.51,0.00,-2.90,0.00,33.41,3.34,-1.32,0.00
3000.00,0.00,245.97,0.00,2999.82,32.77,223.90,0.09,50.51,0.00,-1.91,0.00,31.92,3.28,-0.26,0.00
3000.00,0.00,245.40,0.00,2999.80,34.38,224.09,0.09,50.51,0.00,-1.07,0.00,30.39,3.21,0.84,0.00
3000.00,0.00,245.15,0.00,2999.79,35.72,224.73,0.09,50.51,0.00,-0.09,0.00,29.15,3.14,1.75,0.00
3000.00,0.00,245.40,0.00,2999.77,36.92,225.67,0.09,50.51,0.00,0.94,0.00,28.06,3.09,2.51,0.00
3000.00,0.00,246.11,0.00,2999.75,38.40,227.31,0.10,50.51,0.00,1.86,0.00,26.74,3.01,3.34,0.00
3000.00,0.00,247.44,0.00,2999.74,39.67,229.07,0.10,50.51,0.00,2.80,0.00,25.64,2.95,3.93,0.00
3000.00,0.00,249.16,0.00,2999.72,41.16,231.54,0.10,50.51,0.00,3.56,0.00,24.37,2.87,4.49,0.00
3000.00,0.00,251.10,0.00,2999.70,42.33,233.75,0.10,50.51,0.00,4.13,0.00,23.37,2.81,4.83,0.00
3000.00,0.00,252.66,0.00,2999.68,43.51,236.15,0.10,50.51,0.00,2.87,0.00,22.39,2.74,5.10,0.00
3000.00,0.00,253.67,0.00,2999.67,44.78,238.95,0.10,50.51,0.00,1.84,0.00,21.34,2.67,5.32,0.00
3000.00,0.00,254.33,0.00,2999.65,45.95,241.69,0.11,50.51,0.00,0.66,0.00,20.38,2.60,5.47,0.00
3000.00,0.00,254.41,0.00,2999.63,46.97,244.16,0.11,50.51,0.00,-0.25,0.00,19.56,2.54,5.56,0.00
3000.00,0.00,254.01,0.00,2999.61,48.29,247.56,0.11,50.51,0.00,-1.24,0.00,18.48,2.45,5.65,0.00
3000.00,0.00,253.09,0.00,2999.59,49.33,250.35,0.11,50.51,0.00,-2.18,0.00,17.64,2.39,5.71,0.00
3000.00,0.00,251.95,0.00,2999.58,50.40,253.32,0.11,50.51,0.00,-2.90,0.00,16.77,2.31,5.74,0.00
3000.00,0.00,250.19,0.00,2999.56,51.38,255.67,0.11,50.51,0.00,-3.63,0.00,15.97,2.25,4.05,0.00
3000.00,0.00,248.55,0.00,2999.55,52.18,257.07,0.11,50.51,0.00,-4.11,0.00,15.32,2.19,2.92,0.00
3000.00,0.00,246.85,0.00,2999.53,53.00,258.09,0.12,50.51,0.00,-2.72,0.00,14.65,2.13,1.90,0.00
3000.00,0.00,245.76,0.00,2999.52,53.92,258.75,0.12,50.51,0.00,-1.50,0.00,13.88,2.06,0.84,0.00
3000.00,0.00,245.29,0.00,2999.50,54.68,258.90,0.12,50.51,0.00,-0.44,0.00,13.24,1.99,-0.03,0.00
3000.00,0.00,245.39,0.00,2999.49,55.56,258.59,0.12,50.51,0.00,0.67,0.00,12.49,1.92,-1.05,0.00
3000.00,0.00,245.97,0.00,2999.47,56.32,257.90,0.12,50.51,0.00,1.61,0.00,11.84,1.85,-1.91,0.00
3000.00,0.00,246.98,0.00,2999.46,57.11,256.71,0.12,50.51,0.00,2.46,0.00,11.13,1.78,-2.75,0.00
3000.00,0.00,248.54,0.00,2999.44,57.88,255.13,0.12,50.51,0.00,3.27,0.00,10.44,1.71,-3.47,0.00
3000.00,0.00,250.80,0.00,2999.43,58.66,253.10,0.13,50.51,0.00,4.02,0.00,9.72,1.63,-4.09,0.00
3000.00,0.00,252.67,0.00,2999.41,59.30,251.13,0.13,50.51,0.00,2.44,0.00,9.11,1.56,-4.51,0.00
3000.00,0.00,253.66,0.00,2999.40,59.96,249.32,0.13,50.51,0.00,1.17,0.00,8.47,1.49,-3.10,0.00
3000.00,0.00,253.96,0.00,2999.39,60.60,248.11,0.13,50.51,0.00,0.12,0.00,7.82,1.42,-1.92,0.00
3000.00,0.00,253.74,0.00,2999.38,61.12,247.51,0.13,50.51,0.00,-0.89,0.00,7.27,1.35,-1.00,0.00
3000.00,0.00,253.05,0.00,2999.37,61.71,247.29,0.13,50.51,0.00,-1.81,0.00,6.63,1.27,0.02,0.00
3000.00,0.00,252.15,0.00,2999.36,62.18,247.49,0.13,50.51,0.00,-2.52,0.00,6.11,1.21,0.85,0.00
3000.00,0.00,250.56,0.00,2999.34,62.75,248.28,0.13,50.51,0.00,-3.32,0.00,5.41,1.12,1.90,0.00
3000.00,0.00,248.41,0.00,2999.33,63.23,249.46,0.14,50.51,0.00,-4.02,0.00,4.80,1.04,2.74,0.00
3000.00,0.00,246.97,0.00,2999.32,63.83,250.71,0.14,50.51,0.00,-2.86,0.00,3.99,0.94,1.23,0.00
3000.00,0.00,245.87,0.00,2999.31,64.22,251.05,0.14,50.51,0.00,-1.71,0.00,3.40,0.86,0.24,0.00
3000.00,0.00,245.30,0.00,2999.30,64.65,250.81,0.14,50.51,0.00,-0.62,0.00,2.70,0.76,-0.92,0.00
3000.00,0.00,245.25,0.00,2999.30,64.97,250.15,0.14,50.51,0.00,0.29,0.00,2.14,0.68,-1.80,0.00
3000.00,0.00,245.72,0.00,2999.29,65.28,248.95,0.14,50.51,0.00,1.35,0.00,1.51,0.59,-2.70,0.00
3000.00,0.00,246.59,0.00,2999.28,65.51,247.59,0.14,50.51,0.00,2.21,0.00,0.98,0.52,-3.35,0.00
3000.00,0.00,247.87,0.00,2999.28,65.74,245.72,0.14,50.51,0.00,2.99,0.00,0.38,0.43,-3.97,0.00
3000.00,0.00,249.66,0.00,2999.28,65.90,244.35,0.15,50.51,0.00,3.70,0.00,-0.11,0.36,-2.86,0.00
3000.00,0.00,251.58,0.00,2999.05,66.06,243.22,0.15,50.51,0.00,4.22,0.00,-0.72,0.27,-1.66,0.00
3000.00,0.00,253.28,0.00,2998.53,66.17,242.68,0.15,50.51,0.00,2.87,0.00,-1.31,0.17,-0.62,0.00
3000.00,0.00,254.40,0.00,2997.74,66.23,242.64,0.15,50.51,0.00,1.68,0.00,-1.88,0.09,0.35,0.00
3000.00,0.00,254.96,0.00,2996.43,66.24,243.21,0.15,50.51,0.00,0.58,0.00,-2.56,-0.02,1.49,0.00
3000.00,0.00,254.99,0.00,2994.95,66.21,244.23,0.15,50.51,0.00,-0.39,0.00,-3.16,-0.12,2.40,0.00
3000.00,0.00,254.59,0.00,2992.95,66.11,245.87,0.15,50.51,0.00,-1.27,0.00,-3.81,-0.22,3.27,0.00
3000.00,0.00,253.81,0.00,2990.82,65.96,247.75,0.15,50.51,0.00,-2.10,0.00,-4.39,-0.32,3.91,0.00
3000.00,0.00,252.48,0.00,2988.23,65.76,250.05,0.16,50.51,0.00,-2.94,0.00,-5.00,-0.42,4.45,0.00
3000.00,0.00,250.88,0.00,2985.44,65.50,252.51,0.16,50.51,0.00,-3.61,0.00,-5.58,-0.52,4.84,0.00
3000.00,0.00,248.68,0.00,2982.47,65.21,254.51,0.16,50.51,0.00,-4.22,0.00,-6.12,-0.62,3.32,0.00
3000.00,0.00,247.02,0.00,2979.26,64.88,255.82,0.16,50.51,0.00,-2.89,0.00,-6.65,-0.71,2.09,0.00
3000.00,0.00,245.86,0.00,2976.48,64.57,256.47,0.16,50.51,0.00,-1.67,0.00,-7.07,-0.79,1.21,0.00
3000.00,0.00,245.29,0.00,2972.21,64.08,256.80,0.16,50.51,0.00,-0.52,0.00,-7.66,-0.89,0.04,0.00
3000.00,0.00,245.31,0.00,2968.35,63.63,256.55,0.16,50.51,0.00,0.49,0.00,-8.14,-0.98,-0.93,0.00
3000.00,0.00,245.84,0.00,2964.17,63.11,255.83,0.16,50.51,0.00,1.48,0.00,-8.62,-1.07,-1.87,0.00
3000.00,0.00,246.81,0.00,2959.98,62.58,254.74,0.16,50.51,0.00,2.36,0.00,-9.06,-1.16,-2.67,0.00
3000.00,0.00,248.12,0.00,2955.55,62.01,253.27,0.17,50.51,0.00,3.10,0.00,-9.49,-1.24,-3.37,0.00
3000.00,0.00,249.78,0.00,2950.14,61.30,251.20,0.17,50.51,0.00,3.74,0.00,-9.98,-1.33,-4.04,0.00
3000.00,0.00,251.85,0.00,2944.66,60.55,248.88,0.17,50.51,0.00,4.28,0.00,-10.44,-1.43,-4.53,0.00
3000.00,0.00,253.60,0.00,2938.93,59.76,246.92,0.17,50.51,0.00,2.88,0.00,-10.88,-1.51,-3.00,0.00
3000.00,0.00,254.74,0.00,2933.60,59.01,245.79,0.17,50.51,0.00,1.67,0.00,-11.26,-1.59,-1.86,0.00
3000.00,0.00,255.29,0.00,2927.89,58.20,245.15,0.17,50.51,0.00,0.62,0.00,-11.65,-1.67,-0.81,0.00
3000.00,0.00,255.32,0.00,2921.84,57.33,245.03,0.17,50.51,0.00,-0.38,0.00,-12.02,-1.75,0.22,0.00
3000.00,0.00,254.73,0.00,2915.48,56.39,245.44,0.17,50.51,0.00,-1.52,0.00,-12.39,-1.83,1.24,0.00
3000.00,0.00,253.90,0.00,2908.58,55.91,246.35,0.19,50.51,0.00,-2.29,0.00,-14.29,-0.30,2.18,0.08
3000.00,0.00,252.85,0.00,2900.22,56.04,247.80,0.24,50.51,0.00,-2.92,0.00,-16.29,0.56,3.05,0.12
3000.00,0.00,251.05,0.00,2890.74,56.41,249.69,0.31,50.51,0.00,-3.66,0.00,-18.27,0.68,3.77,0.13
3000.00,0.00,249.32,0.00,2880.32,56.66,251.30,0.38,50.51,0.00,-4.15,0.00,-20.09,0.18,2.38,0.13
3000.00,0.00,247.77,0.00,2869.38,56.49,252.21,0.45,50.51,0.00,-2.91,0.00,-21.64,-0.81,1.23,0.13
