-2500.00,0.00,0.00,0.00,-1855.66,105.90,3.30,0.75,0.00,0.00,0.00,0.00,0.00,0.00,0.00,0.00
-2499.60,0.00,0.28,0.00,-1856.51,106.15,3.01,0.77,1.42,0.00,1.01,0.00,-2.98,0.83,-1.03,0.10
-2498.62,0.00,0.97,0.00,-1858.66,106.66,2.27,0.83,2.71,0.00,1.88,0.00,-5.71,1.16,-1.93,0.15
-2496.94,0.00,2.11,0.00,-1863.45,107.28,1.15,0.94,4.06,0.00,2.70,0.00,-13.52,1.00,-2.73,0.28
-2495.38,0.00,3.12,0.00,-1871.47,107.04,0.14,1.07,5.00,0.00,3.21,0.00,-19.47,-2.12,-1.64,0.28
-2492.74,0.00,4.76,0.00,-1882.56,104.46,0.00,1.21,6.28,0.00,3.80,0.00,-22.95,-7.63,-0.57,0.26
-2489.56,0.00,6.62,0.00,-1894.53,98.84,0.00,1.34,7.52,0.00,4.28,0.00,-23.58,-13.83,0.45,0.24
-2485.99,0.00,8.58,0.00,-1905.77,90.50,0.48,1.45,8.70,0.00,4.64,0.00,-22.25,-19.59,1.40,0.23
-2481.39,0.00,10.94,0.00,-1916.71,78.58,1.49,1.57,10.00,0.00,4.96,0.00,-19.58,-25.23,2.35,0.22
-2476.20,0.00,13.41,0.00,-1925.06,65.58,2.79,1.67,11.28,0.00,5.20,0.00,-16.14,-29.37,3.09,0.20
-2470.34,0.00,16.01,0.00,-1930.71,53.45,4.12,1.74,12.54,0.00,5.37,0.00,-12.98,-32.18,3.61,0.20
-2464.90,0.00,18.26,0.00,-1936.90,32.57,6.56,1.86,13.59,0.00,5.49,0.00,-7.77,-35.57,4.28,0.19
-2457.73,0.00,21.04,0.00,-1939.30,17.22,8.45,1.94,14.84,0.00,5.59,0.00,-4.06,-37.16,4.63,0.18
-2451.80,0.00,23.21,0.00,-1940.11,-1.99,10.90,2.03,15.78,0.00,5.64,0.00,0.38,-38.39,4.96,0.17
-2444.65,0.00,25.69,0.00,-1938.29,-24.55,13.88,2.13,16.82,0.00,5.69,0.00,5.33,-38.96,5.24,0.17
-2429.45,0.00,30.57,0.00,-1938.29,-24.55,13.88,2.13,18.78,0.00,5.75,0.00,5.33,-38.96,5.24,0.17
-2418.87,0.00,33.70,0.00,-1934.42,-44.30,16.59,2.21,19.99,0.00,5.78,0.00,9.45,-38.78,5.41,0.16
-2409.04,0.00,36.47,0.00,-1928.18,-64.77,19.51,2.30,21.01,0.00,5.79,0.00,13.49,-38.04,5.54,0.16
-2398.71,0.00,39.25,0.00,-1919.12,-86.24,22.73,2.39,22.01,0.00,5.81,0.00,17.50,-36.69,5.63,0.15
-2388.67,0.00,41.84,0.00,-1910.30,-102.81,25.35,2.46,22.91,0.00,5.81,0.00,20.41,-35.25,5.69,0.15
-2377.16,0.00,44.70,0.00,-1902.00,-116.04,27.53,2.51,23.86,0.00,5.82,0.00,22.62,-33.85,5.72,0.15
-2366.78,0.00,47.19,0.00,-1889.08,-133.50,30.60,2.59,24.66,0.00,5.82,0.00,25.36,-31.72,5.76,0.14
-2354.64,0.00,50.00,0.00,-1875.79,-148.73,33.48,2.66,25.54,0.00,5.83,0.00,27.60,-29.52,5.78,0.14
-2338.94,0.00,53.50,0.00,-1861.01,-163.25,36.46,2.73,26.59,0.00,5.83,0.00,29.57,-27.12,5.79,0.14
-2326.24,0.00,56.24,0.00,-1845.06,-176.69,39.50,2.80,27.37,0.00,5.83,0.00,31.24,-24.59,5.81,0.13
-2311.29,0.00,59.37,0.00,-1832.31,-186.47,41.99,2.86,28.22,0.00,5.83,0.00,28.40,-21.35,5.81,0.13
-2295.04,0.00,62.67,0.00,-1818.14,-196.90,45.11,2.93,29.08,0.00,5.83,0.00,24.90,-18.12,5.82,0.14
-2279.92,0.00,65.66,0.00,-1804.89,-206.50,48.48,3.01,29.82,0.00,5.83,0.00,21.21,-15.42,5.82,0.14
-2265.64,0.00,68.42,0.00,-1794.94,-213.84,51.46,3.08,30.47,0.00,5.83,0.00,18.02,-13.62,5.83,0.14
-2249.92,0.00,71.39,0.00,-1787.36,-219.58,54.31,3.14,31.14,0.00,5.83,0.00,13.41,-10.49,5.83,0.09
-2233.84,0.00,74.37,0.00,-1781.19,-223.90,57.49,3.15,31.78,0.00,5.83,0.00,9.55,-6.16,5.83,-0.04
-2216.83,0.00,77.46,0.00,-1777.24,-226.28,60.60,3.11,32.41,0.00,5.83,0.00,5.65,-3.11,5.83,-0.12
-2203.16,0.00,79.90,0.00,-1775.34,-227.10,63.56,3.03,32.88,0.00,5.83,0.00,2.23,-0.35,5.83,-0.17
-2188.56,0.00,82.47,0.00,-1775.76,-227.08,66.78,2.96,33.36,0.00,5.83,0.00,-3.19,0.48,5.83,-0.11
-2172.99,0.00,85.17,0.00,-1778.23,-227.32,69.56,2.93,33.84,0.00,5.83,0.00,-6.83,-1.30,5.83,-0.00
-2156.57,0.00,87.98,0.00,-1782.86,-228.59,72.58,2.95,34.31,0.00,5.83,0.00,-10.60,-3.46,5.83,0.10
-2139.37,0.00,90.88,0.00,-1788.67,-230.79,75.34,3.01,34.78,0.00,5.83,0.00,-13.64,-5.68,5.83,0.14
-2123.00,0.00,93.61,0.00,-1795.91,-233.30,78.01,3.06,35.19,0.00,5.83,0.00,-17.54,-5.34,5.83,0.09
-2104.82,0.00,96.60,0.00,-1805.63,-235.18,80.99,3.08,35.62,0.00,5.83,0.00,-20.28,-2.22,5.83,-0.03
-2085.45,0.00,99.75,0.00,-1817.85,-235.14,84.25,3.04,36.04,0.00,5.83,0.00,-23.13,2.08,5.83,-0.11
-2069.69,0.00,102.29,0.00,-1833.78,-231.73,88.03,2.96,36.37,0.00,5.83,0.00,-25.65,7.96,5.83,-0.13
-2051.41,0.00,105.20,0.00,-1849.57,-226.50,91.33,2.91,36.72,0.00,5.83,0.00,-29.64,10.17,5.83,-0.07
-2033.32,0.00,108.06,0.00,-1863.91,-222.19,94.03,2.90,37.05,0.00,5.83,0.00,-32.16,8.43,5.83,0.03
-2014.20,0.00,111.06,0.00,-1880.79,-218.83,96.95,2.93,37.38,0.00,5.83,0.00,-35.01,5.12,5.83,0.10
-1995.66,0.00,113.94,0.00,-1897.86,-216.64,99.65,2.97,37.67,0.00,5.83,0.00,-38.29,4.49,5.83,0.06
-1976.60,0.00,116.88,0.00,-1918.73,-213.42,102.77,2.97,37.95,0.00,5.83,0.00,-39.57,7.60,5.83,-0.05
-1958.55,0.00,119.64,0.00,-1941.37,-207.53,106.08,2.92,38.20,0.00,5.83,0.00,-40.15,12.84,5.83,-0.11
-1936.36,0.00,123.02,0.00,-1960.69,-200.11,108.89,2.87,38.49,0.00,5.83,0.00,-40.06,17.45,5.83,-0.11
-1917.59,0.00,125.85,0.00,-1980.28,-190.34,111.76,2.81,38.71,0.00,5.83,0.00,-39.56,21.76,5.83,-0.12
-1897.81,0.00,128.82,0.00,-1999.30,-178.20,114.79,2.75,38.94,0.00,5.83,0.00,-34.13,24.48,5.83,-0.13
-1882.67,0.00,131.08,0.00,-2013.59,-165.14,117.63,2.67,39.10,0.00,5.83,0.00,-25.45,28.49,5.83,-0.19
-1861.18,0.00,134.28,0.00,-2023.86,-151.21,120.52,2.58,39.31,0.00,5.83,0.00,-17.06,27.66,5.83,-0.17
-1840.11,0.00,137.40,0.00,-2030.43,-137.22,123.58,2.49,39.51,0.00,5.83,0.00,-8.85,25.64,5.83,-0.18
-1818.15,0.00,140.63,0.00,-2032.84,-125.03,126.53,2.40,39.70,0.00,5.83,0.00,-1.49,22.73,5.83,-0.19
-1797.56,0.00,143.65,0.00,-2031.30,-113.51,129.82,2.29,39.86,0.00,5.83,0.00,6.05,18.31,5.83,-0.21
-1780.86,0.00,146.09,0.00,-2024.95,-103.80,133.22,2.14,39.99,0.00,5.83,0.00,14.63,14.73,5.83,-0.29
-1759.89,0.00,149.14,0.00,-2014.74,-97.39,136.50,1.96,40.14,0.00,5.83,0.00,20.84,8.36,5.83,-0.33
-1739.74,0.00,152.06,0.00,-2004.61,-95.22,139.12,1.82,40.27,0.00,5.83,0.00,23.50,1.80,5.83,-0.32
-1716.13,0.00,155.48,0.00,-1991.61,-96.72,142.31,1.65,40.42,0.00,5.83,0.00,23.57,-6.39,5.83,-0.29
-1696.05,0.00,158.37,0.00,-1980.58,-101.64,145.17,1.51,40.53,0.00,5.83,0.00,21.51,-12.95,5.83,-0.26
-1676.14,0.00,161.23,0.00,-1971.77,-108.61,147.75,1.40,40.64,0.00,5.83,0.00,18.56,-17.96,5.83,-0.24
-1655.31,0.00,164.22,0.00,-1964.13,-118.03,150.44,1.30,40.75,0.00,5.83,0.00,14.83,-22.23,5.83,-0.22
-1631.37,0.00,167.64,0.00,-1958.19,-129.49,153.21,1.19,40.86,0.00,5.83,0.00,10.62,-25.62,5.83,-0.21
-1611.34,0.00,170.49,0.00,-1953.96,-144.03,156.33,1.09,40.94,0.00,5.83,0.00,5.73,-28.34,5.83,-0.20
-1593.63,0.00,173.01,0.00,-1952.34,-159.65,159.44,0.98,41.02,0.00,5.83,0.00,0.90,-30.01,5.83,-0.19
-1572.72,0.00,175.98,0.00,-1953.02,-174.25,162.24,0.90,41.10,0.00,5.83,0.00,-3.28,-30.73,5.83,-0.18
-1550.85,0.00,179.08,0.00,-1956.13,-190.94,165.39,0.81,41.18,0.00,5.83,0.00,-7.68,-30.84,5.83,-0.17
-1525.36,0.00,182.69,0.00,-1959.97,-203.46,167.78,0.74,41.26,0.00,5.83,0.00,-10.76,-30.47,5.83,-0.16
-1505.14,0.00,185.55,0.00,-1966.82,-219.50,170.90,0.65,41.32,0.00,5.83,0.00,-14.42,-29.57,5.83,-0.15
-1486.80,0.00,188.13,0.00,-1975.29,-234.59,173.95,0.58,41.38,0.00,5.83,0.00,-17.61,-28.29,5.83,-0.15
-1462.79,0.00,191.52,0.00,-1984.32,-247.63,176.71,0.51,41.44,0.00,5.83,0.00,-20.18,-26.85,5.83,-0.14
-1442.40,0.00,194.38,0.00,-1993.15,-259.12,179.41,0.44,41.49,0.00,5.83,0.00,-18.17,-23.37,5.83,-0.14
-1422.25,0.00,197.21,0.00,-2000.81,-268.94,182.04,0.38,41.54,0.00,5.83,0.00,-15.99,-20.54,5.83,-0.15
-1401.98,0.00,200.06,0.00,-2007.78,-278.03,184.81,0.31,41.59,0.00,5.83,0.00,-13.55,-18.10,5.83,-0.15
-1383.60,0.00,202.64,0.00,-2012.88,-285.13,187.23,0.25,41.62,0.00,5.83,0.00,-11.30,-16.38,5.83,-0.15
-1362.54,0.00,205.58,0.00,-2017.33,-292.11,189.85,0.18,41.67,0.00,5.83,0.00,-8.75,-14.95,5.83,-0.16
-1343.97,0.00,208.18,0.00,-2020.48,-298.43,192.68,0.12,41.70,0.00,5.83,0.00,-4.53,-11.76,5.83,-0.10
-1326.16,0.00,210.67,0.00,-2021.88,-303.04,195.58,0.09,41.73,0.00,5.83,0.00,-1.29,-7.42,5.83,0.02
-1304.83,0.00,213.65,0.00,-2021.29,-305.96,198.90,0.13,41.76,0.00,5.83,0.00,2.95,-3.27,5.83,0.12
-1281.01,0.00,216.98,0.00,-2018.88,-306.58,201.75,0.20,41.80,0.00,5.83,0.00,6.46,0.44,5.83,0.16
-1264.31,0.00,219.31,0.00,-2014.48,-305.92,204.53,0.26,41.82,0.00,5.83,0.00,11.50,2.23,5.83,0.10
-1238.40,0.00,222.92,0.00,-2007.29,-305.09,207.52,0.29,41.86,0.00,5.83,0.00,16.10,1.04,5.83,-0.02
-1219.91,0.00,225.50,0.00,-1996.21,-305.15,210.94,0.25,41.88,0.00,5.83,0.00,21.13,-1.17,5.83,-0.11
-1198.81,0.00,228.43,0.00,-1985.39,-306.25,213.66,0.19,41.91,0.00,5.83,0.00,24.80,-3.38,5.83,-0.13
-1176.49,0.00,231.54,0.00,-1969.10,-308.02,217.07,0.14,41.93,0.00,5.83,0.00,30.40,-2.72,5.83,-0.07
-1156.99,0.00,234.25,0.00,-1952.57,-308.45,220.07,0.13,41.95,0.00,5.83,0.00,33.43,0.85,5.83,0.04
-1134.48,0.00,237.38,0.00,-1930.51,-305.98,223.72,0.18,41.97,0.00,5.83,0.00,36.68,6.73,5.83,0.11
-1117.47,0.00,239.74,0.00,-1910.67,-301.82,226.69,0.22,41.99,0.00,5.83,0.00,40.86,9.24,5.83,0.06
-1099.61,0.00,242.22,0.00,-1889.05,-297.56,229.65,0.22,42.00,0.00,5.83,0.00,44.11,7.39,5.83,-0.05
-1079.10,0.00,245.07,0.00,-1866.12,-294.80,232.56,0.19,42.02,0.00,5.83,0.00,47.28,3.84,5.83,-0.10
-1056.47,0.00,248.21,0.00,-1837.59,-292.84,235.91,0.15,42.04,0.00,5.83,0.00,51.65,3.21,5.83,-0.05
-1019.40,0.00,252.99,0.00,-1837.59,-292.84,235.91,0.15,42.06,0.00,4.33,0.00,51.65,3.21,5.83,-0.05
-996.60,0.00,254.88,0.00,-1809.37,-291.20,238.97,0.12,42.07,0.00,2.83,0.00,55.31,3.07,5.83,-0.03
-975.39,0.00,255.97,0.00,-1777.06,-289.49,242.26,0.11,42.09,0.00,1.66,0.00,58.89,3.01,5.83,-0.02
-954.83,0.00,256.50,0.00,-1750.19,-287.41,244.90,0.12,42.10,0.00,0.64,0.00,59.80,6.21,5.83,0.06
-930.93,0.00,256.51,0.00,-1721.69,-283.20,247.66,0.16,42.11,0.00,-0.50,0.00,60.30,11.18,5.83,0.09
-910.31,0.00,256.01,0.00,-1689.86,-276.66,250.68,0.19,42.12,0.00,-1.45,0.00,62.56,13.64,5.83,0.04
-910.31,0.00,256.01,0.00,-1634.02,-267.00,255.78,0.16,42.12,0.00,-1.45,0.00,65.05,7.47,5.83,-0.09
-888.74,0.00,255.00,0.00,-1602.11,-263.84,258.13,0.13,42.13,0.00,-2.37,0.00,67.25,6.02,4.15,-0.04
-871.71,0.00,253.90,0.00,-1569.22,-261.16,259.76,0.11,42.14,0.00,-3.01,0.00,69.13,5.26,2.83,-0.03
-851.19,0.00,252.25,0.00,-1531.76,-258.52,260.90,0.10,42.14,0.00,-3.67,0.00,70.96,4.71,1.59,-0.02
-804.72,0.00,247.55,0.00,-1531.76,-258.52,260.90,0.10,42.16,0.00,-4.71,0.00,70.96,4.71,1.59,-0.02
-804.72,0.00,247.55,0.00,-1460.76,-250.77,261.41,0.13,42.16,0.00,-4.71,0.00,71.97,9.88,-0.44,0.03
-784.87,0.00,245.71,0.00,-1423.89,-245.39,260.91,0.15,42.17,0.00,-3.31,0.00,73.06,11.12,-1.43,0.02
-760.03,0.00,244.23,0.00,-1392.23,-240.40,260.11,0.16,42.17,0.00,-1.89,0.00,73.88,11.94,-2.21,0.02
-737.25,0.00,243.56,0.00,-1356.71,-235.43,258.83,0.15,42.18,0.00,-0.74,0.00,73.89,8.54,-2.99,-0.07
-714.98,0.00,243.47,0.00,-1314.17,-231.15,256.88,0.12,42.18,0.00,0.32,0.00,75.18,6.87,-3.75,-0.03
-693.46,0.00,243.92,0.00,-1279.00,-228.17,255.01,0.11,42.19,0.00,1.32,0.00,76.00,6.09,-4.25,-0.02
-675.54,0.00,244.66,0.00,-1236.59,-225.00,252.51,0.09,42.19,0.00,2.10,0.00,76.82,5.43,-4.70,-0.02
-652.22,0.00,246.10,0.00,-1200.07,-222.55,250.20,0.09,42.20,0.00,2.99,0.00,77.40,4.99,-5.00,-0.01
-631.28,0.00,247.77,0.00,-1167.71,-220.55,248.07,0.08,42.20,0.00,3.67,0.00,77.82,4.67,-5.20,-0.01
-610.05,0.00,249.78,0.00,-1139.56,-218.91,246.44,0.08,42.21,0.00,4.22,0.00,78.14,4.42,-4.01,-0.01
-589.91,0.00,251.90,0.00,-1103.68,-216.96,244.92,0.07,42.21,0.00,4.62,0.00,78.49,4.14,-2.78,-0.01
-566.90,0.00,253.93,0.00,-1065.32,-215.02,243.87,0.07,42.21,0.00,3.05,0.00,78.79,3.87,-1.65,-0.01
-540.84,0.00,255.30,0.00,-1022.54,-211.74,243.31,0.09,42.22,0.00,1.60,0.00,77.07,8.24,-0.51,0.08
-518.13,0.00,255.83,0.00,-986.14,-207.29,243.32,0.11,42.22,0.00,0.48,0.00,77.15,10.19,0.44,0.04
-499.27,0.00,255.83,0.00,-947.23,-201.80,243.82,0.13,42.22,0.00,-0.41,0.00,77.25,11.39,1.42,0.03
-479.98,0.00,255.41,0.00,-906.96,-196.77,244.84,0.12,42.23,0.00,-1.31,0.00,76.38,7.55,2.36,-0.07
-457.37,0.00,254.42,0.00,-867.04,-194.49,246.32,0.08,42.23,0.00,-2.28,0.00,75.61,1.65,3.18,-0.09
-435.14,0.00,252.98,0.00,-827.51,-194.24,248.17,0.04,42.23,0.00,-3.11,0.00,76.03,-0.19,3.85,-0.04
-412.09,0.00,251.06,0.00,-789.41,-194.59,250.24,0.03,42.23,0.00,-3.82,0.00,76.34,-1.05,4.35,-0.03
-392.20,0.00,249.13,0.00,-754.20,-194.37,252.37,0.04,42.23,0.00,-4.31,0.00,75.13,2.13,4.72,0.06
-370.64,0.00,247.35,0.00,-715.12,-191.62,254.38,0.08,42.24,0.00,-2.88,0.00,73.62,7.90,3.17,0.09
-350.63,0.00,246.27,0.00,-677.90,-186.96,255.64,0.11,42.24,0.00,-1.78,0.00,73.83,10.05,1.96,0.04
-326.44,0.00,245.64,0.00,-644.50,-182.95,256.28,0.11,42.24,0.00,-0.58,0.00,73.12,7.35,0.98,-0.05
-305.35,0.00,245.63,0.00,-604.49,-180.64,256.49,0.06,42.24,0.00,0.42,0.00,72.44,1.43,-0.13,-0.09
-280.55,0.00,246.25,0.00,-570.95,-180.50,256.20,0.04,42.24,0.00,1.56,0.00,72.96,-0.37,-1.04,-0.04
-260.90,0.00,247.19,0.00,-544.66,-180.80,255.69,0.02,42.24,0.00,2.39,0.00,73.30,-1.15,-1.72,-0.03
-239.17,0.00,248.65,0.00,-511.53,-181.49,254.72,0.01,42.25,0.00,3.19,0.00,73.68,-1.84,-2.50,-0.02
-213.70,0.00,250.83,0.00,-465.81,-181.23,252.81,0.03,42.25,0.00,3.95,0.00,72.27,2.96,-3.44,0.08
-196.81,0.00,252.17,0.00,-433.02,-179.38,251.12,0.05,42.25,0.00,2.87,0.00,72.62,4.83,-3.98,0.04
-175.96,0.00,253.26,0.00,-396.47,-176.59,249.50,0.07,42.25,0.00,1.72,0.00,72.95,6.06,-2.64,0.03
-153.78,0.00,253.84,0.00,-359.32,-174.33,248.48,0.06,42.25,0.00,0.62,0.00,72.02,2.54,-1.48,-0.07
-133.20,0.00,253.88,0.00,-318.51,-174.77,248.01,0.01,42.25,0.00,-0.36,0.00,70.93,-3.55,-0.30,-0.09
-109.66,0.00,253.35,0.00,-282.71,-177.08,248.14,-0.02,42.25,0.00,-1.45,0.00,71.34,-5.20,0.70,-0.04
-88.54,0.00,252.37,0.00,-248.56,-178.89,248.73,-0.01,42.25,0.00,-2.34,0.00,70.40,-2.12,1.63,0.06
-69.73,0.00,251.16,0.00,-211.79,-178.38,249.86,0.03,42.25,0.00,-3.05,0.00,69.32,3.68,2.55,0.09
-46.71,0.00,249.27,0.00,-174.96,-174.58,251.47,0.08,42.25,0.00,-3.77,0.00,67.90,9.77,3.35,0.10
-24.66,0.00,247.71,0.00,-139.06,-168.83,252.86,0.11,42.25,0.00,-2.42,0.00,68.35,11.58,2.06,0.04
-1.51,0.00,246.75,0.00,-109.49,-164.53,253.54,0.11,42.25,0.00,-1.21,0.00,63.87,7.51,1.09,-0.07
17.16,0.00,246.44,0.00,-79.63,-162.89,253.80,0.06,42.25,0.00,-0.30,0.00,59.01,-0.16,0.10,-0.12
40.69,0.00,246.61,0.00,-48.10,-166.44,253.50,-0.03,42.26,0.00,0.81,0.00,51.67,-10.78,-1.04,-0.16
63.05,0.00,247.34,0.00,-25.69,-173.53,252.79,-0.11,42.26,0.00,1.81,0.00,44.36,-18.23,-1.92,-0.18
86.43,0.00,248.63,0.00,-8.51,-181.95,251.79,-0.18,42.26,0.00,2.75,0.00,36.73,-20.65,-2.64,-0.16
86.43,0.00,248.63,0.00,23.49,-192.02,248.53,-0.10,42.26,0.00,2.75,0.00,29.81,-0.34,-3.95,0.21
107.99,0.00,250.25,0.00,38.96,-188.63,246.75,0.02,42.26,0.00,3.48,0.00,24.05,10.48,-2.43,0.22
153.39,0.00,252.52,0.00,38.96,-188.63,246.75,0.02,42.26,0.00,0.99,0.00,24.05,10.48,-2.43,0.22
153.39,0.00,252.52,0.00,57.05,-175.91,245.50,0.19,42.26,0.00,0.99,0.00,16.19,16.77,-0.49,0.18
173.81,0.00,252.73,0.00,65.00,-168.55,245.50,0.25,42.26,0.00,0.01,0.00,19.25,16.35,0.40,0.10
196.72,0.00,252.41,0.00,72.73,-162.70,245.85,0.27,42.26,0.00,-1.07,0.00,18.19,12.27,1.21,-0.02
218.19,0.00,251.61,0.00,81.95,-157.83,246.76,0.23,42.26,0.00,-2.01,0.00,17.21,6.90,2.17,-0.13
241.37,0.00,250.22,0.00,92.04,-155.73,248.44,0.14,42.26,0.00,-2.92,0.00,15.61,0.58,3.15,-0.17
260.79,0.00,248.72,0.00,99.46,-156.77,250.23,0.05,42.26,0.00,-3.56,0.00,13.63,-4.10,3.81,-0.17
281.40,0.00,247.32,0.00,106.26,-159.54,251.68,-0.03,42.26,0.00,-2.32,0.00,15.55,-7.55,2.60,-0.17
300.66,0.00,246.52,0.00,115.02,-164.53,252.69,-0.11,42.26,0.00,-1.31,0.00,17.42,-11.00,1.41,-0.15
321.21,0.00,246.15,0.00,124.27,-169.92,253.11,-0.17,42.26,0.00,-0.32,0.00,20.94,-11.48,0.42,-0.09
343.58,0.00,246.29,0.00,135.07,-174.77,253.06,-0.18,42.26,0.00,0.74,0.00,23.72,-8.83,-0.54,0.03
362.70,0.00,246.84,0.00,148.82,-178.41,252.45,-0.14,42.26,0.00,1.61,0.00,27.01,-4.90,-1.58,0.11
384.28,0.00,247.92,0.00,160.83,-179.63,251.61,-0.09,42.26,0.00,2.50,0.00,29.37,-1.18,-2.33,0.13
403.54,0.00,249.24,0.00,176.59,-178.93,250.18,-0.03,42.26,0.00,3.20,0.00,31.74,3.48,-3.14,0.13
425.55,0.00,251.10,0.00,194.78,-175.56,248.85,0.05,42.26,0.00,3.86,0.00,33.74,8.14,-1.82,0.12
445.05,0.00,252.56,0.00,211.83,-171.36,248.25,0.09,42.26,0.00,2.64,0.00,36.88,9.13,-0.80,0.07
467.13,0.00,253.60,0.00,229.77,-167.68,248.12,0.10,42.26,0.00,1.46,0.00,38.85,6.51,0.15,-0.04
490.66,0.00,254.06,0.00,247.73,-165.65,248.40,0.06,42.26,0.00,0.31,0.00,40.76,2.72,1.04,-0.10
512.72,0.00,253.92,0.00,267.07,-165.55,249.11,0.01,42.26,0.00,-0.73,0.00,42.41,-1.88,1.91,-0.11
534.44,0.00,253.26,0.00,290.47,-168.15,250.42,-0.05,42.26,0.00,-1.71,0.00,43.82,-7.13,2.82,-0.11
555.25,0.00,252.18,0.00,311.02,-171.76,251.87,-0.09,42.26,0.00,-2.57,0.00,46.30,-8.50,3.46,-0.06
576.59,0.00,250.67,0.00,334.17,-175.31,253.23,-0.09,42.26,0.00,-3.32,0.00,47.79,-5.84,2.24,0.05
599.41,0.00,248.68,0.00,361.23,-177.05,254.10,-0.05,42.26,0.00,-3.98,0.00,49.43,-0.69,1.03,0.10
616.55,0.00,247.31,0.00,383.30,-176.25,254.33,0.00,42.26,0.00,-2.88,0.00,50.37,3.85,0.13,0.11
639.16,0.00,246.14,0.00,403.58,-174.41,254.21,0.03,42.26,0.00,-1.64,0.00,52.25,5.23,-0.65,0.06
664.99,0.00,245.57,0.00,428.97,-171.64,253.66,0.06,42.26,0.00,-0.37,0.00,54.40,6.25,-1.57,0.04
684.12,0.00,245.63,0.00,458.99,-169.14,252.51,0.05,42.26,0.00,0.53,0.00,55.30,2.76,-2.53,-0.07
705.39,0.00,246.17,0.00,488.77,-169.22,250.91,0.00,42.26,0.00,1.51,0.00,56.00,-2.68,-3.33,-0.10
728.42,0.00,247.29,0.00,520.40,-171.38,248.86,-0.04,42.26,0.00,2.47,0.00,58.11,-4.66,-4.01,-0.05
751.62,0.00,248.90,0.00,549.39,-173.96,247.26,-0.06,42.26,0.00,3.31,0.00,59.83,-5.68,-2.69,-0.03
773.08,0.00,250.76,0.00,581.49,-176.09,246.18,-0.05,42.26,0.00,3.93,0.00,60.19,-2.14,-1.47,0.07
798.51,0.00,252.59,0.00,615.57,-175.50,245.72,0.00,42.26,0.00,2.36,0.00,60.36,3.75,-0.31,0.10
819.07,0.00,253.45,0.00,643.14,-173.36,245.80,0.04,42.26,0.00,1.29,0.00,61.68,5.41,0.59,0.05
837.64,0.00,253.79,0.00,674.11,-170.37,246.36,0.06,42.26,0.00,0.39,0.00,63.02,6.43,1.55,0.03
857.81,0.00,253.73,0.00,700.68,-168.21,247.19,0.05,42.26,0.00,-0.57,0.00,62.98,3.76,2.30,-0.05
877.84,0.00,253.22,0.00,732.37,-167.73,248.58,0.01,42.26,0.00,-1.49,0.00,62.86,-1.52,3.10,-0.09
896.13,0.00,252.39,0.00,762.68,-169.89,250.25,-0.04,42.26,0.00,-2.27,0.00,62.42,-6.83,3.74,-0.10
919.42,0.00,250.87,0.00,796.62,-174.16,252.44,-0.07,42.26,0.00,-3.13,0.00,63.60,-8.58,4.31,-0.04
939.48,0.00,249.21,0.00,829.04,-177.73,254.22,-0.07,42.26,0.00,-3.76,0.00,63.48,-5.27,2.88,0.06
955.61,0.00,247.99,0.00,862.00,-178.82,255.37,-0.02,42.26,0.00,-2.75,0.00,63.22,0.68,1.67,0.10
979.29,0.00,246.86,0.00,891.43,-177.01,255.90,0.02,42.26,0.00,-1.47,0.00,62.53,6.44,0.69,0.11
997.06,0.00,246.44,0.00,926.26,-170.97,255.92,0.09,42.26,0.00,-0.60,0.00,55.85,13.05,-0.49,0.12
1020.20,0.00,246.45,0.00,951.02,-164.12,255.46,0.14,42.26,0.00,0.50,0.00,51.45,16.02,-1.40,0.10
1039.16,0.00,246.89,0.00,978.96,-158.35,254.31,0.11,42.26,0.00,1.37,0.00,45.64,4.15,-2.44,-0.17
1063.64,0.00,248.02,0.00,1000.34,-159.40,252.88,0.02,42.26,0.00,2.41,0.00,40.27,-6.94,-3.20,-0.19
1081.96,0.00,249.23,0.00,1018.13,-165.05,251.16,-0.07,42.26,0.00,3.09,0.00,33.90,-15.16,-3.82,-0.20
1103.41,0.00,250.99,0.00,1032.32,-173.69,249.23,-0.16,42.26,0.00,3.76,0.00,26.97,-20.57,-4.31,-0.21
1128.42,0.00,252.70,0.00,1043.16,-183.86,247.53,-0.26,42.26,0.00,2.24,0.00,19.00,-21.46,-2.96,-0.18
1150.05,0.00,253.53,0.00,1052.00,-192.29,246.39,-0.29,42.26,0.00,1.13,0.00,17.39,-13.79,-1.80,0.05
1172.87,0.00,253.81,0.00,1059.94,-197.12,245.80,-0.24,42.26,0.00,0.03,0.00,16.53,-7.50,-0.81,0.16
1193.35,0.00,253.57,0.00,1067.69,-199.17,245.67,-0.15,42.26,0.00,-0.93,0.00,15.16,-1.53,0.17,0.18
1216.64,0.00,252.74,0.00,1074.77,-198.46,246.03,-0.06,42.26,0.00,-1.97,0.00,13.09,3.75,1.16,0.19
1237.37,0.00,251.55,0.00,1080.49,-195.54,246.84,0.03,42.26,0.00,-2.79,0.00,10.58,7.70,2.06,0.18
1254.65,0.00,250.27,0.00,1087.03,-190.05,248.29,0.13,42.26,0.00,-3.38,0.00,12.38,11.37,2.98,0.17
1273.80,0.00,248.60,0.00,1093.82,-183.47,250.02,0.21,42.26,0.00,-3.93,0.00,13.93,14.05,3.67,0.16
1292.67,0.00,247.15,0.00,1101.49,-177.27,251.48,0.25,42.26,0.00,-2.74,0.00,16.92,11.33,2.41,0.01
1314.73,0.00,246.07,0.00,1109.48,-173.00,252.29,0.24,42.26,0.00,-1.54,0.00,19.88,8.68,1.44,-0.08
1337.23,0.00,245.57,0.00,1121.16,-169.52,252.73,0.18,42.26,0.00,-0.44,0.00,23.49,4.65,0.35,-0.13
1361.34,0.00,245.68,0.00,1133.47,-168.36,252.64,0.12,42.26,0.00,0.70,0.00,26.39,0.43,-0.63,-0.14
1380.26,0.00,246.21,0.00,1147.94,-169.42,252.02,0.04,42.26,0.00,1.56,0.00,28.91,-4.03,-1.63,-0.14
1402.07,0.00,247.27,0.00,1165.50,-173.23,250.74,-0.03,42.26,0.00,2.47,0.00,31.15,-8.55,-2.64,-0.13
1422.83,0.00,248.70,0.00,1181.72,-177.65,249.24,-0.08,42.26,0.00,3.22,0.00,34.49,-9.26,-3.37,-0.07
1446.59,0.00,250.74,0.00,1199.17,-181.46,247.92,-0.09,42.26,0.00,3.93,0.00,36.66,-6.41,-2.16,0.04
1467.78,0.00,252.33,0.00,1221.22,-183.64,247.07,-0.04,42.26,0.00,2.60,0.00,39.21,-1.37,-0.91,0.11
1485.88,0.00,253.21,0.00,1242.05,-182.88,246.90,0.02,42.26,0.00,1.62,0.00,41.00,3.80,0.13,0.12
1524.36,0.00,253.78,0.00,1242.05,-182.88,246.90,0.02,42.26,0.00,-0.24,0.00,41.00,3.80,0.13,0.12
1524.36,0.00,253.78,0.00,1281.05,-178.13,247.83,0.08,42.26,0.00,-0.24,0.00,46.31,6.41,1.85,0.04
1546.51,0.00,253.36,0.00,1304.32,-175.62,248.98,0.08,42.26,0.00,-1.27,0.00,47.85,3.67,2.69,-0.06
1562.43,0.00,252.73,0.00,1330.43,-175.06,250.66,0.03,42.26,0.00,-1.97,0.00,49.35,-1.26,3.47,-0.10
1599.61,0.00,250.33,0.00,1330.43,-175.06,250.66,0.03,42.26,0.00,-3.35,0.00,49.35,-1.26,3.47,-0.10
1618.87,0.00,248.66,0.00,1356.54,-176.22,252.07,-0.00,42.26,0.00,-3.91,0.00,51.98,-2.90,2.19,-0.05
1638.26,0.00,247.18,0.00,1381.54,-177.82,252.83,-0.02,42.26,0.00,-2.69,0.00,54.20,-3.81,1.16,-0.03
1657.37,0.00,246.23,0.00,1409.86,-178.99,253.13,-0.02,42.26,0.00,-1.65,0.00,55.02,-0.57,0.11,0.07
1680.22,0.00,245.67,0.00,1434.22,-178.22,252.96,0.02,42.26,0.00,-0.53,0.00,55.54,3.77,-0.77,0.10
1698.60,0.00,245.65,0.00,1460.48,-175.98,252.38,0.05,42.26,0.00,0.34,0.00,57.35,5.51,-1.66,0.05
1720.02,0.00,246.10,0.00,1488.25,-173.06,251.36,0.07,42.26,0.00,1.34,0.00,59.06,6.61,-2.49,0.03
1739.05,0.00,246.91,0.00,1514.08,-170.73,250.11,0.07,42.26,0.00,2.16,0.00,59.45,3.97,-3.16,-0.05
1760.95,0.00,248.27,0.00,1543.36,-170.07,248.39,0.03,42.26,0.00,2.99,0.00,59.81,-0.96,-3.80,-0.09
1780.96,0.00,249.86,0.00,1576.12,-172.32,246.13,-0.02,42.26,0.00,3.64,0.00,59.82,-6.63,-4.36,-0.10
1802.56,0.00,251.89,0.00,1609.93,-176.57,244.20,-0.06,42.26,0.00,4.20,0.00,61.39,-8.22,-2.81,-0.04
1825.81,0.00,253.73,0.00,1638.97,-179.77,243.16,-0.06,42.26,0.00,2.70,0.00,61.51,-5.20,-1.71,0.05
1844.81,0.00,254.68,0.00,1672.87,-180.91,242.57,-0.02,42.26,0.00,1.67,0.00,61.61,0.68,-0.56,0.10
1865.11,0.00,255.22,0.00,1702.20,-179.16,242.55,0.03,42.26,0.00,0.66,0.00,61.32,6.07,0.39,0.10
1884.83,0.00,255.29,0.00,1728.27,-175.54,242.92,0.08,42.26,0.00,-0.27,0.00,60.84,10.40,1.23,0.10
1905.90,0.00,254.88,0.00,1754.95,-170.67,243.65,0.11,42.26,0.00,-1.25,0.00,61.83,11.67,2.03,0.05
1926.87,0.00,254.01,0.00,1787.81,-165.41,244.99,0.10,42.26,0.00,-2.16,0.00,61.92,7.99,2.91,-0.06
1946.52,0.00,252.80,0.00,1818.40,-163.01,246.62,0.06,42.26,0.00,-2.92,0.00,61.96,2.16,3.59,-0.10
1965.51,0.00,251.33,0.00,1850.54,-163.96,248.76,0.00,42.26,0.00,-3.54,0.00,56.84,-4.83,4.20,-0.11
1987.98,0.00,249.27,0.00,1875.17,-167.48,250.76,-0.05,42.26,0.00,-4.15,0.00,52.32,-10.02,4.59,-0.12
2012.22,0.00,247.39,0.00,1901.18,-174.06,252.72,-0.11,42.26,0.00,-2.60,0.00,47.30,-14.43,3.07,-0.12
2030.87,0.00,246.49,0.00,1921.88,-179.76,253.80,-0.14,42.26,0.00,-1.60,0.00,48.18,-11.87,2.03,0.01
2051.90,0.00,245.98,0.00,1945.02,-184.00,254.51,-0.10,42.26,0.00,-0.56,0.00,44.91,-5.47,0.96,0.12
2074.30,0.00,246.00,0.00,1966.89,-184.54,254.71,-0.03,42.26,0.00,0.50,0.00,41.06,2.53,-0.07,0.15
2095.72,0.00,246.53,0.00,1989.92,-180.29,254.28,0.06,42.26,0.00,1.48,0.00,35.81,10.43,-1.26,0.15
2117.03,0.00,247.53,0.00,2005.81,-174.16,253.45,0.13,42.26,0.00,2.38,0.00,31.51,14.72,-2.13,0.15
2134.08,0.00,248.63,0.00,2023.27,-167.12,252.05,0.17,42.26,0.00,3.02,0.00,33.76,11.76,-3.00,-0.01
2155.67,0.00,250.38,0.00,2040.35,-162.64,250.26,0.13,42.26,0.00,3.71,0.00,31.45,5.69,-3.70,-0.12
2174.39,0.00,251.73,0.00,2056.04,-161.58,248.72,0.06,42.26,0.00,2.56,0.00,28.85,-0.95,-2.36,-0.15
2196.27,0.00,252.72,0.00,2072.28,-164.42,247.74,-0.03,42.26,0.00,1.39,0.00,25.16,-7.57,-1.04,-0.16
2219.38,0.00,253.14,0.00,2086.52,-169.85,247.51,-0.11,42.26,0.00,0.27,0.00,26.67,-11.76,0.06,-0.14
2242.37,0.00,252.96,0.00,2100.80,-175.20,247.83,-0.15,42.26,0.00,-0.81,0.00,29.08,-9.28,1.08,0.00
2263.90,0.00,252.27,0.00,2118.27,-179.23,248.77,-0.12,42.26,0.00,-1.78,0.00,32.06,-5.06,2.13,0.10
2282.51,0.00,251.30,0.00,2132.30,-180.46,249.84,-0.07,42.26,0.00,-2.55,0.00,34.03,-1.08,2.82,0.12
2304.69,0.00,249.73,0.00,2150.02,-179.63,250.93,-0.01,42.26,0.00,-3.33,0.00,35.92,3.86,1.66,0.13
2321.06,0.00,248.65,0.00,2168.27,-176.47,251.47,0.06,42.26,0.00,-2.37,0.00,37.32,8.34,0.62,0.12
2340.71,0.00,247.81,0.00,2186.50,-172.24,251.52,0.10,42.26,0.00,-1.34,0.00,40.08,9.46,-0.32,0.06
2362.73,0.00,247.43,0.00,2209.54,-167.86,251.00,0.10,42.26,0.00,-0.27,0.00,42.10,6.18,-1.42,-0.06
2381.70,0.00,247.53,0.00,2228.41,-166.09,250.18,0.06,42.26,0.00,0.63,0.00,43.64,2.10,-2.21,-0.11
2405.08,0.00,248.20,0.00,2253.42,-166.72,248.65,0.00,42.26,0.00,1.69,0.00,45.12,-3.75,-3.10,-0.11
2424.46,0.00,249.18,0.00,2276.46,-169.98,247.43,-0.06,42.26,0.00,2.49,0.00,45.95,-8.60,-1.90,-0.11
2446.61,0.00,250.72,0.00,2299.81,-174.62,246.78,-0.10,42.26,0.00,3.29,0.00,48.31,-9.89,-0.85,-0.06
2465.29,0.00,251.91,0.00,2328.14,-179.29,246.66,-0.09,42.26,0.00,2.20,0.00,49.75,-6.22,0.31,0.07
2482.45,0.00,252.60,0.00,2351.21,-180.99,247.03,-0.05,42.26,0.00,1.31,0.00,50.79,-1.48,1.21,0.10
2506.07,0.00,252.98,0.00,2375.40,-180.32,247.83,-0.00,42.26,0.00,0.17,0.00,51.48,3.76,2.08,0.11
2526.73,0.00,252.79,0.00,2402.21,-176.85,249.16,0.06,42.26,0.00,-0.81,0.00,51.80,9.01,2.93,0.11
2545.24,0.00,252.24,0.00,2430.73,-171.53,250.97,0.10,42.26,0.00,-1.65,0.00,53.87,10.38,3.67,0.05
2569.12,0.00,251.00,0.00,2456.06,-167.37,252.82,0.10,42.26,0.00,-2.63,0.00,54.56,7.38,4.18,-0.05
2593.22,0.00,249.23,0.00,2482.44,-165.13,254.47,0.06,42.26,0.00,-3.46,0.00,55.24,2.28,2.86,-0.10
2612.76,0.00,247.93,0.00,2512.15,-165.82,255.63,-0.00,42.26,0.00,-2.30,0.00,55.45,-4.18,1.62,-0.11
2633.59,0.00,247.10,0.00,2543.21,-170.12,256.17,-0.06,42.26,0.00,-1.22,0.00,55.05,-10.38,0.45,-0.11
2656.42,0.00,246.77,0.00,2566.84,-175.53,256.16,-0.11,42.26,0.00,-0.12,0.00,54.61,-14.20,-0.41,-0.11
2675.15,0.00,246.93,0.00,2590.30,-181.08,255.76,-0.13,42.26,0.00,0.77,0.00,51.14,-10.73,-1.28,0.03
2694.72,0.00,247.51,0.00,2614.76,-184.40,254.87,-0.08,42.26,0.00,1.65,0.00,47.23,-3.02,-2.20,0.13
2717.05,0.00,248.66,0.00,2638.10,-183.35,253.47,-0.01,42.26,0.00,2.57,0.00,42.44,5.95,-3.03,0.16
2734.96,0.00,249.90,0.00,2656.58,-178.62,251.89,0.07,42.26,0.00,3.21,0.00,36.99,13.23,-3.66,0.18
2755.29,0.00,251.62,0.00,2674.32,-169.87,249.77,0.17,42.26,0.00,3.83,0.00,30.47,18.80,-4.24,0.18
2780.05,0.00,253.36,0.00,2687.74,-162.52,248.15,0.20,42.26,0.00,2.32,0.00,28.19,13.57,-2.96,-0.01
2802.60,0.00,254.24,0.00,2702.02,-157.28,246.96,0.16,42.26,0.00,1.15,0.00,26.34,6.94,-1.72,-0.13
2820.88,0.00,254.53,0.00,2715.48,-155.63,246.37,0.08,42.26,0.00,0.26,0.00,24.01,-0.05,-0.60,-0.16
2845.77,0.00,254.30,0.00,2726.80,-157.20,246.34,-0.00,42.26,0.00,-0.91,0.00,21.33,-5.53,0.40,-0.16
2867.85,0.00,253.54,0.00,2737.26,-161.45,246.86,-0.09,42.26,0.00,-1.89,0.00,18.18,-9.80,1.44,-0.16
2889.25,0.00,252.34,0.00,2747.93,-168.07,247.98,-0.17,42.26,0.00,-2.75,0.00,19.71,-13.42,2.44,-0.15
2908.28,0.00,250.94,0.00,2759.16,-174.37,249.52,-0.21,42.26,0.00,-3.40,0.00,22.60,-10.65,3.25,0.00
2930.71,0.00,248.94,0.00,2771.23,-178.76,250.79,-0.19,42.26,0.00,-4.04,0.00,25.66,-7.21,2.04,0.10
2949.55,0.00,247.45,0.00,2784.05,-181.13,251.49,-0.13,42.26,0.00,-2.82,0.00,28.39,-3.13,1.02,0.13
2970.92,0.00,246.35,0.00,2799.03,-181.41,251.72,-0.06,42.26,0.00,-1.65,0.00,30.83,1.59,0.01,0.13
2991.16,0.00,245.82,0.00,2815.16,-179.34,251.44,0.00,42.26,0.00,-0.65,0.00,32.74,6.10,-1.00,0.13
3000.00,0.00,246.14,0.00,2815.16,-179.34,251.44,0.00,42.26,0.00,1.22,0.00,32.74,6.10,-1.00,0.13
3000.00,0.00,246.85,0.00,2833.07,-174.85,250.62,0.07,42.26,0.00,2.01,0.00,34.30,10.27,-1.99,0.12
3000.00,0.00,248.03,0.00,2854.52,-169.57,249.08,0.10,42.26,0.00,2.81,0.00,36.72,7.23,-2.98,-0.03
3000.00,0.00,249.69,0.00,2873.84,-167.05,247.36,0.06,42.26,0.00,3.54,0.00,38.80,2.88,-3.67,-0.10
3000.00,0.00,251.59,0.00,2890.39,-166.86,246.08,0.01,42.26,0.00,4.10,0.00,40.08,-1.59,-2.59,-0.12
3000.00,0.00,253.22,0.00,2909.56,-169.31,245.10,-0.05,42.26,0.00,2.78,0.00,36.36,-7.47,-1.45,-0.14
3000.00,0.00,254.27,0.00,2924.67,-174.83,244.67,-0.14,42.26,0.00,1.66,0.00,29.91,-15.47,-0.50,-0.20
3000.00,0.00,254.74,0.00,2937.81,-184.12,244.71,-0.23,42.26,0.00,0.82,0.00,20.89,-18.96,0.55,-0.18
3000.00,0.00,254.89,0.00,2946.24,-194.57,245.30,-0.33,42.26,0.00,-0.08,0.00,12.03,-20.28,1.57,-0.20
3000.00,0.00,254.56,0.00,2949.98,-204.65,246.34,-0.44,42.26,0.00,-1.09,0.00,3.80,-19.93,2.45,-0.21
3000.00,0.00,253.78,0.00,2949.59,-214.41,247.82,-0.55,42.26,0.00,-2.01,0.00,-4.42,-17.97,3.24,-0.24
3000.00,0.00,252.43,0.00,2945.51,-222.23,249.55,-0.67,42.26,0.00,-2.89,0.00,-11.75,-14.60,3.85,-0.26
3000.00,0.00,250.76,0.00,2938.35,-227.83,251.48,-0.79,42.26,0.00,-3.60,0.00,-17.90,-9.48,4.33,-0.27
3000.00,0.00,248.84,0.00,2926.82,-230.74,253.39,-0.93,42.26,0.00,-4.15,0.00,-22.84,-1.62,2.79,-0.24
3000.00,0.00,247.12,0.00,2913.60,-229.13,254.53,-1.06,42.26,0.00,-2.75,0.00,-25.36,6.78,1.55,-0.21
3000.00,0.00,246.00,0.00,2902.14,-224.43,254.99,-1.15,42.26,0.00,-1.49,0.00,-26.00,13.64,0.62,-0.20
3000.00,0.00,245.52,0.00,2889.77,-216.02,255.03,-1.24,42.26,0.00,-0.32,0.00,-25.54,20.71,-0.34,-0.19
3000.00,0.00,245.67,0.00,2881.24,-205.92,254.70,-1.26,42.26,0.00,0.77,0.00,-17.18,26.43,-1.16,0.09
3000.00,0.00,246.33,0.00,2873.32,-190.18,253.76,-1.17,42.26,0.00,1.74,0.00,-12.84,30.56,-2.16,0.20
3000.00,0.00,247.30,0.00,2867.31,-174.03,252.44,-1.08,42.26,0.00,2.51,0.00,-11.35,33.39,-2.98,0.18
3000.00,0.00,248.62,0.00,2862.19,-158.68,250.95,-1.00,42.26,0.00,3.21,0.00,-11.54,34.75,-3.59,0.16
3000.00,0.00,250.71,0.00,2855.78,-140.46,248.90,-0.92,42.26,0.00,3.93,0.00,-12.96,34.99,-4.18,0.14
3000.00,0.00,252.28,0.00,2849.43,-123.77,247.18,-0.85,42.26,0.00,2.62,0.00,-12.01,31.03,-2.78,0.13
3000.00,0.00,253.28,0.00,2842.99,-107.53,246.01,-0.78,42.26,0.00,1.48,0.00,-10.82,26.90,-1.49,0.13
3000.00,0.00,253.75,0.00,2836.47,-94.72,245.54,-0.75,42.26,0.00,0.35,0.00,-11.88,20.14,-0.34,-0.02
3000.00,0.00,253.63,0.00,2831.03,-86.39,245.62,-0.78,42.26,0.00,-0.69,0.00,-11.25,15.97,0.60,-0.10
3000.00,0.00,253.13,0.00,2825.82,-79.60,246.17,-0.83,42.26,0.00,-1.53,0.00,-10.29,12.35,1.54,-0.14
3000.00,0.00,252.02,0.00,2820.87,-74.36,247.19,-0.91,42.26,0.00,-2.48,0.00,-9.56,8.89,2.43,-0.15
3000.00,0.00,250.65,0.00,2817.08,-70.84,248.58,-0.97,42.26,0.00,-3.20,0.00,-6.44,5.81,3.18,-0.10
3000.00,0.00,248.94,0.00,2814.87,-67.81,250.61,-0.99,42.26,0.00,-3.82,0.00,-1.94,4.94,3.90,0.03
3000.00,0.00,247.64,0.00,2814.85,-65.72,252.09,-0.95,42.26,0.00,-2.75,0.00,1.46,4.20,2.67,0.11
3000.00,0.00,246.64,0.00,2816.56,-63.76,253.12,-0.88,42.26,0.00,-1.68,0.00,4.90,3.64,1.51,0.17
3000.00,0.00,246.08,0.00,2818.92,-63.00,253.59,-0.83,42.26,0.00,-0.57,0.00,4.45,-0.30,0.45,0.03
3000.00,0.00,246.04,0.00,2821.18,-64.37,253.52,-0.84,42.26,0.00,0.32,0.00,4.15,-4.51,-0.61,-0.08
3000.00,0.00,246.31,0.00,2823.15,-67.93,252.92,-0.90,42.26,0.00,1.05,0.00,3.40,-8.75,-1.61,-0.14
3000.00,0.00,247.08,0.00,2824.59,-73.65,251.81,-0.97,42.26,0.00,1.97,0.00,2.19,-12.78,-2.52,-0.16
3000.00,0.00,248.20,0.00,2826.42,-79.86,250.44,-1.02,42.26,0.00,2.75,0.00,5.34,-13.56,-3.24,-0.03
3000.00,0.00,249.97,0.00,2830.14,-86.80,248.64,-1.01,42.26,0.00,3.54,0.00,9.27,-14.14,-3.87,0.08
