-2500.00,0.00,0.00,0.00,-2584.07,-445.64,0.92,-0.97,0.00,0.00,0.00,0.00,0.00,0.00,0.00,0.00
-2499.44,0.00,0.28,0.00,-2583.26,-443.79,0.69,-0.92,2.01,0.00,1.00,0.00,2.98,7.31,-0.92,0.22
-2498.18,0.00,0.90,0.00,-2581.69,-438.78,0.07,-0.80,3.72,0.00,1.81,0.00,3.48,14.23,-1.77,0.28
-2496.04,0.00,1.92,0.00,-2580.54,-429.32,0.00,-0.65,5.52,0.00,2.59,0.00,0.66,20.64,-0.66,0.27
-2493.30,0.00,3.17,0.00,-2581.62,-417.29,0.00,-0.52,7.19,0.00,3.23,0.00,-4.51,24.28,0.40,0.25
-2489.07,0.00,5.00,0.00,-2585.37,-404.96,0.46,-0.40,9.18,0.00,3.87,0.00,-10.18,25.39,1.36,0.23
-2483.43,0.00,7.29,0.00,-2591.74,-392.83,1.35,-0.29,11.28,0.00,4.42,0.00,-15.69,24.83,2.23,0.22
-2476.81,0.00,9.77,0.00,-2601.19,-380.73,2.71,-0.18,13.29,0.00,4.82,0.00,-21.01,23.03,3.04,0.21
-2469.60,0.00,12.28,0.00,-2613.92,-369.20,4.56,-0.08,15.15,0.00,5.10,0.00,-25.89,20.18,3.75,0.20
-2461.57,0.00,14.88,0.00,-2628.23,-359.83,6.63,0.02,16.94,0.00,5.30,0.00,-29.72,16.87,4.29,0.19
-2452.99,0.00,17.46,0.00,-2643.11,-352.70,8.77,0.11,18.62,0.00,5.45,0.00,-32.55,13.48,4.68,0.18
-2442.54,0.00,20.40,0.00,-2661.11,-346.71,11.36,0.20,20.44,0.00,5.57,0.00,-34.94,9.51,5.01,0.17
-2430.79,0.00,23.48,0.00,-2678.27,-343.12,13.82,0.28,22.24,0.00,5.65,0.00,-36.41,5.86,5.23,0.16
-2419.75,0.00,26.19,0.00,-2699.10,-341.14,16.83,0.37,23.76,0.00,5.70,0.00,-37.43,1.67,5.42,0.16
-2409.14,0.00,28.67,0.00,-2717.83,-341.30,19.56,0.45,25.09,0.00,5.73,0.00,-37.74,-1.92,5.54,0.15
-2395.78,0.00,31.64,0.00,-2734.81,-342.95,22.08,0.52,26.61,0.00,5.76,0.00,-37.60,-5.00,5.62,0.15
-2382.69,0.00,34.40,0.00,-2750.81,-345.75,24.50,0.58,27.97,0.00,5.78,0.00,-37.15,-7.77,5.67,0.14
-2370.87,0.00,36.79,0.00,-2769.00,-350.42,27.32,0.65,29.10,0.00,5.80,0.00,-36.34,-10.72,5.72,0.14
-2356.34,0.00,39.62,0.00,-2786.89,-356.55,30.19,0.72,30.38,0.00,5.81,0.00,-35.22,-13.46,5.75,0.13
-2338.68,0.00,42.91,0.00,-2801.93,-361.95,33.04,0.78,31.79,0.00,5.82,0.00,-26.92,-8.76,5.78,0.14
-2327.12,0.00,45.00,0.00,-2813.35,-364.83,35.92,0.85,32.64,0.00,5.82,0.00,-19.91,-3.24,5.79,0.15
-2309.70,0.00,48.04,0.00,-2821.25,-364.83,38.65,0.92,33.83,0.00,5.82,0.00,-14.37,2.73,5.80,0.16
-2294.20,0.00,50.67,0.00,-2826.15,-361.79,41.41,0.99,34.80,0.00,5.83,0.00,-7.24,9.66,5.81,0.11
-2276.33,0.00,53.62,0.00,-2827.49,-355.43,44.31,1.02,35.84,0.00,5.83,0.00,0.98,15.44,5.82,-0.01
-2255.85,0.00,56.89,0.00,-2825.22,-347.21,46.90,0.99,36.92,0.00,5.83,0.00,8.54,20.78,5.82,-0.09
-2238.98,0.00,59.52,0.00,-2818.83,-335.90,49.70,0.94,37.74,0.00,5.83,0.00,17.29,25.67,5.82,-0.13
-2221.04,0.00,62.26,0.00,-2807.98,-322.38,52.53,0.88,38.55,0.00,5.83,0.00,26.49,29.40,5.83,-0.12
-2202.67,0.00,65.01,0.00,-2790.81,-305.72,55.65,0.81,39.32,0.00,5.83,0.00,36.50,32.27,5.83,-0.11
-2184.48,0.00,67.68,0.00,-2771.78,-290.27,58.36,0.76,40.02,0.00,5.83,0.00,44.57,34.01,5.83,-0.11
-2163.08,0.00,70.77,0.00,-2744.38,-269.62,61.62,0.72,40.79,0.00,5.83,0.00,52.38,39.33,5.83,-0.05
-2141.38,0.00,73.84,0.00,-2721.66,-252.56,64.02,0.71,41.50,0.00,5.83,0.00,57.39,43.05,5.83,-0.03
-2120.86,0.00,76.70,0.00,-2692.61,-230.78,66.83,0.69,42.12,0.00,5.83,0.00,62.65,46.95,5.83,-0.02
-2099.58,0.00,79.62,0.00,-2662.51,-208.24,69.53,0.68,42.71,0.00,5.83,0.00,67.08,50.21,5.83,-0.02
-2078.53,0.00,82.48,0.00,-2626.67,-181.45,72.54,0.68,43.25,0.00,5.83,0.00,71.37,53.29,5.83,-0.01
-2055.90,0.00,85.51,0.00,-2587.38,-152.17,75.65,0.67,43.79,0.00,5.83,0.00,75.11,55.91,5.83,-0.01
-2034.97,0.00,88.28,0.00,-2544.65,-122.02,78.87,0.64,44.25,0.00,5.83,0.00,79.77,53.31,5.83,-0.08
-2013.99,0.00,91.03,0.00,-2502.31,-95.57,81.87,0.60,44.68,0.00,5.83,0.00,83.98,49.69,5.83,-0.08
-1993.07,0.00,93.75,0.00,-2459.72,-70.81,84.78,0.57,45.07,0.00,5.83,0.00,86.67,49.93,5.83,-0.03
-1970.00,0.00,96.72,0.00,-2415.74,-45.62,87.70,0.56,45.47,0.00,5.83,0.00,88.57,50.53,5.83,-0.02
-1945.25,0.00,99.88,0.00,-2367.58,-20.66,91.00,0.52,45.87,0.00,5.83,0.00,82.57,38.67,5.83,-0.10
-1921.06,0.00,102.94,0.00,-2317.35,-0.43,94.70,0.45,46.23,0.00,5.83,0.00,76.49,26.76,5.83,-0.11
-1897.29,0.00,105.93,0.00,-2275.39,12.02,98.03,0.39,46.55,0.00,5.83,0.00,70.99,17.97,5.83,-0.11
-1875.37,0.00,108.67,0.00,-2237.03,19.83,101.32,0.33,46.82,0.00,5.83,0.00,65.67,10.63,5.83,-0.12
-1847.17,0.00,112.17,0.00,-2206.71,23.48,104.12,0.27,47.15,0.00,5.83,0.00,61.24,5.24,5.83,-0.12
-1825.60,0.00,114.83,0.00,-2171.21,24.64,107.67,0.20,47.37,0.00,5.83,0.00,55.72,-0.70,5.83,-0.12
-1777.68,0.00,120.70,0.00,-2171.21,24.64,107.67,0.20,47.83,0.00,5.83,0.00,55.72,-0.70,5.83,-0.12
-1759.28,0.00,122.94,0.00,-2141.83,22.84,110.91,0.13,47.98,0.00,5.83,0.00,50.85,-5.26,5.83,-0.12
-1740.04,0.00,125.27,0.00,-2113.43,18.37,114.35,0.05,48.13,0.00,5.83,0.00,45.78,-9.37,5.83,-0.13
-1714.37,0.00,128.38,0.00,-2093.06,13.28,117.08,-0.00,48.32,0.00,5.83,0.00,41.89,-12.10,5.83,-0.13
-1689.52,0.00,131.37,0.00,-2074.36,6.98,119.82,-0.06,48.49,0.00,5.83,0.00,38.09,-14.42,5.83,-0.13
-1662.48,0.00,134.62,0.00,-2054.70,-0.74,122.64,-0.13,48.66,0.00,5.83,0.00,42.74,-17.29,5.83,-0.12
-1638.39,0.00,137.50,0.00,-2031.72,-10.41,125.60,-0.19,48.80,0.00,5.83,0.00,47.24,-20.53,5.83,-0.12
-1614.30,0.00,140.37,0.00,-2002.45,-23.74,129.02,-0.25,48.92,0.00,5.83,0.00,51.86,-24.56,5.83,-0.11
-1593.97,0.00,142.80,0.00,-1977.99,-35.76,131.68,-0.30,49.02,0.00,5.83,0.00,54.95,-27.85,5.83,-0.10
-1571.95,0.00,145.41,0.00,-1945.59,-51.75,134.93,-0.34,49.13,0.00,5.83,0.00,60.87,-29.44,5.83,-0.04
-1543.41,0.00,148.80,0.00,-1915.73,-64.54,137.89,-0.32,49.25,0.00,5.83,0.00,57.41,-21.30,5.83,0.10
-1519.67,0.00,151.60,0.00,-1886.20,-72.95,140.98,-0.26,49.34,0.00,5.83,0.00,54.41,-11.45,5.83,0.13
-1496.97,0.00,154.29,0.00,-1858.58,-76.35,144.04,-0.19,49.42,0.00,5.83,0.00,50.84,-2.61,5.83,0.14
-1469.97,0.00,157.47,0.00,-1836.58,-75.99,146.67,-0.12,49.51,0.00,5.83,0.00,47.32,3.40,5.83,0.14
-1442.83,0.00,160.66,0.00,-1812.31,-72.39,149.83,-0.05,49.59,0.00,5.83,0.00,42.67,9.08,5.83,0.14
-1415.80,0.00,163.84,0.00,-1788.83,-65.50,153.27,0.03,49.67,0.00,5.83,0.00,37.43,13.60,5.83,0.14
-1388.06,0.00,167.10,0.00,-1772.55,-58.53,155.97,0.10,49.74,0.00,5.83,0.00,33.36,16.20,5.83,0.14
-1363.94,0.00,169.92,0.00,-1757.98,-50.43,158.70,0.17,49.80,0.00,5.83,0.00,29.36,18.16,5.83,0.14
-1341.06,0.00,172.60,0.00,-1743.20,-39.93,161.90,0.25,49.85,0.00,5.83,0.00,24.85,19.79,5.83,0.15
-1311.80,0.00,176.02,0.00,-1731.61,-31.77,164.73,0.28,49.91,0.00,5.83,0.00,23.29,14.42,5.83,-0.02
-1287.79,0.00,178.83,0.00,-1720.48,-26.19,167.59,0.24,49.95,0.00,5.83,0.00,22.31,8.90,5.83,-0.12
-1262.34,0.00,181.80,0.00,-1708.90,-23.20,170.71,0.16,49.99,0.00,5.83,0.00,20.95,2.88,5.83,-0.16
-1236.33,0.00,184.83,0.00,-1698.48,-23.28,173.76,0.08,50.03,0.00,5.83,0.00,19.00,-2.54,5.83,-0.16
-1207.99,0.00,188.13,0.00,-1688.21,-26.44,177.19,-0.01,50.08,0.00,5.83,0.00,16.12,-7.53,5.83,-0.16
-1184.07,0.00,190.92,0.00,-1677.40,-31.67,180.31,-0.10,50.11,0.00,5.83,0.00,23.41,-11.68,5.83,-0.15
-1156.87,0.00,194.08,0.00,-1662.10,-39.54,183.57,-0.18,50.14,0.00,5.83,0.00,30.55,-16.08,5.83,-0.13
-1132.02,0.00,196.97,0.00,-1643.59,-49.52,186.73,-0.25,50.17,0.00,5.83,0.00,37.04,-20.36,5.83,-0.12
-1107.27,0.00,199.85,0.00,-1622.26,-59.64,189.74,-0.27,50.20,0.00,5.83,0.00,44.83,-18.84,5.83,0.02
-1080.97,0.00,202.90,0.00,-1597.96,-68.27,192.63,-0.24,50.22,0.00,5.83,0.00,52.46,-15.99,5.83,0.09
-1052.74,0.00,206.18,0.00,-1570.18,-75.09,195.50,-0.20,50.25,0.00,5.83,0.00,59.59,-11.97,5.83,0.10
-1024.47,0.00,209.46,0.00,-1541.62,-78.86,198.40,-0.14,50.27,0.00,5.83,0.00,55.80,-4.07,5.83,0.12
-998.34,0.00,212.49,0.00,-1513.03,-78.80,201.52,-0.07,50.29,0.00,5.83,0.00,51.38,3.32,5.83,0.13
-976.14,0.00,215.07,0.00,-1490.47,-75.98,204.19,-0.02,50.30,0.00,5.83,0.00,47.38,8.29,5.83,0.13
-948.88,0.00,218.23,0.00,-1468.66,-70.84,207.02,0.05,50.32,0.00,5.83,0.00,43.09,12.36,5.83,0.13
-925.04,0.00,220.99,0.00,-1447.05,-63.22,210.13,0.11,50.33,0.00,5.83,0.00,38.42,15.72,5.83,0.13
-901.49,0.00,223.72,0.00,-1428.63,-56.92,212.70,0.14,50.35,0.00,5.83,0.00,44.63,13.04,5.83,-0.01
-875.33,0.00,226.75,0.00,-1404.29,-51.54,215.62,0.11,50.36,0.00,5.83,0.00,51.81,8.61,5.83,-0.10
-848.52,0.00,229.85,0.00,-1372.80,-48.64,218.91,0.05,50.37,0.00,5.83,0.00,59.07,2.15,5.83,-0.11
-823.12,0.00,232.80,0.00,-1348.16,-48.86,221.24,0.01,50.38,0.00,5.83,0.00,63.47,-2.76,5.83,-0.11
-798.90,0.00,235.60,0.00,-1314.72,-51.93,224.19,-0.04,50.39,0.00,5.83,0.00,68.18,-8.74,5.83,-0.10
-780.90,0.00,237.68,0.00,-1277.83,-58.15,227.25,-0.10,50.40,0.00,5.83,0.00,72.14,-14.36,5.83,-0.10
-753.81,0.00,240.82,0.00,-1237.37,-67.59,230.44,-0.15,50.41,0.00,5.83,0.00,75.35,-19.58,5.83,-0.09
-727.51,0.00,243.86,0.00,-1202.56,-75.76,233.26,-0.15,50.42,0.00,5.83,0.00,69.69,-14.17,5.83,0.06
-697.31,0.00,247.35,0.00,-1171.88,-80.41,235.92,-0.11,50.43,0.00,5.83,0.00,65.20,-6.84,5.83,0.11
-675.61,0.00,249.86,0.00,-1137.96,-81.54,239.09,-0.05,50.43,0.00,5.83,0.00,59.85,1.66,5.83,0.12
-649.79,0.00,252.85,0.00,-1110.88,-79.11,241.86,0.01,50.44,0.00,5.83,0.00,55.06,7.76,5.83,0.12
-623.65,0.00,255.34,0.00,-1084.76,-73.81,244.77,0.07,50.44,0.00,4.03,0.00,49.98,12.74,5.83,0.12
-599.38,0.00,256.92,0.00,-1063.81,-67.37,247.34,0.12,50.45,0.00,2.73,0.00,45.60,16.06,5.83,0.12
-572.76,0.00,258.01,0.00,-1043.80,-59.22,250.05,0.18,50.45,0.00,1.53,0.00,41.14,18.72,5.83,0.13
-549.62,0.00,258.47,0.00,-1025.63,-49.91,252.78,0.24,50.46,0.00,0.58,0.00,36.85,20.72,5.83,0.13
-523.30,0.00,258.47,0.00,-1008.44,-41.19,255.60,0.26,50.46,0.00,-0.47,0.00,34.71,15.75,5.83,-0.03
-500.30,0.00,258.03,0.00,-990.72,-34.71,258.65,0.22,50.47,0.00,-1.36,0.00,33.11,9.51,5.83,-0.12
-474.76,0.00,257.08,0.00,-972.30,-29.08,261.07,0.20,50.47,0.00,-2.27,0.00,39.66,12.92,4.09,0.03
-451.70,0.00,255.86,0.00,-952.36,-21.87,262.65,0.23,50.47,0.00,-3.00,0.00,44.83,17.61,2.81,0.10
-423.52,0.00,253.95,0.00,-928.44,-11.45,263.73,0.28,50.48,0.00,-3.75,0.00,49.46,23.19,1.65,0.11
-396.59,0.00,251.77,0.00,-905.51,0.03,264.24,0.33,50.48,0.00,-4.31,0.00,53.03,27.86,0.71,0.11
-367.76,0.00,249.16,0.00,-878.65,14.95,264.32,0.38,50.48,0.00,-4.76,0.00,56.49,32.69,-0.27,0.10
-367.76,0.00,249.16,0.00,-823.70,45.17,263.27,0.41,50.48,0.00,-4.76,0.00,66.39,33.05,-1.97,-0.05
-340.90,0.00,247.11,0.00,-791.01,59.85,262.13,0.38,50.48,0.00,-3.19,0.00,71.84,29.44,-2.76,-0.09
-318.37,0.00,245.96,0.00,-749.25,74.63,260.35,0.33,50.49,0.00,-2.10,0.00,77.65,24.13,-3.55,-0.09
-289.79,0.00,245.15,0.00,-716.05,83.73,258.76,0.29,50.49,0.00,-0.89,0.00,81.33,20.01,-4.04,-0.09
-263.69,0.00,244.99,0.00,-671.45,92.92,256.45,0.24,50.49,0.00,0.15,0.00,85.21,14.98,-4.53,-0.09
-238.41,0.00,245.34,0.00,-629.29,99.93,254.16,0.21,50.49,0.00,1.14,0.00,88.67,14.32,-4.87,-0.04
-214.91,0.00,246.10,0.00,-579.61,107.77,251.40,0.20,50.49,0.00,2.01,0.00,91.85,14.28,-5.16,-0.02
-182.78,0.00,247.75,0.00,-529.65,115.44,248.57,0.19,50.50,0.00,3.04,0.00,94.37,14.34,-5.36,-0.02
-158.14,0.00,249.41,0.00,-471.33,124.19,245.98,0.18,50.50,0.00,3.70,0.00,96.60,14.37,-3.42,-0.01
-132.11,0.00,251.48,0.00,-431.94,130.01,244.83,0.17,50.50,0.00,4.25,0.00,97.70,14.35,-2.40,-0.01
-112.26,0.00,252.91,0.00,-378.99,137.72,243.89,0.17,50.50,0.00,3.14,0.00,98.83,14.28,-1.21,-0.01
-63.43,0.00,254.79,0.00,-378.99,137.72,243.89,0.17,50.50,0.00,0.94,0.00,98.83,14.28,-1.21,-0.01
-34.24,0.00,254.96,0.00,-321.66,145.93,243.57,0.16,50.50,0.00,-0.22,0.00,99.85,14.20,-0.04,-0.01
-10.52,0.00,254.62,0.00,-275.72,152.42,243.78,0.16,50.50,0.00,-1.15,0.00,100.39,14.10,0.87,-0.01
18.94,0.00,253.60,0.00,-225.32,159.44,244.48,0.16,50.50,0.00,-2.22,0.00,100.78,13.97,1.82,-0.01
18.94,0.00,253.60,0.00,-125.86,168.29,247.15,0.10,50.50,0.00,-2.22,0.00,99.26,3.63,3.40,-0.08
45.07,0.00,252.21,0.00,-79.08,169.55,248.91,0.07,50.50,0.00,-3.05,0.00,99.43,2.19,3.97,-0.04
69.83,0.00,250.53,0.00,-22.82,170.55,251.33,0.05,50.51,0.00,-3.70,0.00,99.48,1.49,4.51,-0.02
96.26,0.00,248.43,0.00,17.84,171.78,252.90,0.06,50.51,0.00,-4.26,0.00,98.01,4.63,3.30,0.06
116.55,0.00,246.97,0.00,64.04,177.08,254.22,0.12,50.51,0.00,-3.13,0.00,85.98,15.51,2.06,0.13
166.91,0.00,245.08,0.00,64.04,177.08,254.22,0.12,50.51,0.00,-0.87,0.00,85.98,15.51,2.06,0.13
194.99,0.00,244.94,0.00,109.56,184.27,255.00,0.12,50.51,0.00,0.25,0.00,77.59,9.28,0.86,-0.09
194.99,0.00,244.94,0.00,170.86,182.79,254.95,0.00,50.51,0.00,0.25,0.00,62.47,-9.39,-0.89,-0.13
218.29,0.00,245.28,0.00,198.48,176.77,254.27,-0.06,50.51,0.00,1.16,0.00,53.35,-14.79,-1.80,-0.14
243.44,0.00,246.12,0.00,222.60,168.23,253.14,-0.13,50.51,0.00,2.08,0.00,44.16,-18.76,-2.66,-0.15
267.83,0.00,247.34,0.00,243.83,157.04,251.43,-0.22,50.51,0.00,2.87,0.00,34.41,-21.61,-3.45,-0.16
314.87,0.00,250.63,0.00,243.83,157.04,251.43,-0.22,50.51,0.00,4.07,0.00,34.41,-21.61,-3.45,-0.16
340.18,0.00,252.28,0.00,259.64,144.87,249.37,-0.30,50.51,0.00,2.71,0.00,25.08,-23.10,-4.09,-0.17
362.78,0.00,253.24,0.00,272.23,135.84,247.64,-0.31,50.51,0.00,1.68,0.00,23.08,-12.17,-2.66,0.14
385.80,0.00,253.76,0.00,283.89,132.40,246.59,-0.21,50.51,0.00,0.73,0.00,21.22,-1.95,-1.47,0.21
412.51,0.00,253.84,0.00,293.55,133.63,246.15,-0.11,50.51,0.00,-0.33,0.00,18.26,5.97,-0.46,0.22
437.93,0.00,253.40,0.00,301.63,138.14,246.19,-0.00,50.51,0.00,-1.32,0.00,14.49,11.31,0.54,0.21
466.00,0.00,252.35,0.00,306.96,143.48,246.61,0.08,50.51,0.00,-2.32,0.00,11.29,13.85,1.35,0.20
488.74,0.00,251.12,0.00,312.12,151.85,247.70,0.19,50.51,0.00,-3.04,0.00,7.33,15.38,2.37,0.18
511.18,0.00,249.62,0.00,316.49,159.30,248.96,0.27,50.51,0.00,-3.64,0.00,11.47,17.33,3.08,0.17
533.84,0.00,248.28,0.00,323.11,166.54,250.50,0.31,50.51,0.00,-2.48,0.00,17.38,15.14,3.69,0.03
555.54,0.00,247.45,0.00,334.96,174.09,252.09,0.29,50.51,0.00,-1.52,0.00,25.11,12.52,2.29,-0.09
582.41,0.00,246.97,0.00,348.72,179.25,252.90,0.24,50.51,0.00,-0.42,0.00,31.80,9.30,1.24,-0.13
607.26,0.00,247.03,0.00,365.37,182.64,253.23,0.18,50.51,0.00,0.57,0.00,38.00,5.34,0.27,-0.13
632.68,0.00,247.58,0.00,385.37,184.05,253.11,0.12,50.51,0.00,1.54,0.00,43.74,0.85,-0.69,-0.12
659.04,0.00,248.66,0.00,406.66,183.38,252.56,0.06,50.51,0.00,2.46,0.00,48.54,-3.33,-1.58,-0.12
659.04,0.00,248.66,0.00,452.70,177.13,250.49,-0.03,50.51,0.00,2.46,0.00,56.07,-10.45,-3.04,-0.11
705.07,0.00,251.15,0.00,452.70,177.13,250.49,-0.03,50.51,0.00,2.13,0.00,56.07,-10.45,-3.04,-0.11
729.01,0.00,251.89,0.00,484.09,171.34,249.25,-0.07,50.51,0.00,1.10,0.00,61.81,-11.21,-1.79,-0.05
753.92,0.00,252.16,0.00,512.92,166.94,248.68,-0.07,50.51,0.00,0.10,0.00,65.28,-8.23,-0.83,0.05
782.38,0.00,251.87,0.00,549.03,164.15,248.55,-0.03,50.51,0.00,-1.02,0.00,69.05,-2.51,0.24,0.09
811.07,0.00,250.95,0.00,583.74,164.52,248.93,0.01,50.51,0.00,-2.08,0.00,71.80,3.43,1.21,0.09
840.27,0.00,249.45,0.00,623.32,168.26,249.89,0.07,50.51,0.00,-3.01,0.00,74.07,9.70,2.20,0.09
840.27,0.00,249.45,0.00,712.41,180.04,250.94,0.08,50.51,0.00,-3.01,0.00,79.85,7.13,-0.20,-0.07
870.84,0.00,248.11,0.00,754.42,181.89,250.54,0.04,50.51,0.00,-1.60,0.00,81.34,0.56,-1.22,-0.09
919.24,0.00,247.57,0.00,754.42,181.89,250.54,0.04,50.51,0.00,0.36,0.00,81.34,0.56,-1.22,-0.09
943.41,0.00,247.99,0.00,793.63,180.59,249.72,-0.00,50.51,0.00,1.30,0.00,82.27,-5.33,-2.11,-0.09
966.55,0.00,248.80,0.00,840.62,175.59,248.22,-0.06,50.51,0.00,2.13,0.00,82.75,-11.49,-3.03,-0.09
991.58,0.00,250.08,0.00,879.79,169.02,247.09,-0.10,50.51,0.00,2.94,0.00,82.79,-15.76,-1.90,-0.09
1020.07,0.00,251.32,0.00,915.21,162.86,246.48,-0.11,50.51,0.00,1.63,0.00,76.76,-11.70,-0.95,0.05
1043.21,0.00,251.82,0.00,951.22,159.46,246.28,-0.06,50.51,0.00,0.67,0.00,70.45,-2.74,0.04,0.12
1068.52,0.00,251.88,0.00,982.98,160.97,246.55,0.01,50.51,0.00,-0.33,0.00,63.33,7.79,0.99,0.15
1068.52,0.00,251.88,0.00,1031.47,173.37,248.10,0.13,50.51,0.00,-0.33,0.00,52.21,17.54,2.53,0.11
1092.45,0.00,251.48,0.00,1052.12,180.93,249.29,0.17,50.51,0.00,-1.26,0.00,48.47,19.00,3.16,0.10
1115.07,0.00,250.71,0.00,1078.60,192.54,251.37,0.23,50.51,0.00,-2.09,0.00,43.42,20.86,3.90,0.11
1142.43,0.00,249.31,0.00,1100.25,204.01,253.01,0.29,50.51,0.00,-2.97,0.00,39.00,22.36,2.51,0.11
1168.58,0.00,248.13,0.00,1120.03,212.71,253.99,0.27,50.51,0.00,-1.75,0.00,35.99,11.04,1.32,-0.16
1192.31,0.00,247.56,0.00,1136.72,215.11,254.37,0.18,50.51,0.00,-0.77,0.00,33.12,0.08,0.33,-0.20
1235.15,0.00,247.67,0.00,1136.72,215.11,254.37,0.18,50.51,0.00,0.93,0.00,33.12,0.08,0.33,-0.20
1255.64,0.00,248.22,0.00,1153.08,212.54,254.24,0.08,50.51,0.00,1.70,0.00,28.90,-8.52,-0.72,-0.19
1278.16,0.00,249.17,0.00,1163.87,208.06,253.77,0.00,50.51,0.00,2.48,0.00,25.10,-13.07,-1.50,-0.19
1301.97,0.00,250.53,0.00,1175.17,200.51,252.77,-0.09,50.51,0.00,3.20,0.00,20.39,-16.47,-2.39,-0.19
1330.18,0.00,251.90,0.00,1184.92,191.02,251.21,-0.19,50.51,0.00,1.86,0.00,15.86,-18.08,-3.23,-0.17
1357.49,0.00,252.56,0.00,1194.84,180.65,249.86,-0.28,50.51,0.00,0.72,0.00,20.49,-20.34,-1.93,-0.15
1382.94,0.00,252.64,0.00,1207.27,170.97,249.18,-0.31,50.51,0.00,-0.29,0.00,27.04,-17.51,-0.83,0.01
1409.44,0.00,252.19,0.00,1222.49,163.13,249.04,-0.28,50.51,0.00,-1.32,0.00,33.62,-14.25,0.17,0.10
1431.53,0.00,251.41,0.00,1237.23,158.11,249.33,-0.23,50.51,0.00,-2.12,0.00,32.52,-8.79,1.05,0.13
1454.64,0.00,250.25,0.00,1252.27,155.42,250.06,-0.17,50.51,0.00,-2.87,0.00,30.96,-3.15,1.94,0.14
1478.43,0.00,248.72,0.00,1268.48,155.05,251.20,-0.10,50.51,0.00,-3.53,0.00,36.41,1.19,2.74,0.13
1502.43,0.00,247.37,0.00,1286.47,156.64,252.19,-0.04,50.51,0.00,-2.33,0.00,41.10,5.31,1.68,0.13
1527.56,0.00,246.51,0.00,1307.49,160.27,252.73,0.02,50.51,0.00,-1.24,0.00,45.49,9.28,0.67,0.12
1557.76,0.00,246.17,0.00,1333.01,166.37,252.77,0.08,50.51,0.00,-0.02,0.00,49.85,13.23,-0.40,0.11
1578.96,0.00,246.36,0.00,1358.44,172.94,252.33,0.12,50.51,0.00,0.81,0.00,55.27,13.93,-1.34,0.05
1611.13,0.00,247.30,0.00,1387.18,179.07,251.40,0.12,50.51,0.00,2.01,0.00,59.61,10.68,-2.25,-0.05
1632.47,0.00,248.32,0.00,1422.01,183.32,249.87,0.07,50.51,0.00,2.72,0.00,64.26,4.81,-3.13,-0.10
1655.11,0.00,249.71,0.00,1456.57,184.05,248.03,0.02,50.51,0.00,3.38,0.00,67.76,-1.43,-3.81,-0.10
1681.14,0.00,251.63,0.00,1495.40,181.24,246.36,-0.04,50.51,0.00,4.00,0.00,70.59,-7.88,-2.36,-0.10
1708.82,0.00,253.37,0.00,1526.73,176.70,245.57,-0.08,50.51,0.00,2.54,0.00,72.25,-12.33,-1.39,-0.09
1733.91,0.00,254.32,0.00,1561.87,171.23,245.16,-0.09,50.51,0.00,1.43,0.00,74.47,-10.23,-0.40,0.03
1759.70,0.00,254.75,0.00,1603.44,167.24,245.27,-0.06,50.51,0.00,0.38,0.00,76.92,-4.53,0.69,0.09
1788.23,0.00,254.61,0.00,1647.16,166.88,245.99,-0.01,50.51,0.00,-0.75,0.00,78.65,2.56,1.76,0.09
1815.99,0.00,253.88,0.00,1685.35,169.67,247.07,0.04,50.51,0.00,-1.80,0.00,79.49,8.34,2.60,0.09
1843.26,0.00,252.63,0.00,1723.50,174.98,248.50,0.08,50.51,0.00,-2.72,0.00,79.97,13.29,3.31,0.09
1867.92,0.00,251.10,0.00,1762.09,180.80,250.25,0.09,50.51,0.00,-3.43,0.00,80.96,10.62,3.91,-0.04
1892.87,0.00,249.25,0.00,1806.47,183.93,252.70,0.04,50.51,0.00,-4.02,0.00,73.11,0.78,4.47,-0.12
1916.93,0.00,247.68,0.00,1834.00,182.19,254.22,-0.01,50.51,0.00,-2.73,0.00,66.51,-8.48,3.32,-0.16
1944.22,0.00,246.58,0.00,1866.32,174.73,255.58,-0.10,50.51,0.00,-1.50,0.00,57.15,-18.24,2.03,-0.17
1972.20,0.00,246.10,0.00,1890.45,165.39,256.26,-0.17,50.51,0.00,-0.36,0.00,48.04,-21.46,1.03,-0.14
1972.20,0.00,246.10,0.00,1926.99,143.30,256.30,-0.31,50.51,0.00,-0.36,0.00,30.82,-24.83,-0.85,-0.16
1995.55,0.00,246.17,0.00,1943.82,133.04,255.46,-0.30,50.51,0.00,0.57,0.00,28.43,-12.09,-1.94,0.17
2024.13,0.00,246.83,0.00,1959.80,129.99,254.00,-0.19,50.51,0.00,1.66,0.00,25.71,0.41,-2.91,0.21
2055.78,0.00,248.25,0.00,1972.92,133.07,252.13,-0.07,50.51,0.00,2.74,0.00,21.45,9.28,-3.68,0.21
2087.03,0.00,250.25,0.00,1981.49,138.24,250.38,0.02,50.51,0.00,3.61,0.00,17.61,13.49,-4.16,0.20
2116.30,0.00,251.86,0.00,1988.62,145.01,248.80,0.11,50.51,0.00,2.15,0.00,13.91,15.70,-2.90,0.19
2134.53,0.00,252.48,0.00,1993.85,151.97,247.80,0.19,50.51,0.00,1.36,0.00,10.79,16.63,-1.89,0.18
2159.74,0.00,252.88,0.00,1999.73,159.94,247.19,0.26,50.51,0.00,0.34,0.00,14.78,18.46,-0.93,0.16
2182.68,0.00,252.80,0.00,2009.57,168.93,247.01,0.30,50.51,0.00,-0.57,0.00,21.67,15.76,0.14,0.00
2208.65,0.00,252.23,0.00,2023.04,176.39,247.38,0.28,50.51,0.00,-1.56,0.00,28.94,12.84,1.18,-0.10
2235.25,0.00,251.13,0.00,2038.75,181.65,248.19,0.22,50.51,0.00,-2.49,0.00,35.48,9.19,2.07,-0.13
2261.60,0.00,249.60,0.00,2058.54,185.06,249.48,0.16,50.51,0.00,-3.28,0.00,41.79,4.59,2.90,-0.13
2288.40,0.00,248.24,0.00,2082.14,186.00,250.64,0.09,50.51,0.00,-1.99,0.00,47.53,-0.50,1.68,-0.12
2314.52,0.00,247.53,0.00,2107.72,184.42,251.20,0.04,50.51,0.00,-0.89,0.00,52.33,-5.20,0.62,-0.11
2342.10,0.00,247.38,0.00,2140.07,179.76,251.18,-0.03,50.51,0.00,0.21,0.00,57.05,-10.09,-0.56,-0.11
2369.65,0.00,247.82,0.00,2166.02,175.18,250.73,-0.06,50.51,0.00,1.28,0.00,61.61,-10.77,-1.41,-0.05
2390.78,0.00,248.53,0.00,2194.06,171.02,249.91,-0.06,50.51,0.00,2.05,0.00,64.92,-8.01,-2.21,0.04
2414.61,0.00,249.71,0.00,2223.66,168.52,248.75,-0.03,50.51,0.00,2.83,0.00,68.03,-3.52,-2.93,0.09
2439.16,0.00,251.27,0.00,2252.07,168.15,247.77,0.00,50.51,0.00,3.52,0.00,70.44,1.28,-1.96,0.09
2465.68,0.00,252.73,0.00,2293.74,171.07,247.04,0.06,50.51,0.00,2.21,0.00,73.10,8.10,-0.73,0.09
2488.38,0.00,253.48,0.00,2331.55,175.83,246.95,0.09,50.51,0.00,1.22,0.00,76.51,10.26,0.28,0.04
2513.01,0.00,253.80,0.00,2369.76,180.18,247.36,0.08,50.51,0.00,0.23,0.00,78.41,7.12,1.25,-0.06
2539.05,0.00,253.63,0.00,2412.59,182.16,248.33,0.04,50.51,0.00,-0.80,0.00,80.21,0.68,2.24,-0.09
2565.87,0.00,252.91,0.00,2455.36,180.59,249.76,-0.01,50.51,0.00,-1.81,0.00,81.26,-5.87,3.08,-0.09
2594.24,0.00,251.59,0.00,2495.19,176.25,251.44,-0.05,50.51,0.00,-2.76,0.00,81.69,-11.23,3.73,-0.09
2616.38,0.00,250.22,0.00,2535.25,169.50,252.92,-0.10,50.51,0.00,-3.40,0.00,81.78,-15.79,2.46,-0.09
2638.65,0.00,248.59,0.00,2577.00,162.75,253.88,-0.09,50.51,0.00,-3.93,0.00,74.38,-9.08,1.26,0.09
2660.55,0.00,247.17,0.00,2611.90,161.71,254.23,-0.03,50.51,0.00,-2.77,0.00,66.65,3.72,0.25,0.16
2687.68,0.00,246.05,0.00,2647.49,165.72,254.02,0.04,50.51,0.00,-1.54,0.00,60.91,9.45,-0.87,0.10
2710.72,0.00,245.59,0.00,2675.53,171.21,253.36,0.09,50.51,0.00,-0.59,0.00,56.23,12.91,-1.78,0.10
2738.95,0.00,245.61,0.00,2700.01,177.77,252.35,0.13,50.51,0.00,0.53,0.00,51.98,15.61,-2.57,0.10
2765.62,0.00,246.18,0.00,2722.85,185.54,250.99,0.18,50.51,0.00,1.55,0.00,47.83,17.90,-3.26,0.10
2787.95,0.00,247.06,0.00,2748.11,196.29,248.94,0.24,50.51,0.00,2.34,0.00,42.96,20.20,-3.96,0.11
2812.00,0.00,248.38,0.00,2768.69,207.01,246.80,0.29,50.51,0.00,3.09,0.00,38.70,21.90,-4.45,0.11
2838.79,0.00,250.23,0.00,2787.31,215.28,244.97,0.28,50.51,0.00,3.78,0.00,35.86,11.54,-3.01,-0.15
2862.29,0.00,251.67,0.00,2803.80,217.98,243.83,0.19,50.51,0.00,2.57,0.00,33.18,0.87,-1.88,-0.20
2883.42,0.00,252.52,0.00,2819.09,215.86,243.19,0.09,50.51,0.00,1.62,0.00,29.02,-8.17,-0.83,-0.20
2909.17,0.00,253.04,0.00,2830.88,210.82,243.04,0.00,50.51,0.00,0.56,0.00,24.52,-13.72,0.06,-0.20
2938.37,0.00,252.99,0.00,2841.50,203.20,243.33,-0.09,50.51,0.00,-0.60,0.00,19.64,-17.10,1.02,-0.19
2965.41,0.00,252.37,0.00,2850.01,194.38,244.09,-0.18,50.51,0.00,-1.63,0.00,15.36,-18.47,1.94,-0.18
2984.49,0.00,251.61,0.00,2856.87,184.78,245.34,-0.27,50.51,0.00,-2.30,0.00,11.65,-18.71,2.81,-0.17
3000.00,0.00,250.20,0.00,2864.24,175.76,246.88,-0.33,50.51,0.00,-3.11,0.00,18.35,-18.95,3.49,-0.09
3000.00,0.00,248.68,0.00,2874.71,167.28,248.71,-0.35,50.51,0.00,-3.69,0.00,24.61,-16.58,4.05,0.03
3000.00,0.00,247.15,0.00,2886.73,160.66,250.34,-0.31,50.51,0.00,-2.35,0.00,23.97,-10.69,2.72,0.13
3000.00,0.00,246.29,0.00,2897.89,157.34,251.35,-0.23,50.51,0.00,-1.28,0.00,22.78,-3.87,1.62,0.17
3000.00,0.00,245.96,0.00,2908.83,157.73,251.87,-0.14,50.51,0.00,-0.43,0.00,20.04,4.42,0.56,0.20
3000.00,0.00,246.01,0.00,2917.34,161.89,251.89,-0.03,50.51,0.00,0.55,0.00,15.56,11.79,-0.41,0.24
3000.00,0.00,246.53,0.00,2923.84,170.56,251.33,0.11,50.51,0.00,1.49,0.00,8.22,18.10,-1.49,0.27
3000.00,0.00,248.92,0.00,2923.84,170.56,251.33,0.11,50.51,0.00,3.15,0.00,8.22,18.10,-1.49,0.27
3000.00,0.00,250.90,0.00,2927.09,179.72,250.28,0.23,50.51,0.00,3.87,0.00,4.82,17.31,-2.41,0.19
3000.00,0.00,252.46,0.00,2928.77,188.85,249.34,0.32,50.51,0.00,2.56,0.00,1.75,16.49,-1.22,0.18
3000.00,0.00,252.46,0.00,2927.84,203.80,249.15,0.49,50.51,0.00,2.56,0.00,-3.39,14.74,0.71,0.18
3000.00,0.00,253.41,0.00,2925.43,210.85,249.78,0.58,50.51,0.00,1.45,0.00,-5.97,13.51,1.67,0.19
3000.00,0.00,253.87,0.00,2922.27,216.49,250.70,0.67,50.51,0.00,0.18,0.00,-8.14,12.19,2.45,0.19
3000.00,0.00,253.75,0.00,2917.22,222.42,252.25,0.77,50.51,0.00,-0.66,0.00,-10.58,10.25,3.26,0.20
3000.00,0.00,253.17,0.00,2912.28,224.61,254.36,0.79,50.51,0.00,-1.60,0.00,-7.02,-0.90,3.97,-0.15
3000.00,0.00,252.07,0.00,2908.90,221.38,256.12,0.66,50.51,0.00,-2.52,0.00,-5.66,-9.67,2.49,-0.27
3000.00,0.00,249.10,0.00,2908.90,221.38,256.12,0.66,50.51,0.00,-3.81,0.00,-5.66,-9.67,2.49,-0.27
3000.00,0.00,247.40,0.00,2905.87,214.89,257.03,0.53,50.51,0.00,-2.32,0.00,-7.04,-16.17,1.40,-0.26
3000.00,0.00,246.50,0.00,2901.85,206.30,257.44,0.41,50.51,0.00,-1.13,0.00,-10.29,-20.30,0.45,-0.24
3000.00,0.00,246.22,0.00,2894.78,194.59,257.36,0.28,50.51,0.00,0.07,0.00,-15.39,-22.20,-0.63,-0.22
3000.00,0.00,246.22,0.00,2873.37,172.80,255.58,0.08,50.51,0.00,0.07,0.00,-23.85,-18.06,-2.57,-0.17
3000.00,0.00,246.58,0.00,2864.76,166.23,254.41,0.01,50.51,0.00,1.14,0.00,-19.36,-15.16,-3.18,-0.15
3000.00,0.00,247.38,0.00,2856.42,160.28,252.54,-0.02,50.51,0.00,2.04,0.00,-13.03,-8.95,-3.85,0.00
3000.00,0.00,248.79,0.00,2851.44,156.70,250.33,0.01,50.51,0.00,2.95,0.00,-6.35,-5.06,-4.39,0.12
3000.00,0.00,250.40,0.00,2849.93,155.13,248.63,0.08,50.51,0.00,3.61,0.00,-0.73,-1.91,-3.06,0.17
3000.00,0.00,251.94,0.00,2850.93,155.16,247.49,0.16,50.51,0.00,2.25,0.00,4.40,1.80,-1.95,0.20
3000.00,0.00,252.73,0.00,2855.14,157.81,246.77,0.27,50.51,0.00,1.21,0.00,9.80,7.20,-0.75,0.18
3000.00,0.00,253.04,0.00,2859.40,161.21,246.64,0.34,50.51,0.00,0.31,0.00,12.93,10.89,-0.01,0.17
3000.00,0.00,252.93,0.00,2867.50,166.63,246.91,0.38,50.51,0.00,-0.67,0.00,19.01,10.81,0.98,0.02
3000.00,0.00,252.33,0.00,2881.05,172.59,247.84,0.36,50.51,0.00,-1.63,0.00,26.54,9.38,2.07,-0.10
3000.00,0.00,251.08,0.00,2897.33,176.71,249.22,0.30,50.51,0.00,-2.62,0.00,33.28,6.08,2.95,-0.13
3000.00,0.00,249.57,0.00,2913.87,177.64,250.95,0.22,50.51,0.00,-3.36,0.00,30.92,-1.58,3.66,-0.17
3000.00,0.00,248.44,0.00,2929.70,175.33,252.57,0.14,50.51,0.00,-2.34,0.00,25.26,-5.83,2.21,-0.13
3000.00,0.00,247.25,0.00,2929.70,175.33,252.57,0.14,50.51,0.00,-0.33,0.00,25.26,-5.83,2.21,-0.13
3000.00,0.00,247.35,0.00,2941.79,171.26,253.41,0.07,50.51,0.00,0.64,0.00,19.71,-8.70,1.03,-0.13
3000.00,0.00,247.84,0.00,2950.74,165.95,253.65,-0.00,50.51,0.00,1.50,0.00,14.11,-10.72,-0.05,-0.14
3000.00,0.00,248.69,0.00,2956.09,160.59,253.38,-0.07,50.51,0.00,2.28,0.00,9.14,-11.87,-0.99,-0.15
3000.00,0.00,250.01,0.00,2959.02,155.08,252.72,-0.14,50.51,0.00,3.06,0.00,4.31,-12.39,-1.84,-0.16
3000.00,0.00,251.20,0.00,2959.71,149.08,251.61,-0.22,50.51,0.00,1.88,0.00,-0.91,-12.30,-2.66,-0.17
3000.00,0.00,251.88,0.00,2957.70,143.02,250.03,-0.31,50.51,0.00,0.71,0.00,-6.41,-11.32,-3.41,-0.18
3000.00,0.00,251.93,0.00,2953.18,137.96,248.69,-0.40,50.51,0.00,-0.41,0.00,-11.38,-9.28,-2.19,-0.17
3000.00,0.00,251.41,0.00,2945.60,133.87,247.86,-0.49,50.51,0.00,-1.44,0.00,-16.19,-6.07,-1.02,-0.16
3000.00,0.00,250.50,0.00,2938.29,132.04,247.63,-0.55,50.51,0.00,-2.30,0.00,-19.30,-3.16,-0.20,-0.15
3000.00,0.00,249.11,0.00,2926.76,131.59,247.84,-0.63,50.51,0.00,-3.10,0.00,-22.74,1.12,0.88,-0.14
3000.00,0.00,247.92,0.00,2914.08,133.43,248.59,-0.70,50.51,0.00,-1.94,0.00,-25.32,5.49,1.87,-0.13
3000.00,0.00,247.32,0.00,2901.22,139.69,249.27,-0.69,50.51,0.00,-1.04,0.00,-22.13,15.12,0.70,0.17
3000.00,0.00,247.09,0.00,2889.13,149.79,249.32,-0.58,50.51,0.00,0.14,0.00,-22.00,20.75,-0.40,0.21
3000.00,0.00,247.49,0.00,2876.60,162.20,248.77,-0.48,50.51,0.00,1.21,0.00,-23.62,23.81,-1.48,0.19
3000.00,0.00,248.21,0.00,2863.68,174.59,247.73,-0.39,50.51,0.00,2.02,0.00,-25.79,23.66,-2.40,0.16
3000.00,0.00,249.36,0.00,2848.53,187.29,246.77,-0.31,50.51,0.00,2.79,0.00,-27.80,21.68,-1.16,0.14
3000.00,0.00,250.82,0.00,2835.46,197.67,246.47,-0.23,50.51,0.00,3.46,0.00,-21.20,17.44,-0.06,0.13
3000.00,0.00,252.31,0.00,2827.95,203.32,246.62,-0.21,50.51,0.00,2.08,0.00,-16.88,11.96,0.73,0.02
3000.00,0.00,253.06,0.00,2820.64,208.26,247.34,-0.23,50.51,0.00,0.97,0.00,-10.19,6.70,1.78,-0.10
3000.00,0.00,253.27,0.00,2817.13,210.49,248.52,-0.29,50.51,0.00,-0.04,0.00,-4.13,2.35,2.67,-0.16
3000.00,0.00,252.98,0.00,2816.49,210.52,249.90,-0.37,50.51,0.00,-1.03,0.00,0.71,-1.90,3.34,-0.19
3000.00,0.00,252.28,0.00,2818.53,207.63,251.99,-0.47,50.51,0.00,-1.89,0.00,5.84,-7.95,4.02,-0.18
3000.00,0.00,250.83,0.00,2823.30,203.35,254.14,-0.53,50.51,0.00,-2.88,0.00,12.53,-9.02,4.49,-0.03
3000.00,0.00,249.11,0.00,2831.09,198.85,255.92,-0.52,50.51,0.00,-3.61,0.00,19.20,-9.45,3.10,0.07
3000.00,0.00,247.47,0.00,2841.56,194.64,257.07,-0.47,50.51,0.00,-2.11,0.00,25.66,-8.78,2.00,0.12
3000.00,0.00,246.72,0.00,2859.13,190.05,257.83,-0.40,50.51,0.00,-1.04,0.00,33.41,-6.94,0.75,0.13
3000.00,0.00,246.48,0.00,2876.42,186.42,257.94,-0.35,50.51,0.00,0.03,0.00,39.46,-8.41,-0.19,0.07
3000.00,0.00,246.70,0.00,2896.14,181.33,257.60,-0.35,50.51,0.00,0.89,0.00,42.68,-12.70,-1.14,-0.04
3000.00,0.00,247.24,0.00,2914.13,174.69,256.88,-0.39,50.51,0.00,1.67,0.00,37.55,-16.56,-1.97,-0.12
3000.00,0.00,248.32,0.00,2929.01,165.52,255.78,-0.46,50.51,0.00,2.54,0.00,28.68,-22.97,-2.74,-0.20
3000.00,0.00,249.86,0.00,2942.45,150.84,253.83,-0.57,50.51,0.00,3.32,0.00,17.08,-24.73,-3.60,-0.18
3000.00,0.00,251.98,0.00,2948.83,137.77,251.72,-0.67,50.51,0.00,4.01,0.00,7.80,-23.79,-4.19,-0.19
3000.00,0.00,253.57,0.00,2950.42,125.01,249.83,-0.78,50.51,0.00,2.70,0.00,-1.16,-20.79,-2.64,-0.21
3000.00,0.00,254.62,0.00,2948.36,116.64,248.91,-0.87,50.51,0.00,1.54,0.00,-7.41,-17.21,-1.63,-0.22
3000.00,0.00,255.11,0.00,2942.64,109.23,248.38,-0.99,50.51,0.00,0.40,0.00,-13.85,-11.68,-0.55,-0.25
3000.00,0.00,255.07,0.00,2932.62,104.91,248.43,-1.15,50.51,0.00,-0.51,0.00,-19.35,-3.55,0.62,-0.27
3000.00,0.00,254.53,0.00,2922.08,105.38,249.03,-1.28,50.51,0.00,-1.50,0.00,-21.46,4.67,1.60,-0.24
3000.00,0.00,253.71,0.00,2911.14,110.05,250.09,-1.39,50.51,0.00,-2.26,0.00,-21.35,12.86,2.50,-0.22
3000.00,0.00,252.00,0.00,2899.45,120.22,251.81,-1.51,50.51,0.00,-3.22,0.00,-19.26,21.51,3.36,-0.20
3000.00,0.00,250.18,0.00,2889.83,134.30,253.86,-1.62,50.51,0.00,-3.86,0.00,-15.86,28.81,4.02,-0.18
3000.00,0.00,247.87,0.00,2883.33,149.18,255.41,-1.70,50.51,0.00,-4.41,0.00,-12.23,34.15,2.76,-0.17
3000.00,0.00,246.47,0.00,2880.73,168.32,256.54,-1.70,50.51,0.00,-3.35,0.00,-0.48,35.56,1.51,0.15
3000.00,0.00,245.19,0.00,2881.62,187.53,257.01,-1.61,50.51,0.00,-2.17,0.00,3.24,36.82,0.41,0.18
3000.00,0.00,244.38,0.00,2883.51,205.83,256.95,-1.53,50.51,0.00,-1.02,0.00,4.27,37.52,-0.57,0.15
3000.00,0.00,244.15,0.00,2885.72,226.15,256.33,-1.45,50.51,0.00,-0.17,0.00,3.91,37.82,-1.61,0.14
3000.00,0.00,244.32,0.00,2887.40,240.74,255.46,-1.40,50.51,0.00,0.78,0.00,4.04,31.28,-2.37,0.13
3000.00,0.00,244.98,0.00,2889.36,255.61,253.77,-1.34,50.51,0.00,1.74,0.00,3.17,20.64,-3.27,0.07
3000.00,0.00,245.96,0.00,2890.41,264.32,251.79,-1.34,50.51,0.00,2.52,0.00,1.23,12.40,-3.95,-0.05
3000.00,0.00,247.56,0.00,2890.73,268.49,249.70,-1.38,50.51,0.00,3.33,0.00,0.16,5.20,-4.43,-0.13
3000.00,0.00,249.34,0.00,2890.35,269.04,247.20,-1.46,50.51,0.00,3.93,0.00,-1.60,-2.34,-4.83,-0.18
3000.00,0.00,251.79,0.00,2889.64,265.70,245.23,-1.54,50.51,0.00,4.49,0.00,-1.43,-10.39,-3.34,-0.11
