-2500.00,0.00,0.00,0.00,-2584.07,-445.64,0.92,-0.97,0.00,0.00,0.00,0.00,0.00,0.00,0.00,0.00
-2499.61,0.00,0.28,0.00,-2583.25,-443.77,0.69,-0.92,1.41,0.00,1.00,0.00,3.00,7.37,-0.92,0.22
-2498.72,0.00,0.90,0.00,-2581.68,-438.72,0.07,-0.80,2.61,0.00,1.81,0.00,3.48,14.34,-1.77,0.29
-2497.23,0.00,1.92,0.00,-2580.53,-429.19,0.00,-0.65,3.87,0.00,2.59,0.00,0.61,20.79,-0.66,0.27
-2495.31,0.00,3.17,0.00,-2581.66,-417.07,0.00,-0.52,5.05,0.00,3.23,0.00,-4.63,24.44,0.40,0.25
-2492.34,0.00,5.00,0.00,-2585.48,-404.67,0.46,-0.40,6.45,0.00,3.87,0.00,-10.35,25.51,1.36,0.23
-2488.38,0.00,7.29,0.00,-2591.95,-392.51,1.35,-0.29,7.93,0.00,4.42,0.00,-15.89,24.89,2.23,0.22
-2483.71,0.00,9.77,0.00,-2601.50,-380.40,2.71,-0.18,9.37,0.00,4.82,0.00,-21.20,23.00,3.04,0.21
-2478.62,0.00,12.28,0.00,-2614.31,-368.92,4.56,-0.07,10.70,0.00,5.10,0.00,-25.99,20.06,3.75,0.19
-2472.94,0.00,14.88,0.00,-2628.62,-359.64,6.63,0.02,11.99,0.00,5.30,0.00,-29.64,16.68,4.29,0.18
-2466.86,0.00,17.46,0.00,-2643.40,-352.62,8.77,0.11,13.22,0.00,5.45,0.00,-32.24,13.24,4.68,0.17
-2459.43,0.00,20.40,0.00,-2661.14,-346.76,11.36,0.19,14.55,0.00,5.57,0.00,-34.30,9.31,5.01,0.16
-2451.05,0.00,23.48,0.00,-2677.91,-343.24,13.82,0.27,15.89,0.00,5.65,0.00,-35.43,5.78,5.23,0.16
-2443.15,0.00,26.19,0.00,-2698.06,-341.23,16.83,0.36,17.02,0.00,5.70,0.00,-36.06,1.86,5.42,0.15
-2435.53,0.00,28.67,0.00,-2716.02,-341.21,19.56,0.43,18.03,0.00,5.73,0.00,-36.08,-1.40,5.54,0.14
-2425.91,0.00,31.64,0.00,-2731.25,-342.04,22.08,0.49,19.20,0.00,5.76,0.00,-32.02,-2.08,5.62,0.14
-2416.46,0.00,34.40,0.00,-2744.11,-342.99,24.50,0.55,20.24,0.00,5.78,0.00,-28.46,-2.23,5.67,0.14
-2407.89,0.00,36.79,0.00,-2757.15,-344.03,27.32,0.61,21.13,0.00,5.80,0.00,-24.68,-1.91,5.72,0.14
-2397.31,0.00,39.62,0.00,-2767.84,-344.97,30.19,0.67,22.13,0.00,5.81,0.00,-18.77,-1.56,5.75,0.08
-2384.41,0.00,42.91,0.00,-2775.61,-346.09,33.04,0.68,23.27,0.00,5.82,0.00,-13.43,-2.57,5.78,-0.03
-2375.94,0.00,45.00,0.00,-2780.99,-347.38,35.92,0.64,23.96,0.00,5.82,0.00,-8.73,-2.54,5.79,-0.12
-2363.13,0.00,48.04,0.00,-2784.03,-348.55,38.65,0.58,24.93,0.00,5.82,0.00,-4.59,-2.47,5.80,-0.16
-2351.68,0.00,50.67,0.00,-2785.16,-349.78,41.41,0.50,25.74,0.00,5.83,0.00,-0.59,-2.79,5.81,-0.18
-2338.43,0.00,53.62,0.00,-2784.25,-350.54,44.31,0.42,26.62,0.00,5.83,0.00,3.85,-0.60,5.82,-0.12
-2323.18,0.00,56.89,0.00,-2782.03,-350.00,46.90,0.39,27.55,0.00,5.83,0.00,5.90,2.71,5.82,-0.02
-2310.57,0.00,59.52,0.00,-2778.63,-347.71,49.70,0.40,28.26,0.00,5.83,0.00,8.01,6.48,5.82,0.08
-2297.11,0.00,62.26,0.00,-2773.59,-343.97,52.53,0.43,28.97,0.00,5.83,0.00,12.30,8.72,5.83,0.06
-2283.28,0.00,65.01,0.00,-2765.64,-338.53,55.65,0.46,29.66,0.00,5.83,0.00,16.87,11.33,5.83,0.05
-2269.53,0.00,67.68,0.00,-2756.84,-333.48,58.36,0.46,30.30,0.00,5.83,0.00,20.72,10.38,5.83,-0.05
-2253.29,0.00,70.77,0.00,-2743.74,-328.35,61.62,0.41,31.00,0.00,5.83,0.00,25.64,7.99,5.83,-0.12
-2236.76,0.00,73.84,0.00,-2732.39,-325.56,64.02,0.36,31.67,0.00,5.83,0.00,29.05,5.74,5.83,-0.13
-2221.08,0.00,76.70,0.00,-2717.29,-322.70,66.83,0.32,32.26,0.00,5.83,0.00,33.22,6.17,5.83,-0.07
-2204.75,0.00,79.62,0.00,-2700.96,-319.70,69.53,0.29,32.83,0.00,5.83,0.00,37.01,6.76,5.83,-0.05
-2188.54,0.00,82.48,0.00,-2681.40,-315.25,72.54,0.29,33.36,0.00,5.83,0.00,38.60,10.41,5.83,0.06
-2171.05,0.00,85.51,0.00,-2660.46,-308.18,75.65,0.34,33.90,0.00,5.83,0.00,39.49,15.67,5.83,0.10
-2154.82,0.00,88.28,0.00,-2637.77,-298.58,78.87,0.38,34.36,0.00,5.83,0.00,42.57,18.71,5.83,0.05
-2138.50,0.00,91.03,0.00,-2615.08,-289.39,81.87,0.38,34.80,0.00,5.83,0.00,45.37,16.77,5.83,-0.06
-2122.18,0.00,93.75,0.00,-2591.65,-282.03,84.78,0.34,35.21,0.00,5.83,0.00,48.42,13.01,5.83,-0.10
-2104.13,0.00,96.72,0.00,-2566.61,-276.65,87.70,0.29,35.63,0.00,5.83,0.00,51.11,8.88,5.83,-0.11
-2084.69,0.00,99.88,0.00,-2536.64,-271.81,91.00,0.25,36.06,0.00,5.83,0.00,54.40,8.47,5.83,-0.05
-2065.65,0.00,102.94,0.00,-2501.01,-266.39,94.70,0.22,36.45,0.00,5.83,0.00,57.64,8.63,5.83,-0.03
-2046.88,0.00,105.93,0.00,-2468.03,-260.30,98.03,0.23,36.81,0.00,5.83,0.00,57.67,12.79,5.83,0.07
-2029.52,0.00,108.67,0.00,-2434.92,-252.29,101.32,0.26,37.12,0.00,5.83,0.00,59.62,15.19,5.83,0.04
-2007.13,0.00,112.17,0.00,-2405.92,-244.61,104.12,0.28,37.49,0.00,5.83,0.00,61.16,16.66,5.83,0.03
-1989.96,0.00,114.83,0.00,-2368.19,-235.57,107.67,0.26,37.76,0.00,5.83,0.00,62.51,12.75,5.83,-0.08
-1951.67,0.00,120.70,0.00,-2368.19,-235.57,107.67,0.26,38.29,0.00,5.83,0.00,62.51,12.75,5.83,-0.08
-1936.92,0.00,122.94,0.00,-2333.16,-230.09,110.91,0.21,38.48,0.00,5.83,0.00,63.74,7.55,5.83,-0.10
-1921.48,0.00,125.27,0.00,-2294.84,-226.01,114.35,0.18,38.67,0.00,5.83,0.00,65.68,6.59,5.83,-0.04
-1900.83,0.00,128.38,0.00,-2263.85,-223.00,117.08,0.16,38.90,0.00,5.83,0.00,66.98,6.38,5.83,-0.03
-1880.80,0.00,131.37,0.00,-2232.06,-220.03,119.82,0.15,39.12,0.00,5.83,0.00,68.14,6.26,5.83,-0.02
-1858.97,0.00,134.62,0.00,-2199.35,-216.20,122.64,0.16,39.33,0.00,5.83,0.00,67.30,9.67,5.83,0.07
-1839.47,0.00,137.50,0.00,-2164.94,-210.71,125.60,0.18,39.51,0.00,5.83,0.00,68.15,11.60,5.83,0.04
-1819.95,0.00,140.37,0.00,-2124.64,-203.40,129.02,0.20,39.68,0.00,5.83,0.00,69.05,13.06,5.83,0.02
-1803.44,0.00,142.80,0.00,-2093.15,-198.09,131.68,0.19,39.82,0.00,5.83,0.00,69.00,10.10,5.83,-0.06
-1785.54,0.00,145.41,0.00,-2054.74,-194.14,134.93,0.15,39.96,0.00,5.83,0.00,69.03,4.60,5.83,-0.09
-1762.31,0.00,148.80,0.00,-2019.43,-192.21,137.89,0.12,40.12,0.00,5.83,0.00,69.94,3.35,5.83,-0.04
-1742.95,0.00,151.60,0.00,-1982.17,-190.61,140.98,0.10,40.25,0.00,5.83,0.00,70.74,2.82,5.83,-0.03
-1724.42,0.00,154.29,0.00,-1944.76,-189.23,144.04,0.09,40.37,0.00,5.83,0.00,71.42,2.49,5.83,-0.02
-1702.35,0.00,157.47,0.00,-1912.52,-188.16,146.67,0.08,40.50,0.00,5.83,0.00,71.95,2.28,5.83,-0.02
-1680.14,0.00,160.66,0.00,-1873.95,-185.84,149.83,0.09,40.62,0.00,5.83,0.00,70.54,6.43,5.83,0.07
-1657.98,0.00,163.84,0.00,-1832.94,-179.97,153.27,0.14,40.73,0.00,5.83,0.00,68.64,12.88,5.83,0.09
-1635.22,0.00,167.10,0.00,-1801.35,-174.31,155.97,0.16,40.84,0.00,5.83,0.00,68.09,11.20,5.83,-0.03
-1615.40,0.00,169.92,0.00,-1769.54,-170.19,158.70,0.13,40.93,0.00,5.83,0.00,67.92,6.58,5.83,-0.09
-1596.59,0.00,172.60,0.00,-1732.32,-168.51,161.90,0.08,41.01,0.00,5.83,0.00,67.46,0.21,5.83,-0.10
-1572.50,0.00,176.02,0.00,-1699.80,-169.80,164.73,0.03,41.10,0.00,5.83,0.00,66.66,-4.91,5.83,-0.10
-1552.72,0.00,178.83,0.00,-1667.43,-173.41,167.59,-0.02,41.17,0.00,5.83,0.00,65.66,-9.30,5.83,-0.10
-1531.74,0.00,181.80,0.00,-1632.03,-178.64,170.71,-0.05,41.24,0.00,5.83,0.00,66.41,-9.97,5.83,-0.04
-1510.27,0.00,184.83,0.00,-1599.17,-181.66,173.76,-0.03,41.31,0.00,5.83,0.00,60.11,-1.71,5.83,0.13
-1486.86,0.00,188.13,0.00,-1566.57,-178.33,177.19,0.06,41.38,0.00,5.83,0.00,51.51,11.42,5.83,0.17
-1467.09,0.00,190.92,0.00,-1540.41,-170.98,180.31,0.13,41.43,0.00,5.83,0.00,46.78,15.26,5.83,0.11
-1444.59,0.00,194.08,0.00,-1515.71,-161.59,183.57,0.19,41.49,0.00,5.83,0.00,42.13,17.94,5.83,0.11
-1424.02,0.00,196.97,0.00,-1494.20,-151.25,186.73,0.25,41.54,0.00,5.83,0.00,37.78,19.99,5.83,0.11
-1403.53,0.00,199.85,0.00,-1475.61,-143.53,189.74,0.24,41.58,0.00,5.83,0.00,34.75,10.44,5.83,-0.14
-1381.73,0.00,202.90,0.00,-1459.11,-141.07,192.63,0.16,41.63,0.00,5.83,0.00,31.96,0.48,5.83,-0.19
-1358.32,0.00,206.18,0.00,-1444.35,-143.09,195.50,0.07,41.67,0.00,5.83,0.00,28.17,-7.55,5.83,-0.19
-1334.87,0.00,209.46,0.00,-1431.77,-148.76,198.40,-0.03,41.72,0.00,5.83,0.00,22.87,-14.26,5.83,-0.21
-1313.18,0.00,212.49,0.00,-1421.27,-157.68,201.52,-0.14,41.75,0.00,5.83,0.00,16.91,-18.30,5.83,-0.21
-1294.74,0.00,215.07,0.00,-1414.60,-166.37,204.19,-0.23,41.78,0.00,5.83,0.00,12.63,-19.39,5.83,-0.19
-1272.10,0.00,218.23,0.00,-1408.21,-175.94,207.02,-0.32,41.81,0.00,5.83,0.00,13.66,-20.09,5.83,-0.16
-1252.29,0.00,220.99,0.00,-1401.22,-184.81,210.13,-0.35,41.84,0.00,5.83,0.00,12.84,-14.02,5.83,0.02
-1232.70,0.00,223.72,0.00,-1395.63,-189.82,212.70,-0.32,41.87,0.00,5.83,0.00,12.55,-9.21,5.83,0.12
-1210.95,0.00,226.75,0.00,-1389.49,-192.97,215.62,-0.25,41.89,0.00,5.83,0.00,11.93,-3.94,5.83,0.17
-1188.64,0.00,229.85,0.00,-1383.18,-193.46,218.91,-0.15,41.92,0.00,5.83,0.00,10.46,1.57,5.83,0.18
-1167.50,0.00,232.80,0.00,-1379.32,-192.09,221.24,-0.08,41.94,0.00,5.83,0.00,8.93,4.88,5.83,0.19
-1147.33,0.00,235.60,0.00,-1374.16,-188.71,224.19,0.02,41.96,0.00,5.83,0.00,11.16,8.18,5.83,0.18
-1132.34,0.00,237.68,0.00,-1367.72,-183.55,227.25,0.11,41.97,0.00,5.83,0.00,13.16,11.16,5.83,0.17
-1109.78,0.00,240.82,0.00,-1359.28,-177.38,230.44,0.17,41.99,0.00,5.83,0.00,17.35,11.44,5.83,0.09
-1087.87,0.00,243.86,0.00,-1350.12,-172.56,233.26,0.19,42.01,0.00,5.83,0.00,20.35,8.73,5.83,-0.03
-1062.70,0.00,247.35,0.00,-1340.08,-169.34,235.92,0.16,42.03,0.00,5.83,0.00,23.33,5.59,5.83,-0.11
-1044.61,0.00,249.86,0.00,-1326.37,-167.62,239.09,0.09,42.04,0.00,5.83,0.00,26.61,1.06,5.83,-0.13
-1023.08,0.00,252.85,0.00,-1313.13,-168.20,241.86,0.03,42.06,0.00,5.83,0.00,28.99,-3.12,5.83,-0.13
-1001.28,0.00,255.34,0.00,-1298.06,-170.92,244.77,-0.04,42.07,0.00,4.03,0.00,31.05,-7.29,5.83,-0.13
-981.04,0.00,256.92,0.00,-1283.63,-174.38,247.34,-0.08,42.08,0.00,2.73,0.00,34.13,-8.25,5.83,-0.07
-958.83,0.00,258.01,0.00,-1267.27,-177.64,250.05,-0.09,42.10,0.00,1.53,0.00,36.26,-5.84,5.83,0.03
-939.52,0.00,258.47,0.00,-1249.71,-179.45,252.78,-0.06,42.11,0.00,0.58,0.00,38.44,-2.10,5.83,0.10
-917.56,0.00,258.47,0.00,-1230.60,-179.25,255.60,-0.00,42.12,0.00,-0.47,0.00,40.35,2.53,5.83,0.11
-898.36,0.00,258.03,0.00,-1208.48,-177.39,258.65,0.04,42.12,0.00,-1.36,0.00,43.71,4.23,5.83,0.06
-877.04,0.00,257.08,0.00,-1185.76,-174.97,261.07,0.06,42.13,0.00,-2.27,0.00,46.72,5.30,4.09,0.04
-857.79,0.00,255.86,0.00,-1163.52,-173.09,262.65,0.06,42.14,0.00,-3.00,0.00,48.17,2.66,2.81,-0.06
-834.26,0.00,253.95,0.00,-1138.82,-172.98,263.73,0.02,42.15,0.00,-3.75,0.00,49.57,-1.96,1.65,-0.10
-811.77,0.00,251.77,0.00,-1116.17,-174.25,264.24,-0.01,42.16,0.00,-4.31,0.00,51.88,-3.45,0.71,-0.05
-787.69,0.00,249.16,0.00,-1090.18,-176.23,264.32,-0.04,42.17,0.00,-4.76,0.00,54.23,-4.49,-0.27,-0.04
-787.69,0.00,249.16,0.00,-1041.18,-177.50,263.27,0.00,42.17,0.00,-4.76,0.00,55.69,2.36,-1.97,0.09
-765.25,0.00,247.11,0.00,-1014.44,-175.90,262.13,0.03,42.17,0.00,-3.19,0.00,57.61,4.09,-2.76,0.05
-746.43,0.00,245.96,0.00,-981.77,-173.22,260.35,0.05,42.18,0.00,-2.10,0.00,59.67,5.32,-3.55,0.03
-722.56,0.00,245.15,0.00,-956.85,-171.51,258.76,0.05,42.18,0.00,-0.89,0.00,60.00,2.84,-4.04,-0.05
-700.75,0.00,244.99,0.00,-924.70,-171.49,256.45,0.01,42.19,0.00,0.15,0.00,60.32,-2.44,-4.53,-0.09
-679.62,0.00,245.34,0.00,-895.12,-173.19,254.16,-0.02,42.19,0.00,1.14,0.00,61.84,-4.20,-4.87,-0.05
-659.99,0.00,246.10,0.00,-860.68,-175.85,251.40,-0.04,42.20,0.00,2.01,0.00,63.40,-5.32,-5.16,-0.03
-633.13,0.00,247.75,0.00,-826.73,-177.77,248.57,-0.03,42.20,0.00,3.04,0.00,63.38,-1.67,-5.36,0.07
-612.54,0.00,249.41,0.00,-788.15,-176.63,245.98,0.02,42.21,0.00,3.70,0.00,63.12,4.87,-3.42,0.10
-590.79,0.00,251.48,0.00,-762.36,-174.27,244.83,0.05,42.21,0.00,4.25,0.00,64.06,6.45,-2.40,0.05
-574.19,0.00,252.91,0.00,-727.92,-171.57,243.89,0.05,42.21,0.00,3.14,0.00,63.93,3.34,-1.21,-0.06
-533.37,0.00,254.79,0.00,-727.92,-171.57,243.89,0.05,42.22,0.00,0.94,0.00,63.93,3.34,-1.21,-0.06
-508.97,0.00,254.96,0.00,-691.10,-171.50,243.57,0.00,42.22,0.00,-0.22,0.00,63.73,-2.70,-0.04,-0.09
-489.13,0.00,254.62,0.00,-661.59,-173.25,243.78,-0.03,42.22,0.00,-1.15,0.00,64.78,-4.52,0.87,-0.05
-464.51,0.00,253.60,0.00,-628.85,-175.84,244.48,-0.05,42.23,0.00,-2.22,0.00,65.83,-5.63,1.82,-0.03
-464.51,0.00,253.60,0.00,-563.82,-177.46,247.15,0.00,42.23,0.00,-2.22,0.00,64.92,3.33,3.40,0.10
-442.66,0.00,252.21,0.00,-533.47,-174.51,248.91,0.05,42.23,0.00,-3.05,0.00,64.04,8.62,3.97,0.10
-421.95,0.00,250.53,0.00,-497.60,-167.96,251.33,0.10,42.23,0.00,-3.70,0.00,62.85,13.85,4.51,0.10
-399.85,0.00,248.43,0.00,-472.85,-163.63,252.90,0.10,42.23,0.00,-4.26,0.00,57.94,7.18,3.30,-0.11
-382.89,0.00,246.97,0.00,-445.23,-163.28,254.22,0.03,42.24,0.00,-3.13,0.00,51.79,-4.60,2.06,-0.17
-340.78,0.00,245.08,0.00,-445.23,-163.28,254.22,0.03,42.24,0.00,-0.87,0.00,51.79,-4.60,2.06,-0.17
-317.29,0.00,244.94,0.00,-418.03,-168.41,255.00,-0.06,42.24,0.00,0.25,0.00,45.72,-12.37,0.86,-0.15
-317.29,0.00,244.94,0.00,-382.91,-182.86,254.95,-0.19,42.24,0.00,0.25,0.00,34.73,-18.37,-0.89,-0.12
-297.81,0.00,245.28,0.00,-367.85,-191.85,254.27,-0.24,42.24,0.00,1.16,0.00,28.55,-18.87,-1.80,-0.12
-276.77,0.00,246.12,0.00,-354.34,-198.78,253.14,-0.24,42.24,0.00,2.08,0.00,26.00,-9.64,-2.66,0.14
-256.37,0.00,247.34,0.00,-340.85,-201.06,251.43,-0.14,42.24,0.00,2.87,0.00,23.33,0.31,-3.45,0.20
-217.02,0.00,250.63,0.00,-340.85,-201.06,251.43,-0.14,42.25,0.00,4.07,0.00,23.33,0.31,-3.45,0.20
-195.86,0.00,252.28,0.00,-329.14,-198.80,249.37,-0.04,42.25,0.00,2.71,0.00,20.13,7.08,-4.09,0.18
-176.95,0.00,253.24,0.00,-319.53,-193.72,247.64,0.06,42.25,0.00,1.68,0.00,16.53,11.48,-2.66,0.18
-157.70,0.00,253.76,0.00,-311.85,-186.91,246.59,0.15,42.25,0.00,0.73,0.00,12.99,13.99,-1.47,0.17
-135.36,0.00,253.84,0.00,-305.14,-179.52,246.15,0.23,42.25,0.00,-0.33,0.00,14.28,15.97,-0.46,0.16
-114.10,0.00,253.40,0.00,-297.24,-172.47,246.19,0.27,42.25,0.00,-1.32,0.00,17.30,12.77,0.54,0.01
-90.62,0.00,252.35,0.00,-289.36,-167.78,246.61,0.25,42.25,0.00,-2.32,0.00,20.19,9.92,1.35,-0.08
-71.59,0.00,251.12,0.00,-276.71,-163.55,247.70,0.19,42.25,0.00,-3.04,0.00,24.01,5.34,2.37,-0.14
-52.82,0.00,249.62,0.00,-265.14,-162.14,248.96,0.12,42.25,0.00,-3.64,0.00,26.64,1.24,3.08,-0.14
-33.87,0.00,248.28,0.00,-252.56,-162.60,250.50,0.06,42.25,0.00,-2.48,0.00,28.79,-2.87,3.69,-0.14
-15.71,0.00,247.45,0.00,-236.12,-165.58,252.09,-0.01,42.25,0.00,-1.52,0.00,30.87,-7.47,2.29,-0.13
6.76,0.00,246.97,0.00,-220.99,-170.06,252.90,-0.08,42.25,0.00,-0.42,0.00,32.33,-10.91,1.24,-0.13
27.55,0.00,247.03,0.00,-205.21,-174.64,253.23,-0.10,42.25,0.00,0.57,0.00,34.36,-8.55,0.27,0.00
48.81,0.00,247.58,0.00,-187.93,-177.87,253.11,-0.08,42.26,0.00,1.54,0.00,36.66,-4.94,-0.69,0.09
70.87,0.00,248.66,0.00,-170.61,-179.08,252.56,-0.03,42.26,0.00,2.46,0.00,38.64,-0.65,-1.58,0.11
70.87,0.00,248.66,0.00,-135.06,-176.53,250.49,0.05,42.26,0.00,2.46,0.00,43.02,4.76,-3.04,0.06
109.37,0.00,251.15,0.00,-135.06,-176.53,250.49,0.05,42.26,0.00,2.13,0.00,43.02,4.76,-3.04,0.06
129.40,0.00,251.89,0.00,-111.36,-173.64,249.25,0.08,42.26,0.00,1.10,0.00,46.10,5.95,-1.79,0.04
150.24,0.00,252.16,0.00,-90.16,-171.51,248.68,0.07,42.26,0.00,0.10,0.00,47.46,3.40,-0.83,-0.05
174.05,0.00,251.87,0.00,-64.29,-171.09,248.55,0.03,42.26,0.00,-1.02,0.00,48.91,-1.53,0.24,-0.10
198.05,0.00,250.95,0.00,-39.98,-173.13,248.93,-0.02,42.26,0.00,-2.08,0.00,49.83,-6.28,1.21,-0.11
222.48,0.00,249.45,0.00,-12.26,-177.03,249.89,-0.06,42.26,0.00,-3.01,0.00,52.32,-7.75,2.20,-0.05
222.48,0.00,249.45,0.00,49.15,-180.97,250.94,-0.01,42.26,0.00,-3.01,0.00,54.32,1.89,-0.20,0.10
248.05,0.00,248.11,0.00,77.54,-178.40,250.54,0.05,42.26,0.00,-1.60,0.00,54.65,7.39,-1.22,0.10
288.54,0.00,247.57,0.00,77.54,-178.40,250.54,0.05,42.26,0.00,0.36,0.00,54.65,7.39,-1.22,0.10
308.77,0.00,247.99,0.00,104.17,-174.39,249.72,0.08,42.26,0.00,1.30,0.00,56.40,8.97,-2.11,0.05
328.13,0.00,248.80,0.00,136.48,-170.23,248.22,0.08,42.26,0.00,2.13,0.00,57.15,5.47,-3.03,-0.06
349.07,0.00,250.08,0.00,163.67,-168.89,247.09,0.04,42.26,0.00,2.94,0.00,57.71,0.55,-1.90,-0.10
372.90,0.00,251.32,0.00,189.50,-169.84,246.48,-0.00,42.26,0.00,1.63,0.00,57.92,-4.29,-0.95,-0.10
392.26,0.00,251.82,0.00,217.96,-173.27,246.28,-0.05,42.26,0.00,0.67,0.00,57.84,-9.11,0.04,-0.10
413.43,0.00,251.88,0.00,245.62,-177.17,246.55,-0.07,42.26,0.00,-0.33,0.00,58.15,-7.01,0.99,0.02
413.43,0.00,251.88,0.00,295.58,-179.49,248.10,-0.01,42.26,0.00,-0.33,0.00,58.69,1.77,2.53,0.10
433.46,0.00,251.48,0.00,319.74,-177.69,249.29,0.04,42.26,0.00,-1.26,0.00,58.53,6.44,3.16,0.10
452.38,0.00,250.71,0.00,353.51,-172.08,251.37,0.10,42.26,0.00,-2.09,0.00,57.97,12.19,3.90,0.10
475.27,0.00,249.31,0.00,384.19,-166.32,253.01,0.11,42.26,0.00,-2.97,0.00,58.23,9.36,2.51,-0.04
497.15,0.00,248.13,0.00,413.87,-163.30,253.99,0.07,42.26,0.00,-1.75,0.00,53.89,2.42,1.32,-0.11
517.00,0.00,247.56,0.00,438.65,-164.32,254.37,0.00,42.26,0.00,-0.77,0.00,49.05,-5.71,0.33,-0.15
552.84,0.00,247.67,0.00,438.65,-164.32,254.37,0.00,42.26,0.00,0.93,0.00,49.05,-5.71,0.33,-0.15
569.98,0.00,248.22,0.00,463.21,-169.09,254.24,-0.07,42.26,0.00,1.70,0.00,44.27,-11.44,-0.72,-0.13
588.83,0.00,249.17,0.00,480.21,-174.41,253.77,-0.12,42.26,0.00,2.48,0.00,40.65,-14.62,-1.50,-0.13
608.74,0.00,250.53,0.00,500.96,-180.91,252.77,-0.14,42.26,0.00,3.20,0.00,42.11,-11.35,-2.39,0.02
632.34,0.00,251.90,0.00,522.95,-184.94,251.21,-0.10,42.26,0.00,1.86,0.00,38.89,-3.95,-3.23,0.13
655.19,0.00,252.56,0.00,542.82,-184.72,249.86,-0.02,42.26,0.00,0.72,0.00,35.19,3.88,-1.93,0.15
676.49,0.00,252.64,0.00,559.92,-180.97,249.18,0.06,42.26,0.00,-0.29,0.00,31.24,9.79,-0.83,0.15
698.66,0.00,252.19,0.00,574.44,-175.07,249.04,0.13,42.26,0.00,-1.32,0.00,27.61,13.42,0.17,0.14
717.14,0.00,251.41,0.00,587.24,-169.63,249.33,0.16,42.26,0.00,-2.12,0.00,29.64,11.12,1.05,0.01
736.48,0.00,250.25,0.00,601.91,-165.26,250.06,0.15,42.26,0.00,-2.87,0.00,32.03,7.49,1.94,-0.09
756.38,0.00,248.72,0.00,616.69,-163.03,251.20,0.09,42.26,0.00,-3.53,0.00,30.13,2.35,2.74,-0.13
776.46,0.00,247.37,0.00,631.06,-163.14,252.19,0.03,42.26,0.00,-2.33,0.00,31.96,-2.40,1.68,-0.14
797.48,0.00,246.51,0.00,646.89,-165.55,252.73,-0.03,42.26,0.00,-1.24,0.00,33.41,-7.06,0.67,-0.13
822.75,0.00,246.17,0.00,665.05,-170.61,252.77,-0.10,42.26,0.00,-0.02,0.00,34.65,-11.44,-0.40,-0.13
840.49,0.00,246.36,0.00,682.21,-175.58,252.33,-0.13,42.26,0.00,0.81,0.00,36.55,-9.20,-1.34,0.01
867.40,0.00,247.30,0.00,701.03,-179.16,251.40,-0.10,42.26,0.00,2.01,0.00,38.72,-5.32,-2.25,0.09
885.26,0.00,248.32,0.00,723.37,-180.45,249.87,-0.04,42.26,0.00,2.72,0.00,40.82,0.27,-3.13,0.12
904.20,0.00,249.71,0.00,745.09,-178.77,248.03,0.02,42.26,0.00,3.38,0.00,42.20,5.57,-3.81,0.12
925.98,0.00,251.63,0.00,769.04,-174.08,246.36,0.08,42.26,0.00,4.00,0.00,43.18,10.59,-2.36,0.11
949.14,0.00,253.37,0.00,788.23,-169.85,245.57,0.11,42.26,0.00,2.54,0.00,44.42,8.67,-1.39,-0.01
970.13,0.00,254.32,0.00,809.89,-166.65,245.16,0.08,42.26,0.00,1.43,0.00,45.96,4.81,-0.40,-0.09
991.70,0.00,254.75,0.00,835.53,-165.73,245.27,0.03,42.26,0.00,0.38,0.00,47.38,-0.98,0.69,-0.11
1015.57,0.00,254.61,0.00,862.40,-168.12,245.99,-0.04,42.26,0.00,-0.75,0.00,48.23,-6.87,1.76,-0.11
1038.80,0.00,253.88,0.00,885.79,-172.62,247.07,-0.09,42.26,0.00,-1.80,0.00,48.62,-11.24,2.60,-0.11
1061.62,0.00,252.63,0.00,909.28,-177.49,248.50,-0.11,42.26,0.00,-2.72,0.00,49.62,-9.01,3.31,0.02
1082.25,0.00,251.10,0.00,933.40,-180.74,250.25,-0.08,42.26,0.00,-3.43,0.00,50.81,-4.71,3.91,0.09
1103.12,0.00,249.25,0.00,963.19,-181.40,252.70,-0.02,42.26,0.00,-4.02,0.00,51.82,1.83,4.47,0.11
1123.25,0.00,247.68,0.00,983.79,-179.72,254.22,0.02,42.26,0.00,-2.73,0.00,52.11,6.20,3.32,0.11
1146.08,0.00,246.58,0.00,1011.26,-174.95,255.58,0.08,42.26,0.00,-1.50,0.00,52.17,11.27,2.03,0.11
1169.49,0.00,246.10,0.00,1035.85,-169.43,256.26,0.12,42.26,0.00,-0.36,0.00,53.85,12.32,1.03,0.05
1169.49,0.00,246.10,0.00,1085.94,-161.93,256.30,0.07,42.26,0.00,-0.36,0.00,50.75,2.03,-0.85,-0.13
1189.03,0.00,246.17,0.00,1113.33,-163.84,255.46,-0.01,42.26,0.00,0.57,0.00,45.12,-7.51,-1.94,-0.15
1212.94,0.00,246.83,0.00,1137.73,-170.97,254.00,-0.10,42.26,0.00,1.66,0.00,38.25,-15.43,-2.91,-0.17
1239.42,0.00,248.25,0.00,1157.38,-180.76,252.13,-0.19,42.26,0.00,2.74,0.00,32.71,-19.00,-3.68,-0.15
1265.57,0.00,250.25,0.00,1171.24,-187.85,250.38,-0.21,42.26,0.00,3.61,0.00,30.47,-13.55,-4.16,0.03
1290.06,0.00,251.86,0.00,1184.77,-192.54,248.80,-0.17,42.26,0.00,2.15,0.00,28.82,-7.50,-2.90,0.13
1305.31,0.00,252.48,0.00,1196.70,-194.37,247.80,-0.11,42.26,0.00,1.36,0.00,26.96,-1.60,-1.89,0.16
1326.40,0.00,252.88,0.00,1208.33,-193.69,247.19,-0.04,42.26,0.00,0.34,0.00,24.57,3.91,-0.93,0.16
1345.60,0.00,252.80,0.00,1220.48,-190.08,247.01,0.05,42.26,0.00,-0.57,0.00,21.32,8.96,0.14,0.16
1367.32,0.00,252.23,0.00,1232.05,-184.24,247.38,0.13,42.26,0.00,-1.56,0.00,22.61,12.81,1.18,0.15
1389.58,0.00,251.13,0.00,1243.29,-177.33,248.19,0.20,42.26,0.00,-2.49,0.00,23.81,15.55,2.07,0.14
1411.63,0.00,249.60,0.00,1256.08,-170.25,249.48,0.23,42.26,0.00,-3.28,0.00,26.51,12.60,2.90,-0.01
1434.04,0.00,248.24,0.00,1270.89,-164.76,250.64,0.20,42.26,0.00,-1.99,0.00,29.68,8.59,1.68,-0.10
1455.90,0.00,247.53,0.00,1286.81,-161.71,251.20,0.14,42.26,0.00,-0.89,0.00,32.49,3.79,0.62,-0.13
1478.98,0.00,247.38,0.00,1306.79,-161.38,251.18,0.06,42.26,0.00,0.21,0.00,35.04,-2.08,-0.56,-0.13
1502.02,0.00,247.82,0.00,1322.41,-163.26,250.73,0.01,42.26,0.00,1.28,0.00,36.46,-6.09,-1.41,-0.13
1519.70,0.00,248.53,0.00,1338.82,-166.83,249.91,-0.05,42.26,0.00,2.05,0.00,37.60,-9.67,-2.21,-0.12
1539.64,0.00,249.71,0.00,1356.14,-171.31,248.75,-0.09,42.26,0.00,2.83,0.00,40.20,-10.35,-2.93,-0.07
1560.18,0.00,251.27,0.00,1372.93,-175.06,247.77,-0.10,42.26,0.00,3.52,0.00,41.69,-8.03,-1.96,0.03
1582.37,0.00,252.73,0.00,1397.77,-178.20,247.04,-0.06,42.26,0.00,2.21,0.00,43.87,-3.03,-0.73,0.10
1601.36,0.00,253.48,0.00,1420.32,-178.30,246.95,-0.00,42.26,0.00,1.22,0.00,45.35,2.15,0.28,0.11
1621.97,0.00,253.80,0.00,1442.95,-175.89,247.36,0.05,42.26,0.00,0.23,0.00,46.35,7.06,1.25,0.11
1643.76,0.00,253.63,0.00,1468.73,-171.54,248.33,0.09,42.26,0.00,-0.80,0.00,48.99,8.72,2.24,0.05
1666.19,0.00,252.91,0.00,1495.01,-167.73,249.76,0.09,42.26,0.00,-1.81,0.00,50.28,5.58,3.08,-0.06
1689.93,0.00,251.59,0.00,1519.90,-166.26,251.44,0.05,42.26,0.00,-2.76,0.00,51.41,0.73,3.73,-0.10
1708.45,0.00,250.22,0.00,1545.30,-167.31,252.92,-0.00,42.26,0.00,-3.40,0.00,52.12,-4.47,2.46,-0.11
1727.08,0.00,248.59,0.00,1573.48,-171.26,253.88,-0.06,42.26,0.00,-3.93,0.00,52.47,-9.59,1.26,-0.11
1745.41,0.00,247.17,0.00,1600.09,-176.40,254.23,-0.10,42.26,0.00,-2.77,0.00,54.35,-10.77,0.25,-0.05
1768.10,0.00,246.05,0.00,1630.82,-181.38,254.02,-0.09,42.26,0.00,-1.54,0.00,55.21,-6.91,-0.87,0.07
1787.38,0.00,245.59,0.00,1657.54,-183.34,253.36,-0.05,42.26,0.00,-0.59,0.00,55.87,-1.61,-1.78,0.10
1811.00,0.00,245.61,0.00,1683.02,-182.73,252.35,-0.00,42.26,0.00,0.53,0.00,56.12,3.72,-2.57,0.11
1833.31,0.00,246.18,0.00,1708.80,-179.75,250.99,0.05,42.26,0.00,1.55,0.00,56.03,8.64,-3.26,0.11
1852.00,0.00,247.06,0.00,1740.05,-173.33,248.94,0.11,42.26,0.00,2.34,0.00,55.61,13.67,-3.96,0.10
1872.12,0.00,248.38,0.00,1768.34,-167.07,246.80,0.13,42.26,0.00,3.09,0.00,56.13,10.91,-4.45,-0.03
1894.54,0.00,250.23,0.00,1795.59,-163.13,244.97,0.09,42.26,0.00,3.78,0.00,52.50,5.07,-3.01,-0.10
1914.20,0.00,251.67,0.00,1819.73,-162.43,243.83,0.04,42.26,0.00,2.57,0.00,48.83,-1.46,-1.88,-0.12
1931.88,0.00,252.52,0.00,1842.65,-164.93,243.19,-0.03,42.26,0.00,1.62,0.00,44.53,-7.87,-0.83,-0.13
1953.42,0.00,253.04,0.00,1861.42,-169.55,243.04,-0.09,42.26,0.00,0.56,0.00,40.56,-12.34,0.06,-0.13
1977.85,0.00,252.99,0.00,1881.23,-176.50,243.33,-0.15,42.26,0.00,-0.60,0.00,40.94,-15.82,1.02,-0.12
2000.47,0.00,252.37,0.00,1901.76,-183.43,244.09,-0.17,42.26,0.00,-1.63,0.00,42.42,-12.43,1.94,0.03
2016.44,0.00,251.61,0.00,1922.84,-187.97,245.34,-0.13,42.26,0.00,-2.30,0.00,39.64,-5.65,2.81,0.13
2038.03,0.00,250.20,0.00,1941.16,-188.83,246.88,-0.06,42.26,0.00,-3.11,0.00,36.66,1.30,3.49,0.15
2056.67,0.00,248.68,0.00,1957.89,-186.55,248.71,0.01,42.26,0.00,-3.69,0.00,33.16,7.40,4.05,0.15
2078.77,0.00,247.15,0.00,1973.32,-181.62,250.34,0.09,42.26,0.00,-2.35,0.00,29.45,11.85,2.72,0.15
2099.40,0.00,246.29,0.00,1987.62,-175.09,251.35,0.15,42.26,0.00,-1.28,0.00,30.26,15.09,1.62,0.14
2116.81,0.00,245.96,0.00,2003.70,-168.18,251.87,0.18,42.26,0.00,-0.43,0.00,32.56,12.13,0.56,-0.01
2137.54,0.00,246.01,0.00,2019.98,-163.39,251.89,0.16,42.26,0.00,0.55,0.00,34.95,8.01,-0.41,-0.10
2157.98,0.00,246.53,0.00,2038.74,-160.89,251.33,0.09,42.26,0.00,1.49,0.00,32.55,1.58,-1.49,-0.13
2200.06,0.00,248.92,0.00,2038.74,-160.89,251.33,0.09,42.26,0.00,3.15,0.00,32.55,1.58,-1.49,-0.13
2223.63,0.00,250.90,0.00,2056.19,-161.59,250.28,0.02,42.26,0.00,3.87,0.00,34.47,-3.71,-2.41,-0.13
2244.68,0.00,252.46,0.00,2075.30,-165.10,249.34,-0.05,42.26,0.00,2.56,0.00,35.92,-8.68,-1.22,-0.13
2244.68,0.00,252.46,0.00,2110.90,-175.52,249.15,-0.13,42.26,0.00,2.56,0.00,38.73,-9.88,0.71,0.01
2265.53,0.00,253.41,0.00,2130.86,-179.40,249.78,-0.11,42.26,0.00,1.45,0.00,40.81,-5.81,1.67,0.09
2291.63,0.00,253.87,0.00,2149.25,-180.89,250.70,-0.06,42.26,0.00,0.18,0.00,42.42,-1.31,2.45,0.12
2309.44,0.00,253.75,0.00,2172.21,-179.95,252.25,0.00,42.26,0.00,-0.66,0.00,43.81,4.28,3.26,0.12
2330.06,0.00,253.17,0.00,2197.83,-175.71,254.36,0.07,42.26,0.00,-1.60,0.00,44.76,9.74,3.97,0.11
2352.11,0.00,252.07,0.00,2223.75,-169.81,256.12,0.11,42.26,0.00,-2.52,0.00,47.47,11.01,2.49,0.05
2390.94,0.00,249.10,0.00,2223.75,-169.81,256.12,0.11,42.26,0.00,-3.81,0.00,47.47,11.01,2.49,0.05
2415.28,0.00,247.40,0.00,2247.13,-165.21,257.03,0.11,42.26,0.00,-2.32,0.00,48.73,7.89,1.40,-0.06
2438.17,0.00,246.50,0.00,2269.96,-162.71,257.44,0.08,42.26,0.00,-1.13,0.00,49.94,3.23,0.45,-0.10
2463.25,0.00,246.22,0.00,2297.39,-162.78,257.36,0.02,42.26,0.00,0.07,0.00,50.88,-2.89,-0.63,-0.11
2463.25,0.00,246.22,0.00,2351.54,-171.73,255.58,-0.10,42.26,0.00,0.07,0.00,51.24,-13.03,-2.57,-0.11
2486.07,0.00,246.58,0.00,2372.29,-176.60,254.41,-0.12,42.26,0.00,1.14,0.00,51.89,-11.12,-3.18,0.00
2506.67,0.00,247.38,0.00,2399.74,-181.14,252.54,-0.10,42.26,0.00,2.04,0.00,53.00,-6.39,-3.85,0.09
2530.04,0.00,248.79,0.00,2426.87,-182.61,250.33,-0.04,42.26,0.00,2.95,0.00,49.19,0.23,-4.39,0.11
2550.57,0.00,250.40,0.00,2448.93,-181.05,248.63,0.02,42.26,0.00,3.61,0.00,45.57,5.77,-3.06,0.12
2573.35,0.00,251.94,0.00,2470.23,-177.14,247.49,0.07,42.26,0.00,2.25,0.00,45.90,10.48,-1.95,0.12
2593.49,0.00,252.73,0.00,2496.26,-169.78,246.77,0.14,42.26,0.00,1.21,0.00,46.16,14.98,-0.75,0.11
2612.03,0.00,253.04,0.00,2512.76,-164.79,246.64,0.16,42.26,0.00,0.31,0.00,43.76,12.18,-0.01,-0.00
2632.71,0.00,252.93,0.00,2533.83,-160.22,246.91,0.13,42.26,0.00,-0.67,0.00,41.04,6.49,0.98,-0.11
2653.82,0.00,252.33,0.00,2556.77,-158.95,247.84,0.05,42.26,0.00,-1.63,0.00,37.54,-1.36,2.07,-0.14
2677.96,0.00,251.08,0.00,2575.86,-161.59,249.22,-0.02,42.26,0.00,-2.62,0.00,33.78,-7.65,2.95,-0.14
2699.01,0.00,249.57,0.00,2592.23,-166.83,250.95,-0.10,42.26,0.00,-3.36,0.00,30.02,-12.01,3.66,-0.14
2716.17,0.00,248.44,0.00,2609.62,-174.86,252.57,-0.17,42.26,0.00,-2.34,0.00,30.97,-15.78,2.21,-0.13
2756.18,0.00,247.25,0.00,2609.62,-174.86,252.57,-0.17,42.26,0.00,-0.33,0.00,30.97,-15.78,2.21,-0.13
2776.69,0.00,247.35,0.00,2627.16,-182.46,253.41,-0.20,42.26,0.00,0.64,0.00,33.42,-12.34,1.03,0.03
2795.42,0.00,247.84,0.00,2644.57,-187.45,253.65,-0.16,42.26,0.00,1.50,0.00,31.51,-6.63,-0.05,0.12
2813.89,0.00,248.69,0.00,2658.90,-189.17,253.38,-0.10,42.26,0.00,2.28,0.00,29.62,-1.24,-0.99,0.14
2834.55,0.00,250.01,0.00,2671.74,-188.52,252.72,-0.04,42.26,0.00,3.06,0.00,27.43,3.55,-1.84,0.14
2855.47,0.00,251.20,0.00,2685.47,-185.63,251.61,0.03,42.26,0.00,1.88,0.00,29.05,7.90,-2.66,0.14
2878.80,0.00,251.88,0.00,2700.74,-180.47,250.03,0.10,42.26,0.00,0.71,0.00,30.42,11.80,-3.41,0.13
2902.51,0.00,251.93,0.00,2716.55,-174.48,248.69,0.15,42.26,0.00,-0.41,0.00,33.57,12.45,-2.19,0.07
2924.88,0.00,251.41,0.00,2735.34,-168.69,247.86,0.15,42.26,0.00,-1.44,0.00,36.06,9.16,-1.02,-0.05
2944.88,0.00,250.50,0.00,2750.47,-165.73,247.63,0.12,42.26,0.00,-2.30,0.00,38.00,5.60,-0.20,-0.11
2966.36,0.00,249.11,0.00,2771.76,-164.30,247.84,0.06,42.26,0.00,-3.10,0.00,40.18,0.12,0.88,-0.12
2986.88,0.00,247.92,0.00,2793.26,-165.76,248.59,-0.00,42.26,0.00,-1.94,0.00,41.71,-5.12,1.87,-0.12
3000.00,0.00,247.32,0.00,2816.68,-170.10,249.27,-0.07,42.26,0.00,-1.04,0.00,42.82,-9.99,0.70,-0.11
3000.00,0.00,247.09,0.00,2841.19,-175.99,249.32,-0.11,42.26,0.00,0.14,0.00,45.67,-11.09,-0.40,-0.05
3000.00,0.00,247.49,0.00,2866.77,-181.09,248.77,-0.11,42.26,0.00,1.21,0.00,47.25,-7.42,-1.48,0.07
3000.00,0.00,248.21,0.00,2891.77,-183.37,247.73,-0.06,42.26,0.00,2.02,0.00,48.55,-1.74,-2.40,0.11
3000.00,0.00,249.36,0.00,2917.62,-181.80,246.77,0.01,42.26,0.00,2.79,0.00,43.71,6.37,-1.16,0.14
3000.00,0.00,250.82,0.00,2939.04,-175.33,246.47,0.11,42.26,0.00,3.46,0.00,36.01,16.12,-0.06,0.20
3000.00,0.00,252.31,0.00,2952.67,-168.58,246.62,0.17,42.26,0.00,2.08,0.00,33.01,17.57,0.73,0.13
3000.00,0.00,253.06,0.00,2969.76,-158.44,247.34,0.24,42.26,0.00,0.97,0.00,29.18,18.90,1.78,0.12
3000.00,0.00,253.27,0.00,2983.79,-148.42,248.52,0.30,42.26,0.00,-0.04,0.00,25.71,19.92,2.67,0.12
3000.00,0.00,252.98,0.00,2994.69,-139.20,249.90,0.36,42.26,0.00,-1.03,0.00,22.69,20.65,3.34,0.13
3000.00,0.00,252.28,0.00,2997.31,-127.01,251.99,0.43,42.26,0.00,-1.89,0.00,18.99,21.32,4.02,0.13
3000.00,0.00,250.83,0.00,2997.76,-115.87,254.14,0.49,42.26,0.00,-2.88,0.00,15.74,21.66,4.49,0.13
3000.00,0.00,249.11,0.00,2998.16,-105.18,255.92,0.56,42.26,0.00,-3.61,0.00,12.68,21.75,3.10,0.13
3000.00,0.00,247.47,0.00,2998.49,-95.06,257.07,0.62,42.26,0.00,-2.11,0.00,9.83,21.61,2.00,0.14
3000.00,0.00,246.72,0.00,2998.85,-82.97,257.83,0.68,42.26,0.00,-1.04,0.00,9.83,19.45,0.75,0.06
3000.00,0.00,246.48,0.00,2999.09,-74.08,257.94,0.70,42.26,0.00,0.03,0.00,10.01,18.07,-0.19,0.03
3000.00,0.00,246.70,0.00,2999.28,-65.67,257.60,0.71,42.26,0.00,0.89,0.00,10.22,16.85,-1.14,0.01
3000.00,0.00,247.24,0.00,2999.43,-58.25,256.88,0.71,42.26,0.00,1.67,0.00,10.45,15.79,-1.97,-0.01
3000.00,0.00,248.32,0.00,2999.56,-51.26,255.78,0.70,42.26,0.00,2.54,0.00,10.72,14.75,-2.74,-0.03
3000.00,0.00,249.86,0.00,2999.70,-42.69,253.83,0.68,42.26,0.00,3.32,0.00,11.10,13.39,-3.60,-0.04
3000.00,0.00,251.98,0.00,2999.79,-35.79,251.72,0.65,42.26,0.00,4.01,0.00,11.44,12.18,-4.19,-0.05
3000.00,0.00,253.57,0.00,2999.86,-29.17,249.83,0.62,42.26,0.00,2.70,0.00,11.76,10.90,-2.64,-0.06
3000.00,0.00,254.62,0.00,2999.90,-24.54,248.91,0.59,42.26,0.00,1.54,0.00,11.97,9.92,-1.63,-0.06
3000.00,0.00,255.11,0.00,2999.94,-19.68,248.38,0.56,42.26,0.00,0.40,0.00,12.17,8.78,-0.55,-0.06
3000.00,0.00,255.07,0.00,2999.96,-14.92,248.43,0.52,42.26,0.00,-0.51,0.00,12.33,7.49,0.62,-0.07
3000.00,0.00,254.53,0.00,2999.98,-11.39,249.03,0.49,42.26,0.00,-1.50,0.00,12.41,6.38,1.60,-0.07
3000.00,0.00,253.71,0.00,2999.99,-8.44,250.09,0.46,42.26,0.00,-2.26,0.00,12.44,5.29,2.50,-0.07
3000.00,0.00,252.00,0.00,2999.99,-5.78,251.81,0.42,42.26,0.00,-3.22,0.00,12.42,4.06,3.36,-0.07
3000.00,0.00,250.18,0.00,3000.00,-3.88,253.86,0.38,42.26,0.00,-3.86,0.00,12.32,2.92,4.02,-0.07
3000.00,0.00,247.87,0.00,3000.00,-2.75,255.41,0.35,42.26,0.00,-4.41,0.00,12.18,1.98,2.76,-0.07
3000.00,0.00,246.47,0.00,3000.00,-1.98,256.54,0.31,42.26,0.00,-3.35,0.00,11.96,0.93,1.51,-0.07
3000.00,0.00,245.19,0.00,3000.00,-1.77,257.01,0.27,42.26,0.00,-2.17,0.00,11.69,-0.03,0.41,-0.07
3000.00,0.00,244.38,0.00,3000.00,-2.01,256.95,0.24,42.26,0.00,-1.02,0.00,11.38,-0.88,-0.57,-0.07
3000.00,0.00,244.15,0.00,3000.00,-2.74,256.33,0.20,42.26,0.00,-0.17,0.00,11.00,-1.74,-1.61,-0.07
3000.00,0.00,244.32,0.00,3000.00,-3.63,255.46,0.17,42.26,0.00,0.78,0.00,10.66,-2.38,-2.37,-0.07
3000.00,0.00,244.98,0.00,3000.00,-5.28,253.77,0.12,42.26,0.00,1.74,0.00,10.14,-3.19,-3.27,-0.07
3000.00,0.00,245.96,0.00,2999.99,-7.20,251.79,0.08,42.26,0.00,2.52,0.00,9.63,-3.87,-3.95,-0.07
3000.00,0.00,247.56,0.00,2999.99,-9.25,249.70,0.05,42.26,0.00,3.33,0.00,9.13,-4.43,-4.43,-0.07
3000.00,0.00,249.34,0.00,2999.98,-11.78,247.20,0.01,42.26,0.00,3.93,0.00,8.56,-4.99,-4.83,-0.07
3000.00,0.00,251.79,0.00,2999.97,-14.35,245.23,-0.03,42.26,0.00,4.49,0.00,8.02,-5.44,-3.34,-0.07
