-2500.00,0.00,0.00,0.00,-2677.34,-797.85,6.46,2.46,0.00,0.00,0.00,0.00,0.00,0.00,0.00,0.00
-2499.59,0.00,0.29,0.00,-2676.25,-797.45,6.22,2.43,1.45,0.00,1.03,0.00,4.29,1.48,-0.93,-0.14
-2498.60,0.00,0.99,0.00,-2672.78,-796.49,5.48,2.34,2.73,0.00,1.89,0.00,8.86,2.01,-1.89,-0.21
-2496.99,0.00,2.08,0.00,-2666.60,-795.65,4.16,2.22,4.03,0.00,2.68,0.00,13.06,0.89,-2.81,-0.22
-2494.73,0.00,3.53,0.00,-2659.74,-795.74,2.65,2.12,5.35,0.00,3.38,0.00,15.62,-1.16,-3.48,-0.21
-2492.35,0.00,5.00,0.00,-2650.76,-797.25,1.18,2.02,6.44,0.00,3.87,0.00,17.31,-4.21,-2.14,-0.19
-2488.26,0.00,7.35,0.00,-2642.74,-799.85,0.46,1.93,7.97,0.00,4.43,0.00,17.81,-6.99,-1.15,-0.18
-2483.65,0.00,9.80,0.00,-2635.72,-801.06,0.17,1.85,9.39,0.00,4.82,0.00,14.87,0.77,-0.26,-0.19
-2478.43,0.00,12.37,0.00,-2630.10,-799.12,0.24,1.77,10.74,0.00,5.11,0.00,13.49,8.15,0.54,-0.20
-2472.73,0.00,14.97,0.00,-2623.70,-792.63,0.77,1.68,12.04,0.00,5.31,0.00,12.80,17.36,1.49,-0.18
-2467.25,0.00,17.31,0.00,-2616.83,-780.40,1.85,1.59,13.15,0.00,5.44,0.00,13.11,27.44,2.44,-0.14
-2460.73,0.00,19.90,0.00,-2611.23,-763.10,3.37,1.56,14.33,0.00,5.55,0.00,8.73,37.54,3.25,0.00
-2452.28,0.00,23.04,0.00,-2608.03,-740.60,5.27,1.58,15.70,0.00,5.64,0.00,3.78,47.37,3.90,0.09
-2444.97,0.00,25.59,0.00,-2607.74,-713.55,7.44,1.63,16.77,0.00,5.69,0.00,-2.20,56.03,4.42,0.10
-2436.36,0.00,28.41,0.00,-2609.10,-690.57,9.20,1.66,17.93,0.00,5.73,0.00,-4.52,62.90,4.72,0.06
-2428.25,0.00,30.94,0.00,-2610.97,-658.39,11.56,1.67,18.92,0.00,5.76,0.00,-2.89,69.58,5.01,-0.05
-2418.79,0.00,33.73,0.00,-2611.19,-616.86,14.48,1.62,19.99,0.00,5.78,0.00,1.90,76.27,5.27,-0.09
-2409.09,0.00,36.46,0.00,-2609.24,-580.69,16.94,1.58,21.01,0.00,5.79,0.00,6.13,80.59,5.42,-0.09
-2397.64,0.00,39.54,0.00,-2605.75,-537.88,19.75,1.55,22.11,0.00,5.81,0.00,7.21,86.02,5.54,-0.04
-2386.23,0.00,42.46,0.00,-2602.16,-495.58,22.42,1.54,23.11,0.00,5.81,0.00,7.70,90.26,5.62,-0.02
-2375.48,0.00,45.11,0.00,-2597.49,-441.38,25.73,1.52,23.99,0.00,5.82,0.00,8.19,94.44,5.69,-0.02
-2364.43,0.00,47.74,0.00,-2593.40,-394.62,28.52,1.52,24.84,0.00,5.82,0.00,8.56,97.10,5.73,-0.01
-2350.81,0.00,50.87,0.00,-2589.18,-354.74,30.88,1.50,25.80,0.00,5.83,0.00,12.00,97.36,5.76,-0.07
-2338.22,0.00,53.66,0.00,-2580.64,-300.08,34.12,1.46,26.63,0.00,5.83,0.00,17.76,96.94,5.78,-0.08
-2321.59,0.00,57.23,0.00,-2570.48,-252.11,37.00,1.42,27.64,0.00,5.83,0.00,22.52,96.01,5.80,-0.08
-2308.63,0.00,59.92,0.00,-2559.23,-208.62,39.65,1.38,28.37,0.00,5.83,0.00,26.40,94.79,5.81,-0.08
-2291.86,0.00,63.31,0.00,-2544.82,-161.34,42.57,1.34,29.24,0.00,5.83,0.00,30.40,93.13,5.81,-0.08
-2278.34,0.00,65.97,0.00,-2528.13,-114.19,45.55,1.29,29.89,0.00,5.83,0.00,34.32,91.10,5.82,-0.08
-2261.32,0.00,69.25,0.00,-2508.13,-65.13,48.74,1.25,30.66,0.00,5.83,0.00,38.39,88.57,5.82,-0.08
-2246.85,0.00,71.97,0.00,-2485.65,-17.16,51.96,1.20,31.27,0.00,5.83,0.00,42.60,85.47,5.83,-0.09
-2232.68,0.00,74.59,0.00,-2465.94,19.24,54.61,1.16,31.83,0.00,5.83,0.00,43.90,75.71,5.83,-0.10
-2213.27,0.00,78.10,0.00,-2447.79,47.73,56.96,1.11,32.54,0.00,5.83,0.00,45.73,66.39,5.83,-0.13
-2197.11,0.00,80.97,0.00,-2422.92,79.43,60.06,1.03,33.08,0.00,5.83,0.00,47.49,54.40,5.83,-0.14
-2184.17,0.00,83.24,0.00,-2397.18,105.21,63.19,0.95,33.50,0.00,5.83,0.00,48.11,42.97,5.83,-0.16
-2166.49,0.00,86.29,0.00,-2371.73,124.91,66.28,0.87,34.03,0.00,5.83,0.00,47.60,32.43,5.83,-0.17
-2148.46,0.00,89.35,0.00,-2349.15,138.17,69.09,0.79,34.53,0.00,5.83,0.00,46.23,23.66,5.83,-0.17
-2127.97,0.00,92.78,0.00,-2321.40,149.31,72.71,0.68,35.07,0.00,5.83,0.00,43.38,13.45,5.83,-0.18
-2113.69,0.00,95.15,0.00,-2300.97,153.93,75.56,0.59,35.41,0.00,5.83,0.00,40.36,6.24,5.83,-0.19
-2098.05,0.00,97.71,0.00,-2286.02,155.26,77.80,0.51,35.77,0.00,5.83,0.00,37.57,1.27,5.83,-0.19
-2079.12,0.00,100.78,0.00,-2269.59,154.48,80.50,0.43,36.18,0.00,5.83,0.00,33.81,-4.04,5.83,-0.20
-2060.53,0.00,103.76,0.00,-2254.76,151.28,83.25,0.33,36.55,0.00,5.83,0.00,29.53,-8.94,5.83,-0.21
-2043.09,0.00,106.53,0.00,-2242.66,146.33,85.85,0.24,36.88,0.00,5.83,0.00,25.11,-12.78,5.83,-0.21
-2025.76,0.00,109.25,0.00,-2231.15,138.66,88.88,0.13,37.18,0.00,5.83,0.00,19.65,-16.26,5.83,-0.22
-2008.78,0.00,111.91,0.00,-2222.84,129.91,91.78,0.02,37.46,0.00,5.83,0.00,14.24,-18.57,5.83,-0.22
-1985.30,0.00,115.54,0.00,-2217.15,120.09,94.74,-0.10,37.82,0.00,5.83,0.00,8.73,-19.86,5.83,-0.23
-1962.74,0.00,119.01,0.00,-2214.47,111.63,97.21,-0.19,38.14,0.00,5.83,0.00,4.37,-20.05,5.83,-0.23
-1945.45,0.00,121.64,0.00,-2213.57,101.98,100.07,-0.30,38.37,0.00,5.83,0.00,-0.21,-19.39,5.83,-0.23
-1926.19,0.00,124.56,0.00,-2214.97,92.09,103.17,-0.42,38.61,0.00,5.83,0.00,-4.57,-17.86,5.83,-0.23
-1908.26,0.00,127.26,0.00,-2217.92,84.22,105.91,-0.53,38.82,0.00,5.83,0.00,-7.70,-15.93,5.83,-0.22
-1887.77,0.00,130.33,0.00,-2220.40,76.43,108.57,-0.62,39.05,0.00,5.83,0.00,-3.60,-18.11,5.83,-0.20
-1868.71,0.00,133.17,0.00,-2220.05,67.68,111.44,-0.68,39.24,0.00,5.83,0.00,4.27,-17.87,5.83,-0.04
-1847.02,0.00,136.38,0.00,-2215.19,57.93,114.55,-0.67,39.45,0.00,5.83,0.00,13.08,-18.66,5.83,0.08
-1831.36,0.00,138.69,0.00,-2206.22,48.47,117.49,-0.62,39.59,0.00,5.83,0.00,21.68,-18.72,5.83,0.13
-1810.77,0.00,141.72,0.00,-2195.74,40.92,119.88,-0.56,39.76,0.00,5.83,0.00,28.59,-17.96,5.83,0.14
-1783.71,0.00,145.68,0.00,-2176.41,31.26,123.23,-0.48,39.97,0.00,5.83,0.00,37.81,-15.78,5.83,0.13
-1769.52,0.00,147.75,0.00,-2158.52,25.36,126.01,-0.42,40.07,0.00,5.83,0.00,37.05,-9.64,5.83,0.13
-1748.17,0.00,150.85,0.00,-2140.87,22.14,128.85,-0.36,40.22,0.00,5.83,0.00,35.62,-4.29,5.83,0.13
-1730.24,0.00,153.44,0.00,-2120.12,20.46,131.92,-0.29,40.33,0.00,5.83,0.00,42.34,-2.26,5.83,0.13
-1713.36,0.00,155.88,0.00,-2100.25,19.87,134.49,-0.23,40.43,0.00,5.83,0.00,47.43,-0.57,5.83,0.12
-1690.77,0.00,159.13,0.00,-2070.80,20.27,137.87,-0.17,40.56,0.00,5.83,0.00,53.51,1.79,5.83,0.11
-1668.25,0.00,162.37,0.00,-2043.23,21.73,140.73,-0.11,40.68,0.00,5.83,0.00,58.13,3.97,5.83,0.11
-1646.04,0.00,165.55,0.00,-2010.44,24.65,143.89,-0.06,40.79,0.00,5.83,0.00,62.66,6.63,5.83,0.10
-1626.81,0.00,168.29,0.00,-1975.76,28.05,146.96,-0.02,40.88,0.00,5.83,0.00,68.13,6.24,5.83,0.04
-1608.72,0.00,170.87,0.00,-1942.35,30.93,149.72,-0.00,40.96,0.00,5.83,0.00,72.56,5.98,5.83,0.03
-1588.55,0.00,173.74,0.00,-1904.39,32.80,152.71,-0.01,41.04,0.00,5.83,0.00,75.30,1.31,5.83,-0.07
-1570.69,0.00,176.28,0.00,-1869.59,31.94,155.37,-0.05,41.10,0.00,5.83,0.00,77.14,-4.64,5.83,-0.09
-1548.28,0.00,179.45,0.00,-1834.05,28.24,158.04,-0.10,41.18,0.00,5.83,0.00,78.27,-10.88,5.83,-0.10
-1527.61,0.00,182.38,0.00,-1792.47,20.54,161.12,-0.15,41.25,0.00,5.83,0.00,78.90,-17.49,5.83,-0.09
-1508.80,0.00,185.04,0.00,-1753.69,10.50,163.98,-0.19,41.31,0.00,5.83,0.00,78.98,-22.74,5.83,-0.09
-1483.11,0.00,188.66,0.00,-1707.98,-1.66,167.33,-0.20,41.39,0.00,5.83,0.00,80.62,-19.26,5.83,0.05
-1462.91,0.00,191.50,0.00,-1670.47,-9.17,170.01,-0.17,41.44,0.00,5.83,0.00,82.21,-13.74,5.83,0.09
-1441.79,0.00,194.47,0.00,-1626.49,-14.43,173.10,-0.12,41.49,0.00,5.83,0.00,83.52,-6.82,5.83,0.09
-1419.97,0.00,197.54,0.00,-1589.81,-14.70,175.80,-0.06,41.55,0.00,5.83,0.00,75.53,4.40,5.83,0.15
-1400.46,0.00,200.28,0.00,-1550.45,-10.78,179.00,0.00,41.59,0.00,5.83,0.00,69.00,9.00,5.83,0.09
-1377.68,0.00,203.47,0.00,-1519.48,-5.79,181.73,0.05,41.64,0.00,5.83,0.00,63.85,11.94,5.83,0.09
-1353.63,0.00,206.84,0.00,-1488.39,-0.02,184.49,0.08,41.68,0.00,5.83,0.00,67.02,12.31,5.83,0.05
-1334.23,0.00,209.55,0.00,-1456.69,4.94,187.21,0.08,41.72,0.00,5.83,0.00,68.88,8.95,5.83,-0.05
-1313.01,0.00,212.52,0.00,-1420.36,8.00,190.24,0.04,41.75,0.00,5.83,0.00,70.78,3.22,5.83,-0.09
-1292.02,0.00,215.45,0.00,-1383.67,8.85,193.45,0.00,41.78,0.00,5.83,0.00,63.50,0.51,5.83,-0.05
-1270.92,0.00,218.39,0.00,-1356.82,8.67,195.98,-0.02,41.82,0.00,5.83,0.00,60.60,-1.12,5.83,-0.04
-1270.92,0.00,218.39,0.00,-1298.96,5.72,201.86,-0.06,41.82,0.00,5.83,0.00,54.56,-4.48,5.83,-0.04
-1230.04,0.00,224.09,0.00,-1298.96,5.72,201.86,-0.06,41.87,0.00,5.83,0.00,54.56,-4.48,5.83,-0.04
-1213.42,0.00,226.40,0.00,-1274.09,3.26,204.59,-0.08,41.89,0.00,5.83,0.00,52.03,-5.87,5.83,-0.05
-1191.04,0.00,229.52,0.00,-1246.97,-0.33,207.72,-0.11,41.92,0.00,5.83,0.00,49.31,-7.34,5.83,-0.05
-1170.54,0.00,232.37,0.00,-1221.38,-4.25,210.83,-0.12,41.94,0.00,5.83,0.00,46.97,-7.23,5.83,-0.02
-1147.74,0.00,235.54,0.00,-1200.51,-7.69,213.49,-0.13,41.96,0.00,5.83,0.00,45.03,-7.87,5.83,-0.03
-1126.88,0.00,238.44,0.00,-1177.36,-12.12,216.57,-0.15,41.98,0.00,5.83,0.00,42.86,-8.83,5.83,-0.04
-1107.59,0.00,241.12,0.00,-1154.78,-17.22,219.73,-0.18,42.00,0.00,5.83,0.00,40.71,-9.90,5.83,-0.05
-1086.57,0.00,244.04,0.00,-1137.22,-21.80,222.30,-0.20,42.01,0.00,5.83,0.00,39.03,-10.75,5.83,-0.05
-1066.49,0.00,246.83,0.00,-1119.22,-27.10,225.06,-0.22,42.03,0.00,5.83,0.00,37.30,-11.61,5.83,-0.05
-1047.78,0.00,249.42,0.00,-1098.44,-34.08,228.41,-0.25,42.04,0.00,5.83,0.00,35.27,-12.56,5.83,-0.05
-1023.07,0.00,252.85,0.00,-1081.40,-40.52,231.30,-0.27,42.06,0.00,5.83,0.00,33.58,-13.31,5.83,-0.05
-1005.78,0.00,254.90,0.00,-1065.55,-46.82,234.12,-0.29,42.07,0.00,4.37,0.00,32.37,-12.84,5.83,-0.02
-985.18,0.00,256.66,0.00,-1049.36,-53.15,237.09,-0.30,42.08,0.00,2.98,0.00,31.30,-12.03,5.83,-0.00
-963.75,0.00,257.83,0.00,-1031.06,-59.93,240.56,-0.29,42.09,0.00,1.79,0.00,30.27,-10.77,5.83,0.02
-940.22,0.00,258.47,0.00,-1014.85,-65.38,243.73,-0.28,42.10,0.00,0.61,0.00,29.47,-9.39,5.83,0.04
-920.62,0.00,258.51,0.00,-998.92,-70.07,246.93,-0.25,42.11,0.00,-0.32,0.00,28.74,-7.88,5.83,0.05
-902.89,0.00,258.19,0.00,-984.12,-73.00,250.01,-0.21,42.12,0.00,-1.15,0.00,27.39,-3.53,5.83,0.11
-880.64,0.00,257.29,0.00,-971.32,-73.60,252.82,-0.15,42.13,0.00,-2.12,0.00,25.94,0.59,5.83,0.13
-858.47,0.00,255.92,0.00,-960.61,-71.25,255.44,-0.07,42.14,0.00,-2.98,0.00,21.93,8.88,5.83,0.22
-839.52,0.00,254.43,0.00,-952.57,-66.10,257.87,0.02,42.15,0.00,-3.59,0.00,17.00,14.96,5.83,0.24
-818.44,0.00,252.47,0.00,-945.61,-56.63,260.40,0.15,42.16,0.00,-4.16,0.00,9.74,19.68,3.99,0.26
-795.69,0.00,250.08,0.00,-942.60,-44.26,262.24,0.31,42.16,0.00,-4.63,0.00,1.24,21.54,2.43,0.27
-772.51,0.00,247.42,0.00,-943.46,-35.22,263.05,0.42,42.17,0.00,-4.98,0.00,-4.68,21.03,1.49,0.28
-750.18,0.00,245.27,0.00,-947.87,-24.76,263.51,0.58,42.18,0.00,-3.36,0.00,-11.26,18.54,0.39,0.29
-728.59,0.00,243.92,0.00,-955.48,-15.88,263.40,0.73,42.18,0.00,-2.10,0.00,-15.74,14.04,-0.70,0.27
-710.59,0.00,243.24,0.00,-961.03,-9.67,262.80,0.82,42.19,0.00,-1.18,0.00,-8.02,12.48,-1.64,0.08
-687.96,0.00,242.93,0.00,-964.03,-5.39,261.89,0.82,42.19,0.00,-0.09,0.00,-5.82,7.62,-2.41,-0.05
-666.64,0.00,243.17,0.00,-966.25,-2.97,260.55,0.77,42.20,0.00,0.92,0.00,-3.90,3.19,-3.15,-0.17
-646.27,0.00,243.86,0.00,-967.80,-2.54,258.86,0.68,42.20,0.00,1.83,0.00,-2.80,-1.00,-3.78,-0.22
-622.73,0.00,245.17,0.00,-968.95,-3.84,257.10,0.58,42.20,0.00,2.78,0.00,-2.64,-4.59,-4.24,-0.22
-603.13,0.00,246.64,0.00,-970.29,-6.80,255.06,0.48,42.21,0.00,3.44,0.00,-3.29,-7.98,-4.63,-0.21
-579.78,0.00,248.75,0.00,-972.61,-12.23,252.39,0.37,42.21,0.00,4.09,0.00,-5.05,-11.17,-4.99,-0.20
-555.34,0.00,251.29,0.00,-973.12,-18.42,249.42,0.25,42.22,0.00,4.61,0.00,2.50,-10.61,-5.25,-0.20
-536.52,0.00,253.01,0.00,-969.51,-24.40,247.07,0.14,42.22,0.00,3.30,0.00,9.78,-11.12,-3.50,-0.20
-516.74,0.00,254.25,0.00,-962.67,-30.28,245.66,0.05,42.22,0.00,2.14,0.00,16.51,-12.09,-2.23,-0.17
-497.96,0.00,254.96,0.00,-952.05,-36.00,244.85,-0.02,42.22,0.00,1.18,0.00,24.99,-10.92,-1.14,-0.09
-475.48,0.00,255.27,0.00,-933.75,-41.24,244.57,-0.03,42.23,0.00,0.09,0.00,33.96,-6.58,0.10,0.05
-455.43,0.00,255.07,0.00,-911.84,-43.40,244.98,0.02,42.23,0.00,-0.85,0.00,42.02,-1.29,1.23,0.11
-431.07,0.00,254.23,0.00,-886.48,-42.31,245.97,0.08,42.23,0.00,-1.94,0.00,49.09,4.78,2.24,0.11
-410.65,0.00,253.07,0.00,-862.71,-39.50,247.16,0.11,42.23,0.00,-2.75,0.00,55.71,7.27,2.96,0.06
-391.97,0.00,251.70,0.00,-831.47,-36.13,248.94,0.11,42.23,0.00,-3.39,0.00,61.78,5.12,3.68,-0.06
-371.69,0.00,249.91,0.00,-798.34,-34.75,250.99,0.07,42.24,0.00,-3.97,0.00,67.09,0.55,4.23,-0.09
-348.31,0.00,248.17,0.00,-762.89,-33.95,252.74,0.06,42.24,0.00,-2.51,0.00,71.30,2.96,2.83,0.04
-322.47,0.00,247.10,0.00,-730.93,-31.59,253.73,0.09,42.24,0.00,-1.15,0.00,74.28,7.60,1.80,0.08
-300.50,0.00,246.80,0.00,-689.82,-25.47,254.36,0.13,42.24,0.00,-0.10,0.00,76.86,14.30,0.66,0.09
-279.02,0.00,247.04,0.00,-639.38,-15.20,254.34,0.17,42.24,0.00,0.91,0.00,81.46,17.34,-0.61,0.03
-256.77,0.00,247.81,0.00,-599.77,-7.53,253.80,0.16,42.24,0.00,1.91,0.00,83.84,14.40,-1.53,-0.06
-234.64,0.00,249.07,0.00,-558.02,-1.95,252.81,0.13,42.25,0.00,2.79,0.00,86.15,8.75,-2.41,-0.09
-213.07,0.00,250.70,0.00,-508.59,0.86,251.16,0.08,42.25,0.00,3.51,0.00,87.83,1.91,-3.27,-0.09
-190.47,0.00,252.18,0.00,-461.76,0.19,249.81,0.03,42.25,0.00,2.18,0.00,88.79,-3.74,-1.99,-0.09
-167.39,0.00,253.01,0.00,-417.73,-2.03,249.13,0.00,42.25,0.00,0.99,0.00,90.65,-4.95,-0.94,-0.04
-148.31,0.00,253.23,0.00,-361.29,-5.30,248.97,-0.01,42.25,0.00,0.08,0.00,92.32,-5.55,0.30,-0.02
-126.21,0.00,252.97,0.00,-314.93,-8.16,249.39,-0.02,42.25,0.00,-0.96,0.00,93.37,-5.87,1.28,-0.02
-101.00,0.00,252.03,0.00,-275.12,-9.98,250.13,-0.01,42.25,0.00,-2.07,0.00,92.89,-2.51,2.07,0.06
-76.34,0.00,250.51,0.00,-230.53,-9.64,251.40,0.02,42.25,0.00,-3.02,0.00,85.05,3.36,2.90,0.08
-54.89,0.00,248.78,0.00,-188.02,-6.17,252.56,0.07,42.25,0.00,-3.70,0.00,77.57,9.11,1.67,0.09
-32.78,0.00,247.24,0.00,-147.79,0.35,253.13,0.11,42.25,0.00,-2.36,0.00,70.39,14.06,0.53,0.09
-9.93,0.00,246.32,0.00,-112.21,9.01,253.10,0.16,42.25,0.00,-1.17,0.00,63.91,17.88,-0.53,0.09
11.89,0.00,246.02,0.00,-84.45,17.81,252.64,0.21,42.25,0.00,-0.12,0.00,58.73,20.49,-1.42,0.10
34.21,0.00,246.26,0.00,-58.49,27.27,251.78,0.24,42.26,0.00,0.93,0.00,55.44,20.81,-2.24,0.06
57.02,0.00,247.07,0.00,-30.95,37.59,250.40,0.26,42.26,0.00,1.95,0.00,52.57,19.58,-3.06,0.02
76.52,0.00,248.17,0.00,-4.75,47.18,248.64,0.27,42.26,0.00,2.72,0.00,50.16,18.04,-3.74,-0.00
95.45,0.00,249.55,0.00,20.50,55.99,246.55,0.26,42.26,0.00,3.38,0.00,48.08,16.26,-4.28,-0.02
117.24,0.00,251.47,0.00,42.46,63.11,244.90,0.25,42.26,0.00,4.00,0.00,46.42,14.50,-2.98,-0.03
140.20,0.00,253.20,0.00,66.77,70.25,243.68,0.23,42.26,0.00,2.55,0.00,44.70,12.41,-1.72,-0.04
161.46,0.00,254.17,0.00,88.15,76.68,243.11,0.23,42.26,0.00,1.42,0.00,40.99,13.41,-0.67,0.04
182.67,0.00,254.59,0.00,109.11,84.59,243.07,0.26,42.26,0.00,0.39,0.00,36.75,15.63,0.41,0.09
203.46,0.00,254.52,0.00,125.49,92.47,243.51,0.31,42.26,0.00,-0.59,0.00,33.01,17.53,1.34,0.10
221.37,0.00,254.07,0.00,139.85,100.98,244.35,0.36,42.26,0.00,-1.42,0.00,29.40,19.02,2.18,0.10
248.47,0.00,252.76,0.00,152.82,110.29,245.58,0.41,42.26,0.00,-2.55,0.00,25.82,20.14,2.95,0.11
270.01,0.00,251.23,0.00,165.52,121.38,247.39,0.46,42.26,0.00,-3.32,0.00,21.88,20.97,3.68,0.11
291.73,0.00,249.34,0.00,175.85,128.96,249.30,0.45,42.26,0.00,-3.95,0.00,21.29,11.29,4.20,-0.16
308.24,0.00,248.03,0.00,186.39,131.63,251.54,0.35,42.26,0.00,-2.89,0.00,20.39,0.42,4.64,-0.23
327.63,0.00,246.98,0.00,196.02,129.13,253.48,0.23,42.26,0.00,-1.82,0.00,17.20,-8.90,3.14,-0.25
353.51,0.00,246.31,0.00,203.32,122.83,254.71,0.10,42.26,0.00,-0.53,0.00,12.19,-15.23,1.94,-0.26
377.12,0.00,246.36,0.00,207.72,114.42,255.38,-0.02,42.26,0.00,0.59,0.00,6.40,-18.78,0.91,-0.27
397.82,0.00,246.90,0.00,209.21,105.60,255.56,-0.14,42.26,0.00,1.53,0.00,0.77,-20.12,-0.00,-0.27
415.29,0.00,247.70,0.00,207.85,95.27,255.27,-0.29,42.26,0.00,2.27,0.00,-5.46,-19.75,-1.02,-0.28
435.53,0.00,249.00,0.00,203.86,86.28,254.53,-0.42,42.26,0.00,3.04,0.00,-10.54,-17.71,-1.92,-0.28
456.03,0.00,250.65,0.00,197.85,78.70,253.40,-0.55,42.26,0.00,3.69,0.00,-14.15,-14.39,-2.73,-0.24
477.53,0.00,252.15,0.00,190.99,73.12,252.01,-0.65,42.26,0.00,2.38,0.00,-16.15,-10.86,-3.38,-0.21
501.46,0.00,253.10,0.00,184.62,67.60,250.73,-0.74,42.26,0.00,1.14,0.00,-11.61,-12.75,-2.22,-0.20
521.89,0.00,253.39,0.00,181.04,61.27,249.93,-0.80,42.26,0.00,0.15,0.00,-3.56,-13.03,-1.13,-0.04
521.89,0.00,253.39,0.00,179.49,53.31,249.79,-0.75,42.26,0.00,0.15,0.00,-0.20,-5.08,0.72,0.16
546.90,0.00,253.10,0.00,179.75,51.85,250.49,-0.65,42.26,0.00,-1.02,0.00,0.88,-0.75,1.75,0.20
567.92,0.00,252.33,0.00,180.25,52.54,251.59,-0.54,42.26,0.00,-1.95,0.00,1.01,3.12,2.60,0.22
593.34,0.00,250.82,0.00,182.87,53.93,252.57,-0.43,42.26,0.00,-2.95,0.00,8.68,2.71,1.47,0.21
614.99,0.00,249.11,0.00,190.80,55.64,253.05,-0.32,42.26,0.00,-3.65,0.00,17.59,3.29,0.28,0.18
634.28,0.00,247.74,0.00,201.93,57.56,252.90,-0.24,42.26,0.00,-2.47,0.00,25.19,4.20,-0.74,0.15
657.22,0.00,246.77,0.00,215.72,59.06,252.32,-0.18,42.26,0.00,-1.27,0.00,33.00,2.43,-1.64,0.08
677.25,0.00,246.42,0.00,233.84,59.10,251.26,-0.17,42.26,0.00,-0.30,0.00,39.39,-1.95,-2.51,-0.03
698.89,0.00,246.56,0.00,253.01,57.01,249.95,-0.20,42.26,0.00,0.72,0.00,44.81,-6.97,-3.20,-0.09
720.28,0.00,247.20,0.00,279.20,52.18,248.04,-0.24,42.26,0.00,1.69,0.00,52.65,-10.66,-3.88,-0.05
743.41,0.00,248.42,0.00,308.10,46.97,246.44,-0.23,42.26,0.00,2.64,0.00,58.89,-9.21,-2.52,0.06
764.82,0.00,249.97,0.00,340.14,43.21,245.47,-0.19,42.26,0.00,3.39,0.00,64.67,-5.60,-1.37,0.10
783.72,0.00,251.62,0.00,370.73,41.52,245.09,-0.15,42.26,0.00,3.93,0.00,69.01,-2.16,-0.43,0.10
803.92,0.00,253.15,0.00,413.76,41.65,245.23,-0.09,42.26,0.00,2.66,0.00,73.76,2.14,0.77,0.09
842.58,0.00,254.60,0.00,413.76,41.65,245.23,-0.09,42.26,0.00,0.66,0.00,73.76,2.14,0.77,0.09
861.61,0.00,254.67,0.00,460.32,43.03,246.08,-0.05,42.26,0.00,-0.24,0.00,79.39,2.26,1.92,0.04
881.33,0.00,254.32,0.00,499.85,43.12,247.25,-0.06,42.26,0.00,-1.16,0.00,81.64,-1.98,2.74,-0.06
902.62,0.00,253.47,0.00,541.32,40.37,248.83,-0.10,42.26,0.00,-2.09,0.00,83.23,-8.47,3.47,-0.09
920.64,0.00,252.41,0.00,584.63,34.00,250.80,-0.14,42.26,0.00,-2.80,0.00,84.03,-15.40,4.07,-0.09
940.67,0.00,250.90,0.00,630.77,23.52,253.19,-0.19,42.26,0.00,-3.48,0.00,84.13,-22.01,4.57,-0.09
959.28,0.00,249.24,0.00,679.04,10.27,255.25,-0.22,42.26,0.00,-4.00,0.00,86.28,-24.25,2.95,-0.03
980.18,0.00,247.64,0.00,723.45,-1.23,256.41,-0.22,42.26,0.00,-2.67,0.00,87.63,-20.50,1.75,0.06
1001.95,0.00,246.60,0.00,772.92,-10.50,257.03,-0.17,42.26,0.00,-1.50,0.00,89.17,-13.22,0.58,0.09
1021.48,0.00,246.15,0.00,809.68,-14.51,257.07,-0.13,42.26,0.00,-0.54,0.00,83.28,-6.32,-0.28,0.10
1042.55,0.00,246.15,0.00,852.93,-15.54,256.60,-0.08,42.26,0.00,0.45,0.00,75.97,1.49,-1.35,0.10
1064.43,0.00,246.68,0.00,888.47,-12.96,255.69,-0.02,42.26,0.00,1.46,0.00,69.16,8.11,-2.24,0.12
1089.24,0.00,247.88,0.00,922.65,-6.69,254.26,0.05,42.26,0.00,2.50,0.00,61.39,14.78,-3.08,0.14
1111.01,0.00,249.39,0.00,951.67,2.90,252.48,0.13,42.26,0.00,3.28,0.00,52.43,21.50,-3.76,0.17
1128.08,0.00,250.84,0.00,979.26,15.06,250.20,0.20,42.26,0.00,3.80,0.00,47.21,22.04,-4.34,0.11
1146.03,0.00,252.18,0.00,1003.25,27.13,248.33,0.26,42.26,0.00,2.68,0.00,42.60,22.86,-2.84,0.11
1168.20,0.00,253.23,0.00,1025.39,40.07,247.15,0.32,42.26,0.00,1.48,0.00,38.02,23.89,-1.57,0.11
1191.03,0.00,253.70,0.00,1043.03,48.97,246.67,0.31,42.26,0.00,0.37,0.00,35.61,13.67,-0.56,-0.15
1211.58,0.00,253.62,0.00,1062.20,52.68,246.70,0.20,42.26,0.00,-0.60,0.00,32.74,0.91,0.56,-0.20
1230.02,0.00,253.15,0.00,1078.14,50.22,247.29,0.10,42.26,0.00,-1.45,0.00,28.22,-8.86,1.57,-0.21
1251.27,0.00,252.17,0.00,1091.33,43.55,248.38,-0.01,42.26,0.00,-2.35,0.00,22.42,-15.45,2.50,-0.21
1272.23,0.00,250.79,0.00,1100.30,35.45,249.72,-0.11,42.26,0.00,-3.13,0.00,16.87,-18.94,3.20,-0.22
1291.49,0.00,249.21,0.00,1106.37,26.87,250.85,-0.21,42.26,0.00,-3.73,0.00,11.80,-20.59,2.15,-0.22
1314.82,0.00,247.60,0.00,1111.23,15.51,251.67,-0.32,42.26,0.00,-2.31,0.00,6.45,-20.63,0.97,-0.21
1333.95,0.00,246.80,0.00,1116.16,3.49,251.86,-0.43,42.26,0.00,-1.31,0.00,10.79,-22.47,-0.16,-0.17
1355.79,0.00,246.43,0.00,1125.22,-8.75,251.38,-0.47,42.26,0.00,-0.26,0.00,19.09,-19.47,-1.33,0.02
1395.98,0.00,247.12,0.00,1125.22,-8.75,251.38,-0.47,42.26,0.00,1.61,0.00,19.09,-19.47,-1.33,0.02
1420.50,0.00,248.39,0.00,1135.67,-17.38,250.36,-0.42,42.26,0.00,2.62,0.00,19.35,-12.94,-2.31,0.13
1441.38,0.00,249.88,0.00,1145.14,-22.13,249.02,-0.35,42.26,0.00,3.35,0.00,19.19,-7.05,-3.08,0.16
1462.13,0.00,251.70,0.00,1155.63,-24.22,247.71,-0.26,42.26,0.00,3.95,0.00,18.28,-1.11,-1.76,0.16
1479.68,0.00,253.08,0.00,1167.07,-23.92,247.11,-0.18,42.26,0.00,2.83,0.00,25.16,2.04,-0.67,0.15
1504.16,0.00,254.28,0.00,1181.94,-21.94,247.06,-0.10,42.26,0.00,1.50,0.00,31.46,5.31,0.37,0.14
1527.54,0.00,254.76,0.00,1197.72,-18.80,247.46,-0.04,42.26,0.00,0.36,0.00,36.63,8.08,1.27,0.13
1551.18,0.00,254.62,0.00,1220.66,-13.10,248.52,0.03,42.26,0.00,-0.76,0.00,42.61,11.45,2.31,0.12
1572.41,0.00,253.97,0.00,1243.39,-7.41,249.87,0.07,42.26,0.00,-1.72,0.00,49.06,11.64,3.09,0.06
1591.45,0.00,253.00,0.00,1267.64,-2.68,251.48,0.08,42.26,0.00,-2.50,0.00,53.90,8.63,3.71,-0.04
1616.35,0.00,251.23,0.00,1293.72,0.24,253.33,0.04,42.26,0.00,-3.38,0.00,58.44,4.23,4.21,-0.09
1616.35,0.00,251.23,0.00,1349.11,0.01,255.94,-0.03,42.26,0.00,-3.38,0.00,66.65,-2.95,1.93,-0.05
1638.03,0.00,249.31,0.00,1384.06,-1.94,256.61,-0.05,42.26,0.00,-4.00,0.00,71.21,-4.54,0.86,-0.03
1657.90,0.00,247.77,0.00,1423.73,-3.52,256.75,-0.04,42.26,0.00,-2.74,0.00,74.07,-0.93,-0.24,0.07
1678.84,0.00,246.73,0.00,1467.03,-2.08,256.25,0.01,42.26,0.00,-1.60,0.00,76.31,5.39,-1.37,0.09
1716.93,0.00,246.17,0.00,1467.03,-2.08,256.25,0.01,42.26,0.00,0.24,0.00,76.31,5.39,-1.37,0.09
1737.72,0.00,246.55,0.00,1504.99,1.96,255.33,0.05,42.26,0.00,1.21,0.00,77.68,10.43,-2.26,0.09
1758.21,0.00,247.38,0.00,1543.38,6.53,254.01,0.06,42.26,0.00,2.11,0.00,79.12,7.92,-3.04,-0.04
1781.42,0.00,248.81,0.00,1574.39,8.60,252.65,0.04,42.26,0.00,3.00,0.00,73.99,2.57,-3.59,-0.09
1781.42,0.00,248.81,0.00,1641.43,3.74,248.47,-0.07,42.26,0.00,3.00,0.00,59.69,-9.29,-4.60,-0.08
1802.52,0.00,250.50,0.00,1668.98,-0.07,246.73,-0.08,42.26,0.00,3.67,0.00,62.28,-7.42,-3.27,0.03
1840.73,0.00,252.74,0.00,1668.98,-0.07,246.73,-0.08,42.26,0.00,1.49,0.00,62.28,-7.42,-3.27,0.03
1863.10,0.00,253.20,0.00,1708.09,-2.80,245.24,-0.04,42.26,0.00,0.40,0.00,65.74,-1.67,-1.81,0.09
1884.25,0.00,253.13,0.00,1743.43,-1.96,244.62,0.01,42.26,0.00,-0.60,0.00,67.99,4.27,-0.70,0.10
1904.19,0.00,252.60,0.00,1778.08,0.76,244.54,0.04,42.26,0.00,-1.52,0.00,71.10,6.23,0.30,0.04
1923.89,0.00,251.68,0.00,1815.21,3.24,244.99,0.04,42.26,0.00,-2.35,0.00,72.64,3.13,1.31,-0.06
1948.27,0.00,250.03,0.00,1855.04,3.22,246.00,-0.00,42.26,0.00,-3.24,0.00,73.87,-2.82,2.30,-0.09
1971.69,0.00,248.02,0.00,1897.63,0.42,247.70,-0.04,42.26,0.00,-3.93,0.00,68.51,-5.84,3.23,-0.05
1993.14,0.00,246.41,0.00,1929.03,-2.43,249.38,-0.06,42.26,0.00,-2.59,0.00,64.84,-6.04,3.83,-0.02
2011.05,0.00,245.54,0.00,1962.16,-5.89,251.00,-0.07,42.26,0.00,-1.62,0.00,61.09,-7.01,2.46,-0.03
2032.39,0.00,245.01,0.00,1993.01,-9.87,251.94,-0.09,42.26,0.00,-0.57,0.00,57.69,-8.17,1.30,-0.04
2055.49,0.00,245.03,0.00,2021.23,-14.30,252.30,-0.11,42.26,0.00,0.52,0.00,54.63,-9.30,0.27,-0.04
2079.06,0.00,245.66,0.00,2047.39,-19.17,252.17,-0.13,42.26,0.00,1.60,0.00,51.85,-10.35,-0.72,-0.04
2098.63,0.00,246.61,0.00,2075.09,-25.21,251.45,-0.16,42.26,0.00,2.42,0.00,48.95,-11.44,-1.77,-0.05
2119.06,0.00,247.98,0.00,2097.24,-30.75,250.42,-0.18,42.26,0.00,3.17,0.00,46.65,-12.28,-2.57,-0.05
2138.07,0.00,249.56,0.00,2119.52,-37.00,248.95,-0.20,42.26,0.00,3.75,0.00,44.36,-13.09,-3.31,-0.05
2158.65,0.00,251.53,0.00,2141.06,-43.74,247.64,-0.23,42.26,0.00,4.27,0.00,42.16,-13.85,-2.09,-0.05
2178.05,0.00,253.15,0.00,2161.91,-50.63,246.90,-0.24,42.26,0.00,2.98,0.00,40.38,-13.30,-0.99,-0.02
2198.83,0.00,254.30,0.00,2179.94,-56.49,246.67,-0.25,42.26,0.00,1.82,0.00,39.01,-12.47,-0.07,0.00
2222.60,0.00,254.95,0.00,2199.69,-62.59,246.93,-0.24,42.26,0.00,0.64,0.00,37.66,-11.25,0.95,0.02
2242.45,0.00,255.01,0.00,2220.35,-68.41,247.79,-0.23,42.26,0.00,-0.30,0.00,36.38,-9.67,2.00,0.04
2267.33,0.00,254.46,0.00,2235.87,-72.28,248.83,-0.21,42.26,0.00,-1.45,0.00,35.47,-8.35,2.73,0.04
2288.18,0.00,253.50,0.00,2253.33,-76.02,250.40,-0.19,42.26,0.00,-2.34,0.00,34.47,-6.78,3.45,0.05
2308.72,0.00,252.15,0.00,2271.80,-79.21,252.48,-0.16,42.26,0.00,-3.10,0.00,33.40,-5.07,4.09,0.05
2327.05,0.00,250.67,0.00,2288.68,-81.36,254.17,-0.13,42.26,0.00,-3.68,0.00,32.41,-3.50,2.70,0.05
2348.67,0.00,248.62,0.00,2304.92,-82.72,255.21,-0.11,42.26,0.00,-4.23,0.00,31.42,-2.00,1.54,0.05
2369.03,0.00,246.95,0.00,2322.00,-83.35,255.71,-0.08,42.26,0.00,-2.90,0.00,30.35,-0.45,0.39,0.05
2386.71,0.00,245.97,0.00,2337.34,-83.19,255.62,-0.05,42.26,0.00,-1.91,0.00,29.34,0.91,-0.64,0.06
2403.25,0.00,245.40,0.00,2351.91,-79.63,254.94,0.04,42.26,0.00,-1.07,0.00,23.34,10.85,-1.71,0.22
2423.72,0.00,245.15,0.00,2361.38,-72.70,253.90,0.14,42.26,0.00,-0.09,0.00,16.97,17.20,-2.53,0.23
2445.68,0.00,245.40,0.00,2367.27,-64.35,252.64,0.25,42.26,0.00,0.94,0.00,10.69,20.55,-3.20,0.24
2466.32,0.00,246.11,0.00,2370.73,-52.45,250.66,0.38,42.26,0.00,1.86,0.00,2.65,22.06,-3.90,0.26
2489.93,0.00,247.44,0.00,2370.23,-42.00,248.66,0.51,42.26,0.00,2.80,0.00,-4.03,21.34,-4.38,0.27
2512.42,0.00,249.16,0.00,2365.52,-30.44,246.65,0.67,42.26,0.00,3.56,0.00,-11.37,18.42,-2.76,0.29
2533.55,0.00,251.10,0.00,2358.88,-22.71,245.64,0.81,42.26,0.00,4.13,0.00,-16.24,14.62,-1.67,0.30
2552.84,0.00,252.66,0.00,2350.33,-16.97,245.10,0.94,42.26,0.00,2.87,0.00,-18.83,9.71,-0.67,0.27
2571.49,0.00,253.67,0.00,2342.91,-11.94,245.06,1.03,42.26,0.00,1.84,0.00,-10.04,9.84,0.41,0.06
2595.21,0.00,254.33,0.00,2338.94,-8.51,245.55,1.02,42.26,0.00,0.66,0.00,-6.18,4.51,1.40,-0.11
2614.32,0.00,254.41,0.00,2336.83,-7.49,246.38,0.95,42.26,0.00,-0.25,0.00,-3.64,0.47,2.21,-0.21
2635.47,0.00,254.01,0.00,2335.34,-8.99,248.05,0.81,42.26,0.00,-1.24,0.00,-1.76,-4.94,3.17,-0.24
2657.36,0.00,253.09,0.00,2334.56,-12.55,249.78,0.70,42.26,0.00,-2.18,0.00,-1.60,-9.12,3.80,-0.23
2676.10,0.00,251.95,0.00,2333.47,-18.36,251.91,0.58,42.26,0.00,-2.90,0.00,-2.70,-12.80,4.34,-0.21
2698.45,0.00,250.19,0.00,2331.64,-25.31,253.66,0.48,42.26,0.00,-3.63,0.00,-4.65,-15.08,2.95,-0.19
2716.26,0.00,248.55,0.00,2330.81,-31.09,254.65,0.41,42.26,0.00,-4.11,0.00,0.15,-13.33,1.98,-0.19
2737.82,0.00,246.85,0.00,2332.14,-36.54,255.28,0.32,42.26,0.00,-2.72,0.00,5.47,-12.18,1.05,-0.20
2760.55,0.00,245.76,0.00,2336.67,-42.44,255.52,0.22,42.26,0.00,-1.50,0.00,11.92,-11.50,0.03,-0.19
2782.15,0.00,245.29,0.00,2343.17,-47.33,255.34,0.14,42.26,0.00,-0.44,0.00,17.71,-11.31,-0.82,-0.17
2805.58,0.00,245.39,0.00,2354.20,-51.71,254.63,0.10,42.26,0.00,0.67,0.00,24.74,-6.37,-1.80,-0.02
2826.25,0.00,245.97,0.00,2367.17,-53.53,253.61,0.11,42.26,0.00,1.61,0.00,31.37,-1.92,-2.59,0.07
2846.77,0.00,246.98,0.00,2384.69,-52.97,252.11,0.16,42.26,0.00,2.46,0.00,38.18,3.74,-3.33,0.11
2869.27,0.00,248.54,0.00,2406.09,-50.15,250.27,0.20,42.26,0.00,3.27,0.00,46.32,7.07,-3.94,0.06
2895.08,0.00,250.80,0.00,2432.76,-46.66,248.60,0.20,42.26,0.00,4.02,0.00,53.44,5.77,-2.54,-0.06
2920.42,0.00,252.67,0.00,2458.59,-44.72,247.70,0.16,42.26,0.00,2.44,0.00,58.97,2.83,-1.51,-0.10
2944.66,0.00,253.66,0.00,2488.82,-44.29,247.24,0.11,42.26,0.00,1.17,0.00,64.18,-0.72,-0.50,-0.10
2966.49,0.00,253.96,0.00,2521.78,-45.59,247.26,0.06,42.26,0.00,0.12,0.00,68.72,-4.20,0.49,-0.10
2987.99,0.00,253.74,0.00,2552.35,-47.47,247.67,0.03,42.26,0.00,-0.89,0.00,73.34,-4.43,1.33,-0.05
3000.00,0.00,253.05,0.00,2590.45,-48.66,248.60,0.04,42.26,0.00,-1.81,0.00,76.70,-0.22,2.25,0.06
3000.00,0.00,252.15,0.00,2622.95,-47.58,249.70,0.07,42.26,0.00,-2.52,0.00,78.85,5.02,2.92,0.09
3000.00,0.00,250.56,0.00,2667.34,-42.49,251.56,0.12,42.26,0.00,-3.32,0.00,80.63,12.56,3.68,0.09
3000.00,0.00,248.41,0.00,2707.40,-34.54,253.02,0.17,42.26,0.00,-4.02,0.00,81.20,18.86,2.41,0.09
3000.00,0.00,246.97,0.00,2761.40,-19.23,254.08,0.23,42.26,0.00,-2.86,0.00,80.88,26.17,0.95,0.09
3000.00,0.00,245.87,0.00,2800.50,-5.24,254.28,0.27,42.26,0.00,-1.71,0.00,79.86,30.76,-0.03,0.09
3000.00,0.00,245.30,0.00,2843.10,14.17,253.89,0.34,42.26,0.00,-0.62,0.00,67.81,35.25,-1.18,0.13
3000.00,0.00,245.25,0.00,2873.09,30.79,253.12,0.39,42.26,0.00,0.29,0.00,61.38,35.77,-2.05,0.09
3000.00,0.00,245.72,0.00,2903.36,49.65,251.79,0.44,42.26,0.00,1.35,0.00,54.84,36.15,-2.91,0.09
3000.00,0.00,246.59,0.00,2926.30,65.68,250.35,0.48,42.26,0.00,2.21,0.00,49.70,36.47,-3.53,0.10
3000.00,0.00,247.87,0.00,2950.76,83.60,248.39,0.51,42.26,0.00,2.99,0.00,47.05,34.26,-4.11,0.03
3000.00,0.00,249.66,0.00,2969.53,97.41,246.62,0.52,42.26,0.00,3.70,0.00,44.83,33.29,-4.49,0.04
3000.00,0.00,251.58,0.00,2991.22,114.74,244.74,0.56,42.26,0.00,4.22,0.00,39.63,33.92,-3.01,0.09
3000.00,0.00,253.28,0.00,2997.12,131.31,243.57,0.61,42.26,0.00,2.87,0.00,34.56,34.58,-1.83,0.10
3000.00,0.00,254.40,0.00,2996.38,147.37,242.96,0.66,42.26,0.00,1.68,0.00,29.92,34.88,-0.81,0.11
3000.00,0.00,254.96,0.00,2995.37,166.70,242.86,0.72,42.26,0.00,0.58,0.00,24.71,34.81,0.36,0.11
3000.00,0.00,254.99,0.00,2994.38,183.60,243.33,0.78,42.26,0.00,-0.39,0.00,20.43,34.42,1.36,0.11
3000.00,0.00,254.59,0.00,2993.18,202.18,244.43,0.85,42.26,0.00,-1.27,0.00,15.95,33.68,2.38,0.12
3000.00,0.00,253.81,0.00,2992.02,218.74,245.89,0.91,42.26,0.00,-2.10,0.00,12.12,32.75,3.18,0.12
3000.00,0.00,252.48,0.00,2990.72,235.73,247.85,0.97,42.26,0.00,-2.94,0.00,8.33,31.52,3.88,0.12
3000.00,0.00,250.88,0.00,2989.44,251.49,250.04,1.04,42.26,0.00,-3.61,0.00,4.92,30.12,4.40,0.13
3000.00,0.00,248.68,0.00,2988.18,266.02,251.85,1.10,42.26,0.00,-4.22,0.00,1.87,28.57,2.97,0.13
3000.00,0.00,247.02,0.00,2986.93,279.72,253.01,1.17,42.26,0.00,-2.89,0.00,-0.95,26.86,1.80,0.13
3000.00,0.00,245.86,0.00,2985.93,290.24,253.54,1.22,42.26,0.00,-1.67,0.00,-3.06,25.35,0.94,0.13
3000.00,0.00,245.29,0.00,2983.28,304.13,253.72,1.30,42.26,0.00,-0.52,0.00,-5.81,23.01,-0.22,0.14
3000.00,0.00,245.31,0.00,2979.88,314.78,253.35,1.36,42.26,0.00,0.49,0.00,-7.88,20.88,-1.18,0.14
3000.00,0.00,245.84,0.00,2975.45,324.53,252.51,1.43,42.26,0.00,1.48,0.00,-9.74,18.57,-2.10,0.14
3000.00,0.00,246.81,0.00,2970.43,332.72,251.31,1.50,42.26,0.00,2.36,0.00,-11.27,16.25,-2.88,0.15
3000.00,0.00,248.12,0.00,2964.72,339.82,249.76,1.57,42.26,0.00,3.10,0.00,-12.56,13.83,-3.54,0.15
3000.00,0.00,249.78,0.00,2955.84,345.36,247.59,1.70,42.26,0.00,3.74,0.00,-18.42,6.54,-4.17,0.27
3000.00,0.00,251.85,0.00,2945.09,346.43,245.22,1.85,42.26,0.00,4.28,0.00,-20.92,-1.86,-4.64,0.30
3000.00,0.00,253.60,0.00,2934.02,342.96,243.21,2.02,42.26,0.00,2.88,0.00,-20.08,-10.25,-3.08,0.33
3000.00,0.00,254.74,0.00,2925.19,336.23,242.04,2.17,42.26,0.00,1.67,0.00,-16.57,-16.85,-1.93,0.32
3000.00,0.00,255.29,0.00,2918.41,326.43,241.37,2.32,42.26,0.00,0.62,0.00,-11.04,-21.75,-0.87,0.29
3000.00,0.00,255.32,0.00,2914.58,314.42,241.22,2.46,42.26,0.00,-0.38,0.00,-4.57,-24.77,0.16,0.26
3000.00,0.00,254.73,0.00,2914.13,301.09,241.60,2.59,42.26,0.00,-1.52,0.00,2.14,-26.12,1.18,0.24
3000.00,0.00,253.90,0.00,2917.02,287.66,242.47,2.71,42.26,0.00,-2.29,0.00,8.42,-26.06,2.13,0.22
3000.00,0.00,252.85,0.00,2923.43,273.84,243.90,2.83,42.26,0.00,-2.92,0.00,14.47,-24.85,3.01,0.21
3000.00,0.00,251.05,0.00,2932.95,260.90,245.77,2.94,42.26,0.00,-3.66,0.00,19.77,-22.72,3.74,0.20
3000.00,0.00,249.32,0.00,2944.97,249.44,247.96,3.04,42.26,0.00,-4.15,0.00,24.19,-19.96,4.31,0.19
3000.00,0.00,247.77,0.00,2958.63,239.91,249.78,3.13,42.26,0.00,-2.91,0.00,27.68,-16.86,2.85,0.18
