-2500.00,0.00,0.00,0.00,-1855.66,105.90,3.30,0.75,0.00,0.00,0.00,0.00,0.00,0.00,0.00,0.00
-2499.43,0.00,0.28,0.00,-1858.10,106.54,3.01,0.81,2.03,0.00,1.01,0.00,-8.52,1.94,-1.03,0.24
-2498.03,0.00,0.97,0.00,-1864.10,107.33,2.27,0.94,3.87,0.00,1.88,0.00,-15.61,0.94,-1.93,0.28
-2495.63,0.00,2.11,0.00,-1872.88,106.92,1.15,1.07,5.80,0.00,2.70,0.00,-20.58,-2.64,-2.73,0.27
-2493.41,0.00,3.12,0.00,-1883.34,104.41,0.14,1.19,7.14,0.00,3.21,0.00,-23.09,-7.65,-1.64,0.25
-2489.65,0.00,4.76,0.00,-1895.39,98.81,0.00,1.32,8.94,0.00,3.80,0.00,-23.48,-13.59,-0.57,0.23
-2485.11,0.00,6.62,0.00,-1907.02,90.29,0.00,1.43,10.70,0.00,4.28,0.00,-22.09,-19.23,0.45,0.22
-2480.04,0.00,8.58,0.00,-1917.20,79.55,0.48,1.54,12.36,0.00,4.64,0.00,-19.63,-24.04,1.40,0.21
-2473.52,0.00,10.94,0.00,-1926.57,65.62,1.49,1.64,14.18,0.00,4.96,0.00,-16.35,-28.55,2.35,0.20
-2466.17,0.00,13.41,0.00,-1933.34,51.31,2.79,1.73,15.95,0.00,5.20,0.00,-12.73,-31.69,3.09,0.19
-2457.89,0.00,16.01,0.00,-1937.65,38.45,4.12,1.81,17.69,0.00,5.37,0.00,-9.60,-33.73,3.61,0.18
-2450.23,0.00,18.26,0.00,-1941.85,16.98,6.56,1.91,19.13,0.00,5.49,0.00,-4.64,-36.07,4.28,0.17
-2440.16,0.00,21.04,0.00,-1943.00,1.57,8.45,1.99,20.83,0.00,5.59,0.00,-1.20,-37.05,4.63,0.17
-2431.84,0.00,23.21,0.00,-1942.47,-17.41,10.90,2.07,22.09,0.00,5.64,0.00,2.82,-37.66,4.96,0.16
-2421.84,0.00,25.69,0.00,-1939.40,-39.37,13.88,2.16,23.49,0.00,5.69,0.00,7.23,-37.69,5.24,0.16
-2400.68,0.00,30.57,0.00,-1939.40,-39.37,13.88,2.16,26.08,0.00,5.75,0.00,7.23,-37.69,5.24,0.16
-2386.04,0.00,33.70,0.00,-1934.70,-58.37,16.59,2.24,27.64,0.00,5.78,0.00,10.86,-37.16,5.41,0.15
-2372.46,0.00,36.47,0.00,-1927.86,-77.90,19.51,2.32,28.95,0.00,5.79,0.00,14.37,-36.17,5.54,0.15
-2358.25,0.00,39.25,0.00,-1918.48,-98.24,22.73,2.41,30.22,0.00,5.81,0.00,17.82,-34.68,5.63,0.14
-2344.50,0.00,41.84,0.00,-1909.61,-113.87,25.35,2.47,31.34,0.00,5.81,0.00,20.31,-33.20,5.69,0.14
-2328.79,0.00,44.70,0.00,-1901.42,-126.32,27.53,2.53,32.52,0.00,5.82,0.00,22.18,-31.83,5.72,0.14
-2314.66,0.00,47.19,0.00,-1888.87,-142.72,30.60,2.60,33.50,0.00,5.82,0.00,24.50,-29.78,5.76,0.13
-2298.20,0.00,50.00,0.00,-1878.36,-155.84,33.48,2.67,34.56,0.00,5.83,0.00,18.19,-23.66,5.78,0.14
-2277.02,0.00,53.50,0.00,-1870.86,-166.60,36.46,2.74,35.80,0.00,5.83,0.00,11.60,-18.89,5.79,0.15
-2259.95,0.00,56.24,0.00,-1866.73,-175.43,39.50,2.82,36.72,0.00,5.83,0.00,4.85,-15.46,5.81,0.16
-2239.94,0.00,59.37,0.00,-1865.97,-181.60,41.99,2.89,37.70,0.00,5.83,0.00,-0.78,-13.65,5.81,0.17
-2218.30,0.00,62.67,0.00,-1868.23,-187.04,45.11,2.94,38.67,0.00,5.83,0.00,-7.29,-7.57,5.82,0.03
-2198.23,0.00,65.66,0.00,-1874.90,-189.54,48.48,2.93,39.50,0.00,5.83,0.00,-14.98,-1.61,5.82,-0.09
-2179.36,0.00,68.42,0.00,-1884.35,-188.75,51.46,2.87,40.22,0.00,5.83,0.00,-21.21,4.23,5.83,-0.13
-2158.65,0.00,71.39,0.00,-1896.08,-185.05,54.31,2.80,40.94,0.00,5.83,0.00,-26.17,10.40,5.83,-0.14
-2137.56,0.00,74.37,0.00,-1911.68,-177.27,57.49,2.73,41.62,0.00,5.83,0.00,-30.50,17.50,5.83,-0.13
-2115.33,0.00,77.46,0.00,-1929.78,-166.55,60.60,2.68,42.28,0.00,5.83,0.00,-36.62,22.01,5.83,-0.06
-2097.52,0.00,79.90,0.00,-1949.93,-155.34,63.56,2.68,42.77,0.00,5.83,0.00,-42.23,21.81,5.83,0.05
-2078.56,0.00,82.47,0.00,-1975.11,-144.03,66.78,2.72,43.25,0.00,5.83,0.00,-48.57,19.22,5.83,0.10
-2058.41,0.00,85.17,0.00,-1999.63,-134.82,69.56,2.76,43.73,0.00,5.83,0.00,-53.65,19.50,5.83,0.05
-2037.23,0.00,87.98,0.00,-2027.97,-123.71,72.58,2.75,44.20,0.00,5.83,0.00,-55.30,23.41,5.83,-0.06
-2015.12,0.00,90.88,0.00,-2054.14,-111.28,75.34,2.72,44.65,0.00,5.83,0.00,-55.37,28.81,5.83,-0.10
-1994.13,0.00,93.61,0.00,-2079.41,-96.71,78.01,2.67,45.05,0.00,5.83,0.00,-54.74,34.11,5.83,-0.10
-1970.89,0.00,96.60,0.00,-2107.09,-77.74,80.99,2.62,45.46,0.00,5.83,0.00,-53.69,39.50,5.83,-0.10
-1946.21,0.00,99.75,0.00,-2134.59,-55.26,84.25,2.56,45.85,0.00,5.83,0.00,-45.72,40.72,5.83,-0.11
-1926.19,0.00,102.29,0.00,-2160.77,-28.49,88.03,2.48,46.15,0.00,5.83,0.00,-36.22,41.64,5.83,-0.13
-1903.04,0.00,105.20,0.00,-2177.98,-4.59,91.33,2.40,46.47,0.00,5.83,0.00,-25.67,42.31,5.83,-0.17
-1880.17,0.00,108.06,0.00,-2187.67,14.86,94.03,2.31,46.76,0.00,5.83,0.00,-17.19,41.59,5.83,-0.18
-1856.08,0.00,111.06,0.00,-2194.00,35.14,96.95,2.22,47.05,0.00,5.83,0.00,-9.09,39.48,5.83,-0.19
-1832.78,0.00,113.94,0.00,-2196.42,52.72,99.65,2.13,47.30,0.00,5.83,0.00,-2.16,36.59,5.83,-0.20
-1808.87,0.00,116.88,0.00,-2195.47,71.06,102.77,2.02,47.54,0.00,5.83,0.00,4.85,32.27,5.83,-0.21
-1786.29,0.00,119.64,0.00,-2190.73,87.67,106.08,1.90,47.75,0.00,5.83,0.00,11.09,26.75,5.83,-0.22
-1758.58,0.00,123.02,0.00,-2184.24,99.17,108.89,1.79,47.99,0.00,5.83,0.00,15.33,21.45,5.83,-0.23
-1735.22,0.00,125.85,0.00,-2175.77,108.15,111.76,1.68,48.17,0.00,5.83,0.00,18.60,15.56,5.83,-0.24
-1710.63,0.00,128.82,0.00,-2165.42,114.38,114.79,1.55,48.35,0.00,5.83,0.00,20.81,8.99,5.83,-0.25
-1691.85,0.00,131.08,0.00,-2155.03,117.08,117.63,1.42,48.48,0.00,5.83,0.00,21.65,2.68,5.83,-0.27
-1665.23,0.00,134.28,0.00,-2144.39,116.67,120.52,1.29,48.64,0.00,5.83,0.00,21.20,-3.70,5.83,-0.28
-1639.19,0.00,137.40,0.00,-2133.76,112.85,123.58,1.14,48.79,0.00,5.83,0.00,19.24,-10.16,5.83,-0.30
-1612.09,0.00,140.63,0.00,-2125.00,106.23,126.53,0.99,48.94,0.00,5.83,0.00,15.60,-15.33,5.83,-0.28
-1586.74,0.00,143.65,0.00,-2117.79,96.26,129.82,0.84,49.06,0.00,5.83,0.00,10.36,-19.36,5.83,-0.25
-1566.20,0.00,146.09,0.00,-2113.61,84.14,133.22,0.70,49.15,0.00,5.83,0.00,4.55,-21.73,5.83,-0.23
-1540.46,0.00,149.14,0.00,-2112.75,71.64,136.50,0.58,49.26,0.00,5.83,0.00,-0.88,-22.62,5.83,-0.21
-1515.74,0.00,152.06,0.00,-2114.16,61.52,139.12,0.49,49.35,0.00,5.83,0.00,-4.90,-22.39,5.83,-0.19
-1486.83,0.00,155.48,0.00,-2118.18,49.50,142.31,0.39,49.46,0.00,5.83,0.00,-9.27,-21.57,5.83,-0.18
-1462.27,0.00,158.37,0.00,-2123.66,39.24,145.17,0.30,49.53,0.00,5.83,0.00,-12.71,-20.41,5.83,-0.17
-1437.97,0.00,161.23,0.00,-2127.62,31.11,147.75,0.23,49.61,0.00,5.83,0.00,-5.83,-17.05,5.83,-0.17
-1412.55,0.00,164.22,0.00,-2128.37,23.76,150.44,0.15,49.68,0.00,5.83,0.00,1.81,-15.24,5.83,-0.19
-1383.38,0.00,167.64,0.00,-2125.38,16.69,153.21,0.05,49.75,0.00,5.83,0.00,10.00,-14.77,5.83,-0.19
-1359.02,0.00,170.49,0.00,-2117.22,8.69,156.33,-0.04,49.81,0.00,5.83,0.00,19.55,-15.32,5.83,-0.16
-1337.48,0.00,173.01,0.00,-2103.39,0.85,159.44,-0.10,49.85,0.00,5.83,0.00,31.21,-14.43,5.83,-0.08
-1312.07,0.00,175.98,0.00,-2085.69,-6.09,162.24,-0.13,49.91,0.00,5.83,0.00,41.52,-14.61,5.83,-0.05
-1285.53,0.00,179.08,0.00,-2060.19,-13.10,165.39,-0.13,49.95,0.00,5.83,0.00,51.64,-11.34,5.83,0.06
-1254.62,0.00,182.69,0.00,-2037.43,-16.93,167.78,-0.10,50.01,0.00,5.83,0.00,58.94,-7.61,5.83,0.10
-1230.13,0.00,185.55,0.00,-2003.34,-19.32,170.90,-0.04,50.04,0.00,5.83,0.00,67.49,-1.78,5.83,0.10
-1207.92,0.00,188.13,0.00,-1965.97,-18.50,173.95,0.01,50.08,0.00,5.83,0.00,74.53,4.31,5.83,0.09
-1178.88,0.00,191.52,0.00,-1928.82,-15.85,176.71,0.04,50.11,0.00,5.83,0.00,81.42,6.44,5.83,0.04
-1154.23,0.00,194.38,0.00,-1889.65,-12.53,179.41,0.05,50.14,0.00,5.83,0.00,87.32,7.73,5.83,0.03
-1129.89,0.00,197.21,0.00,-1849.26,-9.64,182.04,0.05,50.17,0.00,5.83,0.00,91.23,4.80,5.83,-0.06
-1105.42,0.00,200.06,0.00,-1805.03,-8.77,184.81,0.01,50.20,0.00,5.83,0.00,94.56,-0.77,5.83,-0.08
-1083.23,0.00,202.64,0.00,-1765.02,-9.63,187.23,-0.01,50.22,0.00,5.83,0.00,98.03,-2.89,5.83,-0.04
-1057.84,0.00,205.58,0.00,-1720.17,-11.27,189.85,-0.02,50.24,0.00,5.83,0.00,101.20,-4.22,5.83,-0.02
-1035.44,0.00,208.18,0.00,-1670.73,-12.56,192.68,-0.01,50.26,0.00,5.83,0.00,102.73,-0.72,5.83,0.06
-1013.99,0.00,210.67,0.00,-1618.87,-12.26,195.58,0.01,50.28,0.00,5.83,0.00,105.23,1.47,5.83,0.03
-988.30,0.00,213.65,0.00,-1558.27,-10.94,198.90,0.02,50.29,0.00,5.83,0.00,107.54,2.92,5.83,0.02
-959.61,0.00,216.98,0.00,-1505.20,-9.26,201.75,0.03,50.31,0.00,5.83,0.00,108.97,3.80,5.83,0.01
-939.52,0.00,219.31,0.00,-1453.20,-7.27,204.53,0.03,50.33,0.00,5.83,0.00,109.78,4.48,5.83,0.01
-908.35,0.00,222.92,0.00,-1396.69,-4.80,207.52,0.04,50.34,0.00,5.83,0.00,110.48,5.08,5.83,0.01
-886.11,0.00,225.50,0.00,-1331.87,-1.64,210.94,0.04,50.35,0.00,5.83,0.00,110.69,5.64,5.83,0.01
-860.75,0.00,228.43,0.00,-1280.51,0.10,213.66,0.03,50.37,0.00,5.83,0.00,109.51,1.55,5.83,-0.06
-833.93,0.00,231.54,0.00,-1216.50,0.06,217.07,0.01,50.38,0.00,5.83,0.00,109.58,-1.00,5.83,-0.03
-810.50,0.00,234.25,0.00,-1160.11,-0.80,220.07,-0.01,50.39,0.00,5.83,0.00,109.30,-2.15,5.83,-0.02
-783.47,0.00,237.38,0.00,-1091.96,-2.48,223.72,-0.02,50.40,0.00,5.83,0.00,108.75,-3.09,5.83,-0.01
-763.05,0.00,239.74,0.00,-1036.84,-4.22,226.69,-0.02,50.41,0.00,5.83,0.00,108.03,-3.65,5.83,-0.01
-741.61,0.00,242.22,0.00,-982.31,-6.19,229.65,-0.03,50.41,0.00,5.83,0.00,107.18,-4.09,5.83,-0.01
-717.00,0.00,245.07,0.00,-929.38,-7.20,232.56,-0.01,50.42,0.00,5.83,0.00,104.92,0.32,5.83,0.07
-689.85,0.00,248.21,0.00,-869.45,-6.09,235.91,0.01,50.43,0.00,5.83,0.00,104.04,2.87,5.83,0.03
-645.38,0.00,252.99,0.00,-869.45,-6.09,235.91,0.01,50.44,0.00,4.33,0.00,104.04,2.87,5.83,0.03
-618.05,0.00,254.88,0.00,-815.01,-4.22,238.97,0.03,50.45,0.00,2.83,0.00,103.23,4.07,5.83,0.02
-592.62,0.00,255.97,0.00,-757.12,-1.64,242.26,0.04,50.45,0.00,1.66,0.00,102.28,4.92,5.83,0.01
-567.98,0.00,256.50,0.00,-711.07,0.71,244.90,0.04,50.46,0.00,0.64,0.00,101.43,5.43,5.83,0.01
-539.34,0.00,256.51,0.00,-663.56,2.40,247.66,0.03,50.46,0.00,-0.50,0.00,99.31,1.45,5.83,-0.07
-514.62,0.00,256.01,0.00,-612.85,1.36,250.68,-0.01,50.46,0.00,-1.45,0.00,97.03,-4.85,5.83,-0.08
-514.62,0.00,256.01,0.00,-533.97,-4.26,255.78,-0.05,50.46,0.00,-1.45,0.00,84.42,-7.15,5.83,-0.03
-488.79,0.00,255.00,0.00,-494.87,-7.79,258.13,-0.06,50.47,0.00,-2.37,0.00,78.71,-7.43,4.15,-0.02
-468.39,0.00,253.90,0.00,-458.34,-11.40,259.76,-0.07,50.47,0.00,-3.01,0.00,73.65,-7.52,2.83,-0.02
-443.81,0.00,252.25,0.00,-420.50,-15.41,260.90,-0.07,50.47,0.00,-3.67,0.00,68.67,-7.50,1.59,-0.01
-388.17,0.00,247.55,0.00,-420.50,-15.41,260.90,-0.07,50.48,0.00,-4.71,0.00,68.67,-7.50,1.59,-0.01
-388.17,0.00,247.55,0.00,-356.22,-22.82,261.41,-0.09,50.48,0.00,-4.71,0.00,60.78,-7.31,-0.44,-0.01
-364.39,0.00,245.71,0.00,-326.32,-26.49,260.91,-0.09,50.48,0.00,-3.31,0.00,57.33,-7.18,-1.43,-0.01
-334.66,0.00,244.23,0.00,-302.28,-29.56,260.11,-0.09,50.49,0.00,-1.89,0.00,54.65,-7.06,-2.21,-0.01
-307.39,0.00,243.56,0.00,-276.73,-32.92,258.83,-0.10,50.49,0.00,-0.74,0.00,51.88,-6.92,-2.99,-0.01
-280.73,0.00,243.47,0.00,-248.12,-36.80,256.88,-0.10,50.49,0.00,0.32,0.00,48.87,-6.74,-3.75,-0.01
-254.97,0.00,243.92,0.00,-225.98,-39.90,255.01,-0.11,50.49,0.00,1.32,0.00,46.61,-6.60,-4.25,-0.01
-233.54,0.00,244.66,0.00,-200.89,-43.51,252.51,-0.11,50.49,0.00,2.10,0.00,44.11,-6.43,-4.70,-0.01
-205.62,0.00,246.10,0.00,-180.53,-46.51,250.20,-0.11,50.49,0.00,2.99,0.00,42.13,-6.28,-5.00,-0.01
-180.57,0.00,247.77,0.00,-163.35,-49.10,248.07,-0.12,50.50,0.00,3.67,0.00,40.49,-6.16,-5.20,-0.01
-155.17,0.00,249.78,0.00,-149.01,-51.30,246.44,-0.12,50.50,0.00,4.22,0.00,39.14,-6.05,-4.01,-0.01
-131.07,0.00,251.90,0.00,-131.50,-54.04,244.92,-0.12,50.50,0.00,4.62,0.00,37.50,-5.91,-2.78,-0.01
-103.55,0.00,253.93,0.00,-113.65,-56.88,243.87,-0.12,50.50,0.00,3.05,0.00,35.86,-5.77,-1.65,-0.01
-72.38,0.00,255.30,0.00,-94.48,-60.00,243.31,-0.13,50.50,0.00,1.60,0.00,34.12,-5.61,-0.51,-0.01
-45.21,0.00,255.83,0.00,-78.74,-62.62,243.32,-0.13,50.50,0.00,0.48,0.00,32.70,-5.48,0.44,-0.00
-22.65,0.00,255.83,0.00,-62.66,-65.34,243.82,-0.13,50.50,0.00,-0.41,0.00,31.27,-5.34,1.42,-0.00
0.42,0.00,255.41,0.00,-46.66,-68.10,244.84,-0.13,50.50,0.00,-1.31,0.00,29.85,-5.20,2.36,-0.00
27.46,0.00,254.42,0.00,-31.37,-70.79,246.32,-0.14,50.50,0.00,-2.28,0.00,28.50,-5.05,3.18,-0.00
54.05,0.00,252.98,0.00,-16.89,-73.38,248.17,-0.14,50.50,0.00,-3.11,0.00,27.22,-4.92,3.85,-0.00
81.61,0.00,251.06,0.00,-3.84,-75.12,250.24,-0.12,50.51,0.00,-3.82,0.00,25.21,-2.16,4.35,0.07
105.40,0.00,249.13,0.00,6.89,-73.86,252.37,-0.05,50.51,0.00,-4.31,0.00,21.10,6.73,4.72,0.22
131.19,0.00,247.35,0.00,16.25,-67.86,254.38,0.07,50.51,0.00,-2.88,0.00,14.87,14.77,3.17,0.25
155.11,0.00,246.27,0.00,21.86,-59.06,255.64,0.20,50.51,0.00,-1.78,0.00,7.93,19.17,1.96,0.26
184.04,0.00,245.64,0.00,23.87,-49.88,256.28,0.32,50.51,0.00,-0.58,0.00,1.50,20.70,0.98,0.27
209.25,0.00,245.63,0.00,22.49,-38.62,256.49,0.46,50.51,0.00,0.42,0.00,-5.76,20.01,-0.13,0.28
238.90,0.00,246.25,0.00,18.56,-29.96,256.20,0.59,50.51,0.00,1.56,0.00,-10.73,17.70,-1.04,0.28
262.40,0.00,247.19,0.00,14.29,-24.14,255.69,0.69,50.51,0.00,2.39,0.00,-12.79,14.96,-1.72,0.25
288.39,0.00,248.65,0.00,10.27,-17.85,254.72,0.76,50.51,0.00,3.19,0.00,-5.75,13.62,-2.50,0.08
318.84,0.00,250.83,0.00,7.55,-11.66,252.81,0.76,50.51,0.00,3.95,0.00,-3.23,7.13,-3.44,-0.09
339.02,0.00,252.17,0.00,6.45,-9.46,251.12,0.70,50.51,0.00,2.87,0.00,-1.87,3.08,-3.98,-0.18
363.96,0.00,253.26,0.00,5.74,-9.12,249.50,0.59,50.51,0.00,1.72,0.00,-1.20,-1.30,-2.64,-0.23
390.47,0.00,253.84,0.00,5.06,-10.98,248.48,0.48,50.51,0.00,0.62,0.00,-1.58,-5.47,-1.48,-0.23
415.08,0.00,253.88,0.00,3.71,-15.34,248.01,0.35,50.51,0.00,-0.36,0.00,-3.18,-9.26,-0.30,-0.21
443.22,0.00,253.35,0.00,4.02,-19.96,248.14,0.24,50.51,0.00,-1.45,0.00,3.67,-9.32,0.70,-0.21
468.47,0.00,252.37,0.00,7.55,-24.62,248.73,0.14,50.51,0.00,-2.34,0.00,10.30,-10.06,1.63,-0.20
490.96,0.00,251.16,0.00,15.12,-30.26,249.86,0.05,50.51,0.00,-3.05,0.00,17.65,-11.37,2.55,-0.17
518.48,0.00,249.27,0.00,27.35,-36.04,251.47,-0.02,50.51,0.00,-3.77,0.00,27.04,-10.37,3.35,-0.08
544.83,0.00,247.71,0.00,43.89,-40.44,252.86,-0.03,50.51,0.00,-2.42,0.00,34.98,-6.62,2.06,0.04
572.52,0.00,246.75,0.00,61.27,-42.43,253.54,0.00,50.51,0.00,-1.21,0.00,41.64,-2.46,1.09,0.10
594.83,0.00,246.44,0.00,83.41,-42.21,253.80,0.05,50.51,0.00,-0.30,0.00,48.27,2.95,0.10,0.11
622.95,0.00,246.61,0.00,113.21,-38.36,253.50,0.12,50.51,0.00,0.81,0.00,54.93,9.84,-1.04,0.11
649.69,0.00,247.34,0.00,140.72,-32.99,252.79,0.15,50.51,0.00,1.81,0.00,61.44,12.54,-1.92,0.05
677.64,0.00,248.63,0.00,168.16,-27.89,251.79,0.16,50.51,0.00,2.75,0.00,66.22,11.05,-2.64,-0.04
677.64,0.00,248.63,0.00,237.26,-21.62,248.53,0.08,50.51,0.00,2.75,0.00,75.72,1.79,-3.95,-0.09
703.41,0.00,250.25,0.00,282.30,-22.48,246.75,0.03,50.51,0.00,3.48,0.00,79.76,-4.10,-2.43,-0.09
757.67,0.00,252.52,0.00,282.30,-22.48,246.75,0.03,50.51,0.00,0.99,0.00,79.76,-4.10,-2.43,-0.09
757.67,0.00,252.52,0.00,357.55,-26.35,245.50,0.00,50.51,0.00,0.99,0.00,85.78,-2.15,-0.49,0.05
782.09,0.00,252.73,0.00,396.21,-26.10,245.50,0.03,50.51,0.00,0.01,0.00,87.45,2.98,0.40,0.08
809.47,0.00,252.41,0.00,433.07,-24.30,245.85,0.06,50.51,0.00,-1.07,0.00,89.92,5.23,1.21,0.04
835.13,0.00,251.61,0.00,480.84,-21.05,246.76,0.07,50.51,0.00,-2.01,0.00,92.58,6.92,2.17,0.02
862.84,0.00,250.22,0.00,538.16,-18.10,248.44,0.06,50.51,0.00,-2.92,0.00,93.70,2.21,3.15,-0.07
886.05,0.00,248.72,0.00,586.41,-17.61,250.23,0.03,50.51,0.00,-3.56,0.00,95.53,0.22,3.81,-0.03
910.69,0.00,247.32,0.00,630.45,-16.84,251.68,0.04,50.51,0.00,-2.32,0.00,95.28,3.44,2.60,0.06
933.71,0.00,246.52,0.00,680.46,-13.16,252.69,0.08,50.51,0.00,-1.31,0.00,94.53,10.03,1.41,0.08
958.27,0.00,246.15,0.00,725.41,-6.81,253.11,0.12,50.51,0.00,-0.32,0.00,93.41,15.83,0.42,0.08
985.02,0.00,246.29,0.00,770.54,1.38,253.06,0.14,50.51,0.00,0.74,0.00,94.01,17.69,-0.54,0.04
1007.87,0.00,246.84,0.00,821.00,9.79,252.45,0.13,50.51,0.00,1.61,0.00,93.68,13.20,-1.58,-0.07
1033.66,0.00,247.92,0.00,859.11,13.61,251.61,0.09,50.51,0.00,2.50,0.00,86.94,5.50,-2.33,-0.10
1056.69,0.00,249.24,0.00,901.22,13.24,250.18,0.03,50.51,0.00,3.20,0.00,78.12,-5.52,-3.14,-0.13
1082.99,0.00,251.10,0.00,941.26,6.87,248.85,-0.05,50.51,0.00,3.86,0.00,67.72,-15.88,-1.82,-0.16
1106.29,0.00,252.56,0.00,974.57,-0.75,248.25,-0.09,50.51,0.00,2.64,0.00,70.60,-15.68,-0.80,-0.05
1132.69,0.00,253.60,0.00,1008.40,-7.23,248.12,-0.10,50.51,0.00,1.46,0.00,72.41,-11.80,0.15,0.05
1160.82,0.00,254.06,0.00,1041.40,-11.28,248.40,-0.06,50.51,0.00,0.31,0.00,74.10,-6.61,1.04,0.09
1187.18,0.00,253.92,0.00,1074.52,-12.89,249.11,-0.02,50.51,0.00,-0.73,0.00,69.20,-0.97,1.91,0.09
1213.14,0.00,253.26,0.00,1110.31,-11.60,250.42,0.03,50.51,0.00,-1.71,0.00,63.69,5.03,2.82,0.09
1238.02,0.00,252.18,0.00,1138.15,-8.19,251.87,0.07,50.51,0.00,-2.57,0.00,59.18,9.39,3.46,0.10
1263.52,0.00,250.67,0.00,1165.96,-2.48,253.23,0.12,50.51,0.00,-3.32,0.00,54.44,13.33,2.24,0.10
1290.80,0.00,248.68,0.00,1194.61,6.05,254.10,0.18,50.51,0.00,-3.98,0.00,49.27,16.88,1.03,0.10
1311.29,0.00,247.31,0.00,1215.40,14.07,254.33,0.22,50.51,0.00,-2.88,0.00,45.31,19.13,0.13,0.10
1338.31,0.00,246.14,0.00,1232.52,21.98,254.21,0.26,50.51,0.00,-1.64,0.00,41.88,20.79,-0.65,0.11
1369.19,0.00,245.57,0.00,1251.36,32.30,253.66,0.31,50.51,0.00,-0.37,0.00,37.86,22.43,-1.57,0.11
1392.05,0.00,245.63,0.00,1270.72,45.03,252.51,0.37,50.51,0.00,0.53,0.00,33.39,23.90,-2.53,0.11
1417.47,0.00,246.17,0.00,1287.32,58.13,250.91,0.44,50.51,0.00,1.51,0.00,29.17,24.95,-3.33,0.12
1445.00,0.00,247.29,0.00,1303.04,68.48,248.86,0.42,50.51,0.00,2.47,0.00,28.08,13.30,-4.01,-0.17
1472.73,0.00,248.90,0.00,1316.56,72.08,247.26,0.32,50.51,0.00,3.31,0.00,26.90,2.52,-2.69,-0.21
1498.38,0.00,250.76,0.00,1330.08,70.52,246.18,0.21,50.51,0.00,3.93,0.00,23.63,-6.99,-1.47,-0.22
1528.77,0.00,252.59,0.00,1341.94,64.42,245.72,0.09,50.51,0.00,2.36,0.00,18.62,-13.54,-0.31,-0.22
1553.35,0.00,253.45,0.00,1349.25,57.51,245.80,-0.01,50.51,0.00,1.29,0.00,14.18,-16.59,0.59,-0.22
1575.55,0.00,253.79,0.00,1355.00,48.81,246.36,-0.12,50.51,0.00,0.39,0.00,9.45,-18.19,1.55,-0.21
1599.65,0.00,253.73,0.00,1358.15,41.07,247.19,-0.20,50.51,0.00,-0.57,0.00,5.89,-18.41,2.30,-0.20
1623.59,0.00,253.22,0.00,1360.12,31.97,248.58,-0.30,50.51,0.00,-1.49,0.00,2.32,-17.80,3.10,-0.19
1645.45,0.00,252.39,0.00,1362.50,22.92,250.25,-0.39,50.51,0.00,-2.27,0.00,7.03,-19.56,3.74,-0.17
1673.30,0.00,250.87,0.00,1366.16,14.30,252.44,-0.44,50.51,0.00,-3.13,0.00,6.77,-13.40,4.31,0.00
1697.27,0.00,249.21,0.00,1371.93,7.82,254.22,-0.41,50.51,0.00,-3.76,0.00,15.01,-12.05,2.88,0.11
1716.54,0.00,247.99,0.00,1379.73,3.06,255.37,-0.34,50.51,0.00,-2.75,0.00,14.92,-6.81,1.67,0.15
1744.85,0.00,246.86,0.00,1388.62,0.43,255.90,-0.27,50.51,0.00,-1.47,0.00,22.28,-4.47,0.69,0.16
1766.09,0.00,246.44,0.00,1404.69,-0.96,255.92,-0.18,50.51,0.00,-0.60,0.00,30.98,-0.51,-0.49,0.14
1793.74,0.00,246.45,0.00,1420.67,-0.36,255.46,-0.11,50.51,0.00,0.50,0.00,37.21,2.78,-1.40,0.13
1816.41,0.00,246.89,0.00,1444.56,2.53,254.31,-0.04,50.51,0.00,1.37,0.00,44.27,6.78,-2.44,0.12
1845.67,0.00,248.02,0.00,1468.65,6.01,252.88,-0.00,50.51,0.00,2.41,0.00,51.39,7.05,-3.20,0.06
1867.57,0.00,249.23,0.00,1495.20,9.45,251.16,0.02,50.51,0.00,3.09,0.00,57.87,7.22,-3.82,0.04
1893.21,0.00,250.99,0.00,1523.66,12.08,249.23,0.02,50.51,0.00,3.76,0.00,62.46,3.92,-4.31,-0.06
1923.09,0.00,252.70,0.00,1554.82,12.67,247.53,-0.02,50.51,0.00,2.24,0.00,66.71,-1.14,-2.96,-0.09
1948.94,0.00,253.53,0.00,1589.07,11.42,246.39,-0.05,50.51,0.00,1.13,0.00,71.92,-3.49,-1.80,-0.04
1976.22,0.00,253.81,0.00,1623.93,9.38,245.80,-0.07,50.51,0.00,0.03,0.00,76.29,-4.99,-0.81,-0.03
2000.71,0.00,253.57,0.00,1662.02,7.61,245.67,-0.06,50.51,0.00,-0.93,0.00,79.10,-1.97,0.17,0.06
2028.54,0.00,252.74,0.00,1702.41,8.03,246.03,-0.02,50.51,0.00,-1.97,0.00,81.47,3.24,1.16,0.09
2053.31,0.00,251.55,0.00,1742.92,10.11,246.84,0.01,50.51,0.00,-2.79,0.00,84.65,4.87,2.06,0.04
2073.97,0.00,250.27,0.00,1791.59,13.16,248.29,0.03,50.51,0.00,-3.38,0.00,87.73,5.81,2.98,0.02
2096.86,0.00,248.60,0.00,1836.77,15.19,250.02,0.01,50.51,0.00,-3.93,0.00,88.64,1.87,3.67,-0.07
2119.42,0.00,247.15,0.00,1880.70,14.41,251.48,-0.03,50.51,0.00,-2.74,0.00,88.93,-4.54,2.41,-0.09
2145.78,0.00,246.07,0.00,1919.00,11.11,252.29,-0.06,50.51,0.00,-1.54,0.00,88.71,-10.14,1.44,-0.09
2172.67,0.00,245.57,0.00,1966.15,3.88,252.73,-0.11,50.51,0.00,-0.44,0.00,88.07,-16.20,0.35,-0.09
2201.49,0.00,245.68,0.00,2009.61,-4.52,252.64,-0.14,50.51,0.00,0.70,0.00,89.23,-17.69,-0.63,-0.04
2224.11,0.00,246.21,0.00,2053.78,-12.15,252.02,-0.13,50.51,0.00,1.56,0.00,81.77,-11.57,-1.63,0.08
2250.17,0.00,247.27,0.00,2098.52,-14.57,250.74,-0.06,50.51,0.00,2.47,0.00,72.93,1.91,-2.64,0.14
2274.99,0.00,248.70,0.00,2132.11,-10.64,249.24,0.02,50.51,0.00,3.22,0.00,64.45,12.49,-3.37,0.16
2303.38,0.00,250.74,0.00,2162.20,-3.76,247.92,0.08,50.51,0.00,3.93,0.00,59.20,15.10,-2.16,0.10
2328.71,0.00,252.33,0.00,2197.54,3.79,247.07,0.09,50.51,0.00,2.60,0.00,62.63,11.02,-0.91,-0.04
2350.35,0.00,253.21,0.00,2230.81,7.97,246.90,0.06,50.51,0.00,1.62,0.00,65.58,5.49,0.13,-0.09
2396.33,0.00,253.78,0.00,2230.81,7.97,246.90,0.06,50.51,0.00,-0.24,0.00,65.58,5.49,0.13,-0.09
2396.33,0.00,253.78,0.00,2288.80,8.87,247.83,-0.01,50.51,0.00,-0.24,0.00,61.20,-1.44,1.85,-0.05
2422.81,0.00,253.36,0.00,2317.42,7.80,248.98,-0.04,50.51,0.00,-1.27,0.00,55.44,-2.65,2.69,-0.04
2441.84,0.00,252.73,0.00,2345.44,6.12,250.66,-0.05,50.51,0.00,-1.97,0.00,49.72,-3.50,3.47,-0.03
2486.28,0.00,250.33,0.00,2345.44,6.12,250.66,-0.05,50.51,0.00,-3.35,0.00,49.72,-3.50,3.47,-0.03
2509.30,0.00,248.66,0.00,2369.54,4.16,252.07,-0.07,50.51,0.00,-3.91,0.00,44.67,-4.06,2.19,-0.03
2532.47,0.00,247.18,0.00,2389.40,2.15,252.83,-0.08,50.51,0.00,-2.69,0.00,40.35,-4.43,1.16,-0.03
2555.31,0.00,246.23,0.00,2409.02,-0.23,253.13,-0.10,50.51,0.00,-1.65,0.00,35.88,-4.72,0.11,-0.03
2582.62,0.00,245.67,0.00,2423.95,-2.35,252.96,-0.11,50.51,0.00,-0.53,0.00,32.28,-4.88,-0.77,-0.03
2604.59,0.00,245.65,0.00,2438.01,-4.64,252.38,-0.12,50.51,0.00,0.34,0.00,28.66,-4.98,-1.66,-0.03
2630.19,0.00,246.10,0.00,2450.72,-7.02,251.36,-0.14,50.51,0.00,1.34,0.00,25.10,-5.00,-2.49,-0.03
2652.93,0.00,246.91,0.00,2460.91,-9.20,250.11,-0.15,50.51,0.00,2.16,0.00,21.96,-4.96,-3.16,-0.03
2679.11,0.00,248.27,0.00,2470.77,-9.43,248.39,-0.11,50.51,0.00,2.99,0.00,18.50,3.42,-3.80,0.19
2703.03,0.00,249.86,0.00,2479.89,-5.74,246.13,-0.01,50.51,0.00,3.64,0.00,15.03,9.24,-4.36,0.19
2728.85,0.00,251.89,0.00,2490.61,-0.52,244.20,0.07,50.51,0.00,4.20,0.00,22.70,9.53,-2.81,0.09
2756.63,0.00,253.73,0.00,2502.77,3.37,243.16,0.09,50.51,0.00,2.70,0.00,28.25,7.10,-1.71,-0.02
2779.34,0.00,254.68,0.00,2520.31,6.15,242.57,0.05,50.51,0.00,1.67,0.00,34.79,3.15,-0.56,-0.10
2803.61,0.00,255.22,0.00,2538.30,6.52,242.55,-0.00,50.51,0.00,0.66,0.00,40.00,-1.29,0.39,-0.12
2827.18,0.00,255.29,0.00,2556.69,5.56,242.92,-0.04,50.51,0.00,-0.27,0.00,45.58,-2.95,1.23,-0.06
2852.36,0.00,254.88,0.00,2577.81,3.95,243.65,-0.06,50.51,0.00,-1.25,0.00,50.95,-4.28,2.03,-0.04
2877.43,0.00,254.01,0.00,2606.29,2.37,244.99,-0.06,50.51,0.00,-2.16,0.00,55.74,-1.44,2.91,0.06
2900.91,0.00,252.80,0.00,2634.92,2.89,246.62,-0.01,50.51,0.00,-2.92,0.00,59.71,3.21,3.59,0.10
2923.62,0.00,251.33,0.00,2668.98,5.22,248.76,0.02,50.51,0.00,-3.54,0.00,65.06,4.98,4.20,0.04
2950.47,0.00,249.27,0.00,2699.46,7.71,250.76,0.04,50.51,0.00,-4.15,0.00,69.05,5.88,4.59,0.03
2979.44,0.00,247.39,0.00,2736.49,9.81,252.72,0.03,50.51,0.00,-2.60,0.00,71.74,1.91,3.07,-0.07
3000.00,0.00,246.49,0.00,2768.04,9.39,253.80,-0.01,50.51,0.00,-1.60,0.00,73.50,-3.43,2.03,-0.10
3000.00,0.00,245.98,0.00,2805.11,5.93,254.51,-0.06,50.51,0.00,-0.56,0.00,74.80,-9.73,0.96,-0.10
3000.00,0.00,246.00,0.00,2840.62,-1.64,254.71,-0.13,50.51,0.00,0.50,0.00,65.25,-18.74,-0.07,-0.15
3000.00,0.00,246.53,0.00,2875.90,-14.38,254.28,-0.21,50.51,0.00,1.48,0.00,53.31,-22.73,-1.26,-0.13
3000.00,0.00,247.53,0.00,2898.92,-25.70,253.45,-0.27,50.51,0.00,2.38,0.00,44.60,-24.62,-2.13,-0.13
3000.00,0.00,248.63,0.00,2920.01,-39.26,252.05,-0.34,50.51,0.00,3.02,0.00,35.30,-25.83,-3.00,-0.14
3000.00,0.00,250.38,0.00,2937.96,-52.31,250.26,-0.39,50.51,0.00,3.71,0.00,33.26,-23.99,-3.70,-0.06
3000.00,0.00,251.73,0.00,2954.83,-64.38,248.72,-0.42,50.51,0.00,2.56,0.00,31.61,-22.48,-2.36,-0.04
3000.00,0.00,252.72,0.00,2973.32,-77.47,247.74,-0.44,50.51,0.00,1.39,0.00,29.86,-21.07,-1.04,-0.03
3000.00,0.00,253.14,0.00,2989.21,-88.67,247.51,-0.45,50.51,0.00,0.27,0.00,28.37,-19.99,0.06,-0.02
3000.00,0.00,252.96,0.00,2998.38,-98.47,247.83,-0.46,50.51,0.00,-0.81,0.00,27.05,-19.10,1.08,-0.02
3000.00,0.00,252.27,0.00,2998.04,-108.50,248.77,-0.48,50.51,0.00,-1.78,0.00,25.66,-18.20,2.13,-0.02
3000.00,0.00,251.30,0.00,2997.79,-115.13,249.84,-0.47,50.51,0.00,-2.55,0.00,24.75,-15.35,2.82,0.05
3000.00,0.00,249.73,0.00,2997.55,-121.31,250.93,-0.43,50.51,0.00,-3.33,0.00,23.99,-11.47,1.66,0.09
3000.00,0.00,248.65,0.00,2997.38,-125.41,251.47,-0.38,50.51,0.00,-2.37,0.00,23.18,-7.46,0.62,0.11
3000.00,0.00,247.81,0.00,2997.29,-127.50,251.52,-0.33,50.51,0.00,-1.34,0.00,22.16,-3.79,-0.32,0.12
3000.00,0.00,247.43,0.00,2997.27,-127.86,251.00,-0.26,50.51,0.00,-0.27,0.00,20.54,0.20,-1.42,0.12
3000.00,0.00,247.53,0.00,2997.32,-126.74,250.18,-0.21,50.51,0.00,0.63,0.00,18.97,2.94,-2.21,0.13
3000.00,0.00,248.20,0.00,2997.45,-123.73,248.65,-0.13,50.51,0.00,1.69,0.00,16.63,5.93,-3.10,0.13
3000.00,0.00,249.18,0.00,2997.61,-119.81,247.43,-0.07,50.51,0.00,2.49,0.00,14.28,8.10,-1.90,0.13
3000.00,0.00,250.72,0.00,2997.85,-113.66,246.78,0.03,50.51,0.00,3.29,0.00,8.70,14.94,-0.85,0.26
3000.00,0.00,251.91,0.00,2998.22,-103.34,246.66,0.19,50.51,0.00,2.20,0.00,0.35,19.46,0.31,0.30
3000.00,0.00,252.60,0.00,2996.59,-94.16,247.03,0.34,50.51,0.00,1.31,0.00,-6.81,20.15,1.21,0.32
3000.00,0.00,252.98,0.00,2993.04,-85.98,247.83,0.45,50.51,0.00,0.17,0.00,-7.84,15.33,2.08,0.18
3000.00,0.00,252.79,0.00,2988.90,-79.10,249.16,0.53,50.51,0.00,-0.81,0.00,-8.03,11.75,2.93,0.12
3000.00,0.00,252.24,0.00,2984.58,-73.60,250.97,0.59,50.51,0.00,-1.65,0.00,-8.01,9.08,3.67,0.09
3000.00,0.00,251.00,0.00,2980.85,-69.84,252.82,0.63,50.51,0.00,-2.63,0.00,-7.97,7.27,4.18,0.07
3000.00,0.00,249.23,0.00,2977.03,-66.77,254.47,0.66,50.51,0.00,-3.46,0.00,-7.93,5.73,2.86,0.06
3000.00,0.00,247.93,0.00,2972.78,-64.13,255.63,0.69,50.51,0.00,-2.30,0.00,-7.92,4.27,1.62,0.05
3000.00,0.00,247.10,0.00,2968.33,-62.14,256.17,0.72,50.51,0.00,-1.22,0.00,-7.94,2.96,0.45,0.04
3000.00,0.00,246.77,0.00,2964.90,-61.08,256.16,0.74,50.51,0.00,-0.12,0.00,-7.98,2.06,-0.41,0.04
3000.00,0.00,246.93,0.00,2961.33,-60.37,255.76,0.75,50.51,0.00,0.77,0.00,-8.03,1.21,-1.28,0.04
3000.00,0.00,247.51,0.00,2957.30,-60.01,254.87,0.77,50.51,0.00,1.65,0.00,-8.11,0.34,-2.20,0.03
3000.00,0.00,248.66,0.00,2953.03,-60.08,253.47,0.79,50.51,0.00,2.57,0.00,-8.20,-0.52,-3.03,0.03
3000.00,0.00,249.90,0.00,2949.17,-60.51,251.89,0.80,50.51,0.00,3.21,0.00,-8.29,-1.23,-3.66,0.03
3000.00,0.00,251.62,0.00,2944.74,-61.38,249.77,0.82,50.51,0.00,3.83,0.00,-8.40,-1.99,-4.24,0.02
3000.00,0.00,253.36,0.00,2940.84,-62.46,248.15,0.83,50.51,0.00,2.32,0.00,-8.50,-2.61,-2.96,0.02
3000.00,0.00,254.24,0.00,2936.34,-64.03,246.96,0.84,50.51,0.00,1.15,0.00,-8.62,-3.28,-1.72,0.02
3000.00,0.00,254.53,0.00,2931.68,-65.98,246.37,0.85,50.51,0.00,0.26,0.00,-8.74,-3.94,-0.60,0.02
3000.00,0.00,254.30,0.00,2927.27,-68.11,246.34,0.86,50.51,0.00,-0.91,0.00,-8.86,-4.52,0.40,0.02
3000.00,0.00,253.54,0.00,2922.51,-70.69,246.86,0.87,50.51,0.00,-1.89,0.00,-8.98,-5.10,1.44,0.02
3000.00,0.00,252.34,0.00,2915.38,-73.39,247.98,0.93,50.51,0.00,-2.75,0.00,-15.58,-5.03,2.44,0.20
3000.00,0.00,250.94,0.00,2905.82,-76.69,249.52,1.05,50.51,0.00,-3.40,0.00,-19.86,-7.53,3.25,0.22
3000.00,0.00,248.94,0.00,2895.34,-81.40,250.79,1.15,50.51,0.00,-4.04,0.00,-21.82,-11.20,2.04,0.21
3000.00,0.00,247.45,0.00,2884.95,-87.68,251.49,1.25,50.51,0.00,-2.82,0.00,-22.04,-15.04,1.02,0.20
3000.00,0.00,246.35,0.00,2874.13,-96.34,251.72,1.34,50.51,0.00,-1.65,0.00,-20.99,-18.97,0.01,0.18
3000.00,0.00,245.82,0.00,2864.06,-106.90,251.44,1.43,50.51,0.00,-0.65,0.00,-19.04,-22.41,-1.00,0.17
3000.00,0.00,246.14,0.00,2864.06,-106.90,251.44,1.43,50.51,0.00,1.22,0.00,-19.04,-22.41,-1.00,0.17
3000.00,0.00,246.85,0.00,2854.69,-119.71,250.62,1.52,50.51,0.00,2.01,0.00,-16.42,-25.36,-1.99,0.16
3000.00,0.00,248.03,0.00,2845.89,-135.87,249.08,1.62,50.51,0.00,2.81,0.00,-13.14,-27.85,-2.98,0.15
3000.00,0.00,249.69,0.00,2839.77,-148.37,247.36,1.69,50.51,0.00,3.54,0.00,-11.32,-21.87,-3.67,0.15
3000.00,0.00,251.59,0.00,2835.20,-156.41,246.08,1.75,50.51,0.00,4.10,0.00,-10.72,-17.07,-2.59,0.15
3000.00,0.00,253.22,0.00,2829.78,-163.44,245.10,1.83,50.51,0.00,2.78,0.00,-10.98,-11.51,-1.45,0.16
3000.00,0.00,254.27,0.00,2825.52,-167.14,244.67,1.88,50.51,0.00,1.66,0.00,-8.24,-5.16,-0.50,0.03
3000.00,0.00,254.74,0.00,2821.68,-167.69,244.71,1.87,50.51,0.00,0.82,0.00,-6.57,2.35,0.55,-0.08
3000.00,0.00,254.89,0.00,2818.73,-164.25,245.30,1.80,50.51,0.00,-0.08,0.00,-4.70,9.90,1.57,-0.15
3000.00,0.00,254.56,0.00,2817.06,-157.41,246.34,1.73,50.51,0.00,-1.09,0.00,-2.07,16.77,2.45,-0.16
3000.00,0.00,253.78,0.00,2816.95,-146.92,247.82,1.65,50.51,0.00,-2.01,0.00,1.43,23.31,3.24,-0.14
3000.00,0.00,252.43,0.00,2817.14,-134.26,249.55,1.61,50.51,0.00,-2.89,0.00,-0.62,28.73,3.85,-0.01
3000.00,0.00,250.76,0.00,2816.05,-119.50,251.48,1.63,50.51,0.00,-3.60,0.00,-3.94,33.68,4.33,0.08
3000.00,0.00,248.84,0.00,2812.32,-99.28,253.39,1.68,50.51,0.00,-4.15,0.00,-9.17,38.74,2.79,0.11
3000.00,0.00,247.12,0.00,2806.64,-76.37,254.53,1.73,50.51,0.00,-2.75,0.00,-11.41,45.10,1.55,0.06
3000.00,0.00,246.00,0.00,2801.96,-55.35,254.99,1.73,50.51,0.00,-1.49,0.00,-9.60,49.22,0.62,-0.04
3000.00,0.00,245.52,0.00,2798.33,-30.63,255.03,1.70,50.51,0.00,-0.32,0.00,-5.67,53.57,-0.34,-0.10
3000.00,0.00,245.67,0.00,2796.95,-7.48,254.70,1.66,50.51,0.00,0.77,0.00,-1.31,56.90,-1.16,-0.11
3000.00,0.00,246.33,0.00,2798.30,22.25,253.76,1.59,50.51,0.00,1.74,0.00,5.40,52.17,-2.16,-0.12
3000.00,0.00,247.30,0.00,2801.66,46.87,252.44,1.55,50.51,0.00,2.51,0.00,7.50,46.39,-2.98,-0.07
3000.00,0.00,248.62,0.00,2805.33,66.52,250.95,1.52,50.51,0.00,3.21,0.00,8.65,41.58,-3.59,-0.07
3000.00,0.00,250.71,0.00,2810.15,86.70,248.90,1.48,50.51,0.00,3.93,0.00,9.66,36.30,-4.18,-0.07
3000.00,0.00,252.28,0.00,2815.28,103.81,247.18,1.45,50.51,0.00,2.62,0.00,10.39,31.40,-2.78,-0.07
3000.00,0.00,253.28,0.00,2821.35,119.95,246.01,1.41,50.51,0.00,1.48,0.00,10.93,26.21,-1.49,-0.07
3000.00,0.00,253.75,0.00,2827.54,133.06,245.54,1.36,50.51,0.00,0.35,0.00,11.20,21.30,-0.34,-0.08
3000.00,0.00,253.63,0.00,2832.80,142.02,245.62,1.33,50.51,0.00,-0.69,0.00,11.20,17.32,0.60,-0.08
3000.00,0.00,253.13,0.00,2838.21,149.37,246.17,1.29,50.51,0.00,-1.53,0.00,10.99,13.30,1.54,-0.08
3000.00,0.00,252.02,0.00,2843.61,154.93,247.19,1.25,50.51,0.00,-2.48,0.00,10.52,9.26,2.43,-0.09
3000.00,0.00,250.65,0.00,2848.55,158.41,248.58,1.20,50.51,0.00,-3.20,0.00,9.80,5.46,3.18,-0.09
3000.00,0.00,248.94,0.00,2853.73,160.15,250.61,1.15,50.51,0.00,-3.82,0.00,8.64,1.18,3.90,-0.10
3000.00,0.00,247.64,0.00,2857.42,159.83,252.09,1.10,50.51,0.00,-2.75,0.00,7.39,-2.24,2.67,-0.10
3000.00,0.00,246.64,0.00,2860.71,157.67,253.12,1.05,50.51,0.00,-1.68,0.00,5.65,-5.85,1.51,-0.11
3000.00,0.00,246.08,0.00,2863.01,153.70,253.59,0.99,50.51,0.00,-0.57,0.00,3.45,-9.23,0.45,-0.11
3000.00,0.00,246.04,0.00,2864.08,147.91,253.52,0.94,50.51,0.00,0.32,0.00,0.81,-12.35,-0.61,-0.10
3000.00,0.00,246.31,0.00,2863.69,140.70,252.92,0.88,50.51,0.00,1.05,0.00,-2.07,-15.04,-1.61,-0.10
3000.00,0.00,247.08,0.00,2861.75,132.21,251.81,0.83,50.51,0.00,1.97,0.00,-5.12,-17.32,-2.52,-0.09
3000.00,0.00,248.20,0.00,2858.61,123.60,250.44,0.79,50.51,0.00,2.75,0.00,-7.94,-19.04,-3.24,-0.09
3000.00,0.00,249.97,0.00,2853.82,113.68,248.64,0.75,50.51,0.00,3.54,0.00,-10.96,-20.52,-3.87,-0.09
