-2500.00,0.00,0.00,0.00,-2677.34,-797.85,6.46,2.46,0.00,0.00,0.00,0.00,0.00,0.00,0.00,0.00
-2499.41,0.00,0.29,0.00,-2676.25,-797.45,6.22,2.43,2.07,0.00,1.03,0.00,4.29,1.48,-0.93,-0.14
-2498.00,0.00,0.99,0.00,-2672.78,-796.49,5.48,2.34,3.90,0.00,1.89,0.00,8.86,2.01,-1.89,-0.21
-2495.70,0.00,2.08,0.00,-2666.60,-795.65,4.16,2.22,5.75,0.00,2.68,0.00,13.06,0.89,-2.81,-0.22
-2492.48,0.00,3.53,0.00,-2659.73,-795.74,2.65,2.12,7.62,0.00,3.38,0.00,15.62,-1.16,-3.48,-0.21
-2489.09,0.00,5.00,0.00,-2650.75,-797.25,1.18,2.01,9.17,0.00,3.87,0.00,17.32,-4.21,-2.14,-0.19
-2483.28,0.00,7.35,0.00,-2642.73,-799.86,0.46,1.93,11.33,0.00,4.43,0.00,17.82,-7.00,-1.15,-0.18
-2476.72,0.00,9.80,0.00,-2635.59,-801.46,0.17,1.85,13.31,0.00,4.82,0.00,15.33,-0.91,-0.26,-0.19
-2469.33,0.00,12.37,0.00,-2629.74,-800.55,0.24,1.77,15.21,0.00,5.11,0.00,14.15,4.90,0.54,-0.20
-2461.28,0.00,14.97,0.00,-2622.95,-796.18,0.77,1.68,17.00,0.00,5.31,0.00,13.63,12.14,1.49,-0.19
-2453.54,0.00,17.31,0.00,-2615.64,-787.35,1.85,1.58,18.52,0.00,5.44,0.00,13.93,20.16,2.44,-0.16
-2444.37,0.00,19.90,0.00,-2609.60,-774.38,3.37,1.54,20.14,0.00,5.55,0.00,9.62,28.58,3.25,-0.01
-2432.51,0.00,23.04,0.00,-2605.80,-756.95,5.27,1.56,21.99,0.00,5.64,0.00,5.18,37.09,3.90,0.09
-2422.29,0.00,25.59,0.00,-2604.60,-735.51,7.44,1.61,23.43,0.00,5.69,0.00,-0.15,44.80,4.42,0.11
-2410.29,0.00,28.41,0.00,-2605.10,-716.96,9.20,1.65,24.95,0.00,5.73,0.00,-2.13,51.11,4.72,0.06
-2399.01,0.00,30.94,0.00,-2605.78,-690.65,11.56,1.65,26.26,0.00,5.76,0.00,-0.46,57.16,5.01,-0.04
-2385.91,0.00,33.73,0.00,-2604.74,-656.33,14.48,1.61,27.65,0.00,5.78,0.00,3.96,63.28,5.27,-0.09
-2372.53,0.00,36.46,0.00,-2601.90,-626.22,16.94,1.56,28.95,0.00,5.79,0.00,7.96,67.31,5.42,-0.10
-2356.78,0.00,39.54,0.00,-2596.63,-590.71,19.75,1.52,30.34,0.00,5.81,0.00,12.19,70.92,5.54,-0.09
-2341.16,0.00,42.46,0.00,-2590.54,-555.62,22.42,1.49,31.60,0.00,5.81,0.00,13.05,75.28,5.62,-0.04
-2326.50,0.00,45.11,0.00,-2582.70,-510.06,25.73,1.47,32.68,0.00,5.82,0.00,13.67,79.88,5.69,-0.03
-2311.47,0.00,47.74,0.00,-2575.91,-470.26,28.52,1.45,33.71,0.00,5.82,0.00,14.13,83.02,5.73,-0.02
-2293.03,0.00,50.87,0.00,-2569.44,-436.10,30.88,1.43,34.87,0.00,5.83,0.00,17.38,83.51,5.76,-0.07
-2276.05,0.00,53.66,0.00,-2558.03,-389.15,34.12,1.39,35.85,0.00,5.83,0.00,22.64,83.34,5.78,-0.09
-2253.72,0.00,57.23,0.00,-2545.56,-347.89,37.00,1.35,37.03,0.00,5.83,0.00,27.01,82.64,5.80,-0.09
-2236.38,0.00,59.92,0.00,-2532.95,-309.92,39.65,1.32,37.87,0.00,5.83,0.00,28.02,83.76,5.81,-0.04
-2214.07,0.00,63.31,0.00,-2517.88,-268.11,42.57,1.29,38.85,0.00,5.83,0.00,31.68,82.32,5.81,-0.08
-2196.13,0.00,65.97,0.00,-2500.49,-226.50,45.55,1.24,39.58,0.00,5.83,0.00,35.73,80.28,5.82,-0.09
-2173.65,0.00,69.25,0.00,-2479.75,-183.35,48.74,1.19,40.42,0.00,5.83,0.00,39.68,77.78,5.82,-0.09
-2154.61,0.00,71.97,0.00,-2456.70,-141.26,51.96,1.15,41.07,0.00,5.83,0.00,43.39,74.94,5.83,-0.09
-2136.02,0.00,74.59,0.00,-2436.24,-107.83,54.61,1.10,41.67,0.00,5.83,0.00,46.27,72.33,5.83,-0.09
-2110.68,0.00,78.10,0.00,-2417.00,-79.18,56.96,1.07,42.41,0.00,5.83,0.00,48.77,69.79,5.83,-0.09
-2089.65,0.00,80.97,0.00,-2391.11,-44.88,60.06,1.02,42.97,0.00,5.83,0.00,48.69,60.49,5.83,-0.10
-2072.87,0.00,83.24,0.00,-2364.99,-15.07,63.19,0.96,43.39,0.00,5.83,0.00,48.59,51.61,5.83,-0.11
-2050.02,0.00,86.29,0.00,-2339.21,9.76,66.28,0.90,43.92,0.00,5.83,0.00,48.43,42.84,5.83,-0.12
-2026.79,0.00,89.35,0.00,-2316.04,28.44,69.09,0.84,44.42,0.00,5.83,0.00,47.81,35.59,5.83,-0.13
-2000.49,0.00,92.78,0.00,-2286.79,47.33,72.71,0.75,44.93,0.00,5.83,0.00,46.54,26.42,5.83,-0.14
-1982.21,0.00,95.15,0.00,-2264.41,58.40,75.56,0.69,45.26,0.00,5.83,0.00,45.03,19.59,5.83,-0.15
-1962.25,0.00,97.71,0.00,-2247.40,64.89,77.80,0.63,45.60,0.00,5.83,0.00,43.49,14.70,5.83,-0.15
-1938.17,0.00,100.78,0.00,-2227.84,70.30,80.50,0.56,45.98,0.00,5.83,0.00,41.31,9.32,5.83,-0.15
-1914.58,0.00,103.76,0.00,-2209.04,73.33,83.25,0.49,46.32,0.00,5.83,0.00,38.74,4.13,5.83,-0.16
-1892.50,0.00,106.53,0.00,-2192.43,74.09,85.85,0.41,46.61,0.00,5.83,0.00,36.00,-0.22,5.83,-0.16
-1870.64,0.00,109.25,0.00,-2174.69,72.70,88.88,0.33,46.88,0.00,5.83,0.00,32.54,-4.60,5.83,-0.17
-1849.25,0.00,111.91,0.00,-2159.45,69.43,91.78,0.25,47.12,0.00,5.83,0.00,29.03,-8.12,5.83,-0.17
-1819.77,0.00,115.54,0.00,-2145.73,64.48,94.74,0.16,47.43,0.00,5.83,0.00,25.35,-11.02,5.83,-0.17
-1791.51,0.00,119.01,0.00,-2135.71,59.38,97.21,0.09,47.70,0.00,5.83,0.00,22.32,-12.87,5.83,-0.17
-1769.92,0.00,121.64,0.00,-2125.70,52.65,100.07,0.01,47.89,0.00,5.83,0.00,18.91,-14.44,5.83,-0.16
-1745.91,0.00,124.56,0.00,-2114.54,44.54,103.17,-0.07,48.09,0.00,5.83,0.00,22.59,-15.95,5.83,-0.16
-1723.60,0.00,127.26,0.00,-2103.10,36.69,105.91,-0.14,48.26,0.00,5.83,0.00,25.92,-17.47,5.83,-0.14
-1698.17,0.00,130.33,0.00,-2090.43,28.30,108.57,-0.21,48.43,0.00,5.83,0.00,29.21,-19.22,5.83,-0.13
-1674.55,0.00,133.17,0.00,-2074.78,19.71,111.44,-0.23,48.59,0.00,5.83,0.00,34.07,-16.02,5.83,0.01
-1647.72,0.00,136.38,0.00,-2054.95,12.32,114.55,-0.20,48.75,0.00,5.83,0.00,39.71,-11.91,5.83,0.10
-1628.38,0.00,138.69,0.00,-2033.54,7.60,117.49,-0.15,48.85,0.00,5.83,0.00,44.71,-7.21,5.83,0.12
-1602.99,0.00,141.72,0.00,-2014.34,5.56,119.88,-0.10,48.98,0.00,5.83,0.00,48.30,-3.09,5.83,0.11
-1569.70,0.00,145.68,0.00,-1985.25,5.61,123.23,-0.04,49.14,0.00,5.83,0.00,52.60,2.69,5.83,0.11
-1552.26,0.00,147.75,0.00,-1958.94,7.31,126.01,-0.00,49.21,0.00,5.83,0.00,57.09,4.10,5.83,0.05
-1526.06,0.00,150.85,0.00,-1930.06,9.54,128.85,0.02,49.31,0.00,5.83,0.00,61.26,4.94,5.83,0.03
-1504.10,0.00,153.44,0.00,-1896.57,12.35,131.92,0.04,49.40,0.00,5.83,0.00,65.36,5.64,5.83,0.02
-1483.44,0.00,155.88,0.00,-1867.36,14.20,134.49,0.03,49.47,0.00,5.83,0.00,67.23,2.71,5.83,-0.06
-1455.82,0.00,159.13,0.00,-1827.75,13.85,137.87,-0.02,49.55,0.00,5.83,0.00,69.23,-3.53,5.83,-0.09
-1428.33,0.00,162.37,0.00,-1792.97,11.46,140.73,-0.05,49.63,0.00,5.83,0.00,71.98,-5.69,5.83,-0.04
-1401.25,0.00,165.55,0.00,-1753.26,7.95,143.89,-0.07,49.71,0.00,5.83,0.00,74.63,-7.08,5.83,-0.03
-1377.83,0.00,168.29,0.00,-1713.58,5.11,146.96,-0.06,49.76,0.00,5.83,0.00,75.59,-3.41,5.83,0.07
-1355.82,0.00,170.87,0.00,-1677.65,4.85,149.72,-0.02,49.82,0.00,5.83,0.00,76.17,1.85,5.83,0.09
-1331.29,0.00,173.74,0.00,-1638.12,6.44,152.71,0.01,49.87,0.00,5.83,0.00,77.93,3.87,5.83,0.04
-1309.61,0.00,176.28,0.00,-1602.27,8.46,155.37,0.03,49.91,0.00,5.83,0.00,79.23,4.82,5.83,0.03
-1282.41,0.00,179.45,0.00,-1566.12,9.99,158.04,0.02,49.96,0.00,5.83,0.00,79.08,1.73,5.83,-0.06
-1257.34,0.00,182.38,0.00,-1524.40,9.23,161.12,-0.02,50.00,0.00,5.83,0.00,78.73,-4.20,5.83,-0.09
-1234.56,0.00,185.04,0.00,-1485.49,6.51,163.98,-0.05,50.04,0.00,5.83,0.00,79.65,-6.34,5.83,-0.04
-1203.45,0.00,188.66,0.00,-1440.03,3.85,167.33,-0.04,50.08,0.00,5.83,0.00,79.13,-2.56,5.83,0.07
-1179.02,0.00,191.50,0.00,-1403.40,3.16,170.01,-0.02,50.11,0.00,5.83,0.00,79.93,-0.79,5.83,0.04
-1153.49,0.00,194.47,0.00,-1360.84,3.12,173.10,-0.00,50.15,0.00,5.83,0.00,80.60,0.44,5.83,0.02
-1127.13,0.00,197.54,0.00,-1323.39,3.53,175.80,0.01,50.17,0.00,5.83,0.00,80.99,1.22,5.83,0.02
-1103.58,0.00,200.28,0.00,-1278.94,4.42,179.00,0.02,50.20,0.00,5.83,0.00,81.30,1.93,5.83,0.01
-1076.08,0.00,203.47,0.00,-1240.85,5.46,181.73,0.02,50.23,0.00,5.83,0.00,81.39,2.43,5.83,0.01
-1047.09,0.00,206.84,0.00,-1202.63,5.79,184.49,0.01,50.25,0.00,5.83,0.00,80.06,-1.19,5.83,-0.07
-1023.70,0.00,209.55,0.00,-1165.30,4.74,187.21,-0.02,50.27,0.00,5.83,0.00,80.12,-2.95,5.83,-0.04
-998.14,0.00,212.52,0.00,-1123.71,2.86,190.24,-0.03,50.29,0.00,5.83,0.00,80.06,-4.09,5.83,-0.02
-972.86,0.00,215.45,0.00,-1079.73,0.35,193.45,-0.04,50.31,0.00,5.83,0.00,79.88,-4.90,5.83,-0.02
-947.47,0.00,218.39,0.00,-1046.21,-1.84,195.98,-0.05,50.32,0.00,5.83,0.00,75.21,-5.17,5.83,-0.01
-947.47,0.00,218.39,0.00,-975.39,-7.23,201.86,-0.06,50.32,0.00,5.83,0.00,66.00,-5.44,5.83,-0.01
-898.29,0.00,224.09,0.00,-975.39,-7.23,201.86,-0.06,50.35,0.00,5.83,0.00,66.00,-5.44,5.83,-0.01
-878.31,0.00,226.40,0.00,-945.46,-9.78,204.59,-0.07,50.36,0.00,5.83,0.00,62.37,-5.47,5.83,-0.01
-851.40,0.00,229.52,0.00,-913.10,-12.72,207.72,-0.07,50.37,0.00,5.83,0.00,58.59,-5.46,5.83,-0.01
-826.78,0.00,232.37,0.00,-882.88,-15.62,210.83,-0.08,50.38,0.00,5.83,0.00,55.19,-5.42,5.83,-0.01
-799.39,0.00,235.54,0.00,-858.46,-18.07,213.49,-0.08,50.39,0.00,5.83,0.00,52.54,-5.37,5.83,-0.01
-774.34,0.00,238.44,0.00,-831.54,-20.89,216.57,-0.08,50.40,0.00,5.83,0.00,49.70,-5.30,5.83,-0.01
-751.19,0.00,241.12,0.00,-805.41,-23.74,219.73,-0.09,50.41,0.00,5.83,0.00,47.02,-5.22,5.83,-0.01
-725.95,0.00,244.04,0.00,-785.16,-26.02,222.30,-0.09,50.42,0.00,5.83,0.00,45.00,-5.14,5.83,-0.01
-701.87,0.00,246.83,0.00,-764.41,-28.44,225.06,-0.09,50.42,0.00,5.83,0.00,42.97,-5.06,5.83,-0.01
-679.41,0.00,249.42,0.00,-740.46,-31.31,228.41,-0.10,50.43,0.00,5.83,0.00,40.67,-4.95,5.83,-0.01
-649.78,0.00,252.85,0.00,-720.79,-33.74,231.30,-0.10,50.44,0.00,5.83,0.00,38.82,-4.86,5.83,-0.01
-629.05,0.00,254.90,0.00,-702.53,-36.06,234.12,-0.10,50.44,0.00,4.37,0.00,37.13,-4.77,5.83,-0.01
-604.35,0.00,256.66,0.00,-684.08,-38.46,237.09,-0.10,50.45,0.00,2.98,0.00,35.45,-4.67,5.83,-0.01
-578.66,0.00,257.83,0.00,-663.57,-41.21,240.56,-0.11,50.45,0.00,1.79,0.00,33.59,-4.55,5.83,-0.00
-550.46,0.00,258.47,0.00,-645.80,-43.65,243.73,-0.11,50.46,0.00,0.61,0.00,32.00,-4.45,5.83,-0.00
-526.97,0.00,258.51,0.00,-629.02,-45.21,246.93,-0.09,50.46,0.00,-0.32,0.00,29.50,-1.35,5.83,0.07
-505.73,0.00,258.19,0.00,-614.13,-44.89,250.01,-0.05,50.47,0.00,-1.15,0.00,27.06,2.22,5.83,0.10
-479.08,0.00,257.29,0.00,-602.43,-41.53,252.82,0.04,50.47,0.00,-2.12,0.00,21.88,10.73,5.83,0.22
-452.52,0.00,255.92,0.00,-594.00,-35.19,255.44,0.14,50.47,0.00,-2.98,0.00,16.10,16.55,5.83,0.23
-429.82,0.00,254.43,0.00,-588.66,-27.46,257.87,0.24,50.48,0.00,-3.59,0.00,10.10,19.96,5.83,0.25
-404.58,0.00,252.47,0.00,-585.55,-16.25,260.40,0.37,50.48,0.00,-4.16,0.00,2.36,21.61,3.99,0.26
-377.34,0.00,250.08,0.00,-586.76,-3.71,262.24,0.53,50.48,0.00,-4.63,0.00,-5.62,20.58,2.43,0.27
-349.58,0.00,247.42,0.00,-588.07,4.08,263.05,0.60,50.48,0.00,-4.98,0.00,-0.94,17.03,1.49,0.09
-322.85,0.00,245.27,0.00,-588.16,11.11,263.51,0.61,50.49,0.00,-3.36,0.00,0.47,10.54,0.39,-0.08
-297.02,0.00,243.92,0.00,-587.53,15.15,263.40,0.54,50.49,0.00,-2.10,0.00,1.57,4.79,-0.70,-0.19
-275.47,0.00,243.24,0.00,-586.71,16.23,262.80,0.44,50.49,0.00,-1.18,0.00,1.66,0.17,-1.64,-0.22
-248.39,0.00,242.93,0.00,-586.12,15.36,261.89,0.34,50.49,0.00,-0.09,0.00,0.95,-3.68,-2.41,-0.23
-222.88,0.00,243.17,0.00,-586.05,12.72,260.55,0.23,50.49,0.00,0.92,0.00,-0.62,-7.07,-3.15,-0.23
-198.50,0.00,243.86,0.00,-585.17,8.88,258.86,0.12,50.50,0.00,1.83,0.00,3.76,-8.74,-3.78,-0.22
-170.33,0.00,245.17,0.00,-582.58,4.69,257.10,0.03,50.50,0.00,2.78,0.00,7.67,-10.39,-4.24,-0.20
-146.89,0.00,246.64,0.00,-578.02,-0.50,255.06,-0.06,50.50,0.00,3.44,0.00,11.86,-12.20,-4.63,-0.18
-118.95,0.00,248.75,0.00,-569.63,-6.24,252.39,-0.11,50.50,0.00,4.09,0.00,18.00,-8.96,-4.99,-0.01
-89.71,0.00,251.29,0.00,-557.04,-10.29,249.42,-0.09,50.50,0.00,4.61,0.00,24.96,-5.26,-5.25,0.10
-67.20,0.00,253.01,0.00,-541.26,-11.85,247.07,-0.02,50.50,0.00,3.30,0.00,31.38,-0.67,-3.50,0.13
-43.54,0.00,254.25,0.00,-523.85,-10.86,245.66,0.04,50.50,0.00,2.14,0.00,36.64,4.17,-2.23,0.12
-21.07,0.00,254.96,0.00,-503.67,-8.19,244.85,0.08,50.50,0.00,1.18,0.00,42.99,6.15,-1.14,0.06
5.81,0.00,255.27,0.00,-475.38,-5.25,244.57,0.08,50.50,0.00,0.09,0.00,48.84,3.17,0.10,-0.07
29.79,0.00,255.07,0.00,-445.98,-5.03,244.98,0.03,50.50,0.00,-0.85,0.00,53.75,-2.10,1.23,-0.10
58.93,0.00,254.23,0.00,-414.53,-6.77,245.97,-0.01,50.51,0.00,-1.94,0.00,59.68,-3.82,2.24,-0.05
83.34,0.00,253.07,0.00,-386.54,-8.72,247.16,-0.03,50.51,0.00,-2.75,0.00,64.06,-4.71,2.96,-0.03
105.68,0.00,251.70,0.00,-351.70,-10.35,248.94,-0.02,50.51,0.00,-3.39,0.00,67.31,-1.26,3.68,0.07
129.94,0.00,249.91,0.00,-316.07,-10.46,250.99,0.01,50.51,0.00,-3.97,0.00,71.50,0.48,4.23,0.04
157.89,0.00,248.17,0.00,-278.52,-9.87,252.74,0.02,50.51,0.00,-2.51,0.00,75.16,1.68,2.83,0.02
188.79,0.00,247.10,0.00,-244.95,-8.93,253.73,0.03,50.51,0.00,-1.15,0.00,77.90,2.50,1.80,0.02
215.07,0.00,246.80,0.00,-201.84,-7.31,254.36,0.04,50.51,0.00,-0.10,0.00,80.64,3.35,0.66,0.02
240.75,0.00,247.04,0.00,-149.70,-4.89,254.34,0.05,50.51,0.00,0.91,0.00,83.24,4.18,-0.61,0.01
267.36,0.00,247.81,0.00,-109.39,-2.74,253.80,0.06,50.51,0.00,1.91,0.00,84.92,4.73,-1.53,0.01
293.81,0.00,249.07,0.00,-67.71,-1.32,252.81,0.04,50.51,0.00,2.79,0.00,85.10,0.89,-2.41,-0.07
319.59,0.00,250.70,0.00,-19.02,-1.52,251.16,0.02,50.51,0.00,3.51,0.00,86.38,-1.12,-3.27,-0.03
346.62,0.00,252.18,0.00,27.06,-2.42,249.81,0.00,50.51,0.00,2.18,0.00,87.42,-2.12,-1.99,-0.02
374.21,0.00,253.01,0.00,70.10,-3.65,249.13,-0.01,50.51,0.00,0.99,0.00,88.11,-2.78,-0.94,-0.02
397.02,0.00,253.23,0.00,124.51,-5.58,248.97,-0.02,50.51,0.00,0.08,0.00,88.45,-3.40,0.30,-0.01
423.45,0.00,252.97,0.00,168.70,-7.39,249.39,-0.02,50.51,0.00,-0.96,0.00,88.65,-3.81,1.28,-0.01
453.58,0.00,252.03,0.00,206.34,-8.34,250.13,-0.01,50.51,0.00,-2.07,0.00,87.54,-0.49,2.07,0.06
483.07,0.00,250.51,0.00,250.43,-7.98,251.40,0.01,50.51,0.00,-3.02,0.00,87.49,1.50,2.90,0.03
508.71,0.00,248.78,0.00,295.81,-5.56,252.56,0.05,50.51,0.00,-3.70,0.00,85.38,7.44,1.67,0.09
535.14,0.00,247.24,0.00,339.89,0.45,253.13,0.10,50.51,0.00,-2.36,0.00,76.82,13.71,0.53,0.10
562.45,0.00,246.32,0.00,378.69,8.98,253.10,0.15,50.51,0.00,-1.17,0.00,69.67,17.70,-0.53,0.09
588.53,0.00,246.02,0.00,408.96,17.71,252.64,0.19,50.51,0.00,-0.12,0.00,64.04,20.35,-1.42,0.09
615.21,0.00,246.26,0.00,436.81,24.76,251.78,0.17,50.51,0.00,0.93,0.00,58.83,10.72,-2.24,-0.14
642.49,0.00,247.07,0.00,465.41,26.66,250.40,0.09,50.51,0.00,1.95,0.00,53.29,-1.85,-3.06,-0.17
665.80,0.00,248.17,0.00,490.86,22.83,248.64,0.00,50.51,0.00,2.72,0.00,46.70,-11.60,-3.74,-0.18
688.42,0.00,249.55,0.00,512.85,14.80,246.55,-0.09,50.51,0.00,3.38,0.00,39.31,-18.40,-4.28,-0.19
714.47,0.00,251.47,0.00,529.35,5.08,244.90,-0.18,50.51,0.00,4.00,0.00,32.23,-22.64,-2.98,-0.20
741.92,0.00,253.20,0.00,547.50,-5.52,243.68,-0.22,50.51,0.00,2.55,0.00,35.57,-17.69,-1.72,0.00
767.32,0.00,254.17,0.00,566.34,-13.14,243.11,-0.20,50.51,0.00,1.42,0.00,39.30,-13.08,-0.67,0.09
792.68,0.00,254.59,0.00,586.72,-17.22,243.07,-0.12,50.51,0.00,0.39,0.00,36.07,-2.94,0.41,0.17
817.53,0.00,254.52,0.00,602.89,-16.58,243.51,-0.04,50.51,0.00,-0.59,0.00,32.67,4.71,1.34,0.17
838.94,0.00,254.07,0.00,617.13,-12.99,244.35,0.03,50.51,0.00,-1.42,0.00,29.11,10.00,2.18,0.16
871.33,0.00,252.76,0.00,631.99,-8.09,245.58,0.09,50.51,0.00,-2.55,0.00,33.31,10.61,2.95,0.08
897.08,0.00,251.23,0.00,650.98,-3.24,247.39,0.10,50.51,0.00,-3.32,0.00,37.09,7.55,3.68,-0.04
923.05,0.00,249.34,0.00,669.77,-0.61,249.30,0.06,50.51,0.00,-3.95,0.00,40.54,3.57,4.20,-0.10
942.78,0.00,248.03,0.00,691.11,-0.15,251.54,0.01,50.51,0.00,-2.89,0.00,43.79,-1.34,4.64,-0.11
965.96,0.00,246.98,0.00,714.74,-1.40,253.48,-0.03,50.51,0.00,-1.82,0.00,48.16,-3.21,3.14,-0.05
996.89,0.00,246.31,0.00,739.58,-2.42,254.71,-0.04,50.51,0.00,-0.53,0.00,50.78,-0.67,1.94,0.05
1025.11,0.00,246.36,0.00,764.84,-1.61,255.38,0.00,50.51,0.00,0.59,0.00,53.06,3.75,0.91,0.10
1049.86,0.00,246.90,0.00,789.50,0.49,255.56,0.03,50.51,0.00,1.53,0.00,56.29,5.27,-0.00,0.05
1070.73,0.00,247.70,0.00,819.13,2.52,255.27,0.03,50.51,0.00,2.27,0.00,58.41,2.45,-1.02,-0.05
1094.92,0.00,249.00,0.00,847.61,2.48,254.53,-0.00,50.51,0.00,3.04,0.00,60.06,-2.35,-1.92,-0.09
1119.43,0.00,250.65,0.00,876.58,0.01,253.40,-0.05,50.51,0.00,3.69,0.00,61.23,-7.47,-2.73,-0.10
1145.13,0.00,252.15,0.00,904.37,-3.06,252.01,-0.07,50.51,0.00,2.38,0.00,62.50,-5.91,-3.38,0.02
1173.73,0.00,253.10,0.00,934.09,-4.86,250.73,-0.04,50.51,0.00,1.14,0.00,63.87,-1.80,-2.22,0.08
1198.16,0.00,253.39,0.00,966.31,-4.27,249.93,0.00,50.51,0.00,0.15,0.00,64.97,3.66,-1.13,0.10
1198.16,0.00,253.39,0.00,1027.71,0.68,249.79,0.05,50.51,0.00,0.15,0.00,68.76,6.48,0.72,0.03
1228.05,0.00,253.10,0.00,1065.02,3.24,250.49,0.04,50.51,0.00,-1.02,0.00,69.25,2.78,1.75,-0.07
1253.17,0.00,252.33,0.00,1099.38,3.17,251.59,0.00,50.51,0.00,-1.95,0.00,69.47,-2.64,2.60,-0.09
1283.56,0.00,250.82,0.00,1132.25,1.24,252.57,-0.03,50.51,0.00,-2.95,0.00,62.83,-4.56,1.47,-0.05
1309.43,0.00,249.11,0.00,1166.59,-1.75,253.05,-0.05,50.51,0.00,-3.65,0.00,55.90,-5.50,0.28,-0.03
1332.49,0.00,247.74,0.00,1193.58,-4.68,252.90,-0.07,50.51,0.00,-2.47,0.00,50.40,-5.90,-0.74,-0.03
1359.90,0.00,246.77,0.00,1215.95,-7.50,252.32,-0.08,50.51,0.00,-1.27,0.00,45.75,-6.11,-1.64,-0.03
1383.85,0.00,246.42,0.00,1237.38,-10.56,251.26,-0.09,50.51,0.00,-0.30,0.00,41.15,-6.20,-2.51,-0.02
1409.72,0.00,246.56,0.00,1254.99,-13.37,249.95,-0.10,50.51,0.00,0.72,0.00,37.22,-6.22,-3.20,-0.02
1435.28,0.00,247.20,0.00,1273.35,-13.81,248.04,-0.05,50.51,0.00,1.69,0.00,32.17,4.05,-3.88,0.19
1462.92,0.00,248.42,0.00,1288.36,-9.15,246.44,0.05,50.51,0.00,2.64,0.00,26.46,12.72,-2.52,0.21
1488.51,0.00,249.97,0.00,1303.21,-2.50,245.47,0.12,50.51,0.00,3.39,0.00,30.80,12.95,-1.37,0.08
1511.10,0.00,251.62,0.00,1318.02,2.71,245.09,0.13,50.51,0.00,3.93,0.00,33.92,10.14,-0.43,-0.03
1535.25,0.00,253.15,0.00,1339.82,7.25,245.23,0.09,50.51,0.00,2.66,0.00,38.24,5.20,0.77,-0.11
1581.46,0.00,254.60,0.00,1339.82,7.25,245.23,0.09,50.51,0.00,0.66,0.00,38.24,5.20,0.77,-0.11
1604.20,0.00,254.67,0.00,1364.34,8.44,246.08,0.02,50.51,0.00,-0.24,0.00,42.21,-0.76,1.92,-0.12
1627.77,0.00,254.32,0.00,1385.74,6.75,247.25,-0.03,50.51,0.00,-1.16,0.00,44.80,-5.63,2.74,-0.11
1653.22,0.00,253.47,0.00,1409.35,3.41,248.83,-0.07,50.51,0.00,-2.09,0.00,48.75,-7.35,3.47,-0.06
1674.76,0.00,252.41,0.00,1435.31,0.28,250.80,-0.08,50.51,0.00,-2.80,0.00,51.41,-4.62,4.07,0.05
1698.70,0.00,250.90,0.00,1464.31,-0.76,253.19,-0.03,50.51,0.00,-3.48,0.00,54.01,0.57,4.57,0.10
1720.94,0.00,249.24,0.00,1495.54,1.39,255.25,0.03,50.51,0.00,-4.00,0.00,56.02,6.39,2.95,0.10
1745.92,0.00,247.64,0.00,1524.69,4.21,256.41,0.04,50.51,0.00,-2.67,0.00,57.96,4.37,1.75,-0.03
1771.95,0.00,246.60,0.00,1557.71,5.12,257.03,0.01,50.51,0.00,-1.50,0.00,59.91,-0.98,0.58,-0.09
1795.28,0.00,246.15,0.00,1583.59,3.55,257.07,-0.03,50.51,0.00,-0.54,0.00,60.91,-5.85,-0.28,-0.10
1820.47,0.00,246.15,0.00,1617.12,-1.37,256.60,-0.09,50.51,0.00,0.45,0.00,61.76,-11.51,-1.35,-0.10
1846.62,0.00,246.68,0.00,1647.83,-6.53,255.69,-0.10,50.51,0.00,1.46,0.00,62.98,-9.20,-2.24,0.03
1876.27,0.00,247.88,0.00,1681.39,-9.81,254.26,-0.07,50.51,0.00,2.50,0.00,64.31,-3.43,-3.08,0.10
1902.30,0.00,249.39,0.00,1713.01,-9.55,252.48,-0.01,50.51,0.00,3.28,0.00,59.22,3.64,-3.76,0.11
1922.69,0.00,250.84,0.00,1744.20,-5.26,250.20,0.06,50.51,0.00,3.80,0.00,53.20,10.77,-4.34,0.13
1944.15,0.00,252.18,0.00,1773.29,-0.08,248.33,0.08,50.51,0.00,2.68,0.00,55.06,8.30,-2.84,-0.02
1970.65,0.00,253.23,0.00,1804.35,3.07,247.15,0.05,50.51,0.00,1.48,0.00,57.10,3.25,-1.57,-0.09
1997.94,0.00,253.70,0.00,1832.28,3.25,246.67,-0.00,50.51,0.00,0.37,0.00,58.47,-2.01,-0.56,-0.10
2022.50,0.00,253.62,0.00,1865.98,1.36,246.70,-0.04,50.51,0.00,-0.60,0.00,61.36,-4.23,0.56,-0.04
2044.54,0.00,253.15,0.00,1898.44,-0.14,247.29,-0.04,50.51,0.00,-1.45,0.00,62.37,-1.25,1.57,0.06
2069.94,0.00,252.17,0.00,1931.41,0.67,248.38,0.01,50.51,0.00,-2.35,0.00,63.11,3.99,2.50,0.09
2095.00,0.00,250.79,0.00,1961.05,3.00,249.72,0.04,50.51,0.00,-3.13,0.00,64.89,5.68,3.20,0.05
2118.02,0.00,249.21,0.00,1987.98,6.24,250.85,0.07,50.51,0.00,-3.73,0.00,60.59,9.13,2.15,0.09
2145.89,0.00,247.60,0.00,2019.66,12.60,251.67,0.12,50.51,0.00,-2.31,0.00,55.23,13.43,0.97,0.10
2168.76,0.00,246.80,0.00,2048.86,21.21,251.86,0.17,50.51,0.00,-1.31,0.00,49.97,16.96,-0.16,0.10
2194.86,0.00,246.43,0.00,2076.73,32.25,251.38,0.23,50.51,0.00,-0.26,0.00,44.62,19.87,-1.33,0.11
2242.90,0.00,247.12,0.00,2076.73,32.25,251.38,0.23,50.51,0.00,1.61,0.00,44.62,19.87,-1.33,0.11
2272.20,0.00,248.39,0.00,2099.69,39.87,250.36,0.21,50.51,0.00,2.62,0.00,40.60,8.65,-2.31,-0.16
2297.17,0.00,249.88,0.00,2118.64,41.11,249.02,0.12,50.51,0.00,3.35,0.00,36.83,-2.30,-3.08,-0.19
2321.97,0.00,251.70,0.00,2137.54,36.76,247.71,0.02,50.51,0.00,3.95,0.00,31.08,-11.75,-1.76,-0.20
2342.95,0.00,253.08,0.00,2151.90,29.01,247.11,-0.09,50.51,0.00,2.83,0.00,25.00,-17.29,-0.67,-0.20
2372.20,0.00,254.28,0.00,2163.09,19.08,247.06,-0.19,50.51,0.00,1.50,0.00,18.76,-20.46,0.37,-0.20
2400.14,0.00,254.76,0.00,2170.61,9.51,247.46,-0.28,50.51,0.00,0.36,0.00,14.42,-21.03,1.27,-0.18
2428.40,0.00,254.62,0.00,2180.46,-1.01,248.52,-0.32,50.51,0.00,-0.76,0.00,19.61,-16.43,2.31,0.01
2453.77,0.00,253.97,0.00,2191.47,-8.16,249.87,-0.30,50.51,0.00,-1.72,0.00,24.65,-12.90,3.09,0.10
2476.53,0.00,253.00,0.00,2204.27,-13.25,251.48,-0.24,50.51,0.00,-2.50,0.00,29.37,-9.10,3.71,0.13
2506.29,0.00,251.23,0.00,2218.94,-16.43,253.33,-0.18,50.51,0.00,-3.38,0.00,33.62,-5.01,4.21,0.13
2506.29,0.00,251.23,0.00,2246.89,-16.24,255.94,-0.06,50.51,0.00,-3.38,0.00,29.54,4.58,1.93,0.14
2532.21,0.00,249.31,0.00,2262.78,-12.78,256.61,0.01,50.51,0.00,-4.00,0.00,32.93,8.68,0.86,0.13
2555.96,0.00,247.77,0.00,2281.73,-6.87,256.75,0.08,50.51,0.00,-2.74,0.00,36.21,12.55,-0.24,0.12
2580.98,0.00,246.73,0.00,2304.26,0.54,256.25,0.13,50.51,0.00,-1.60,0.00,41.67,13.17,-1.37,0.06
2626.51,0.00,246.17,0.00,2304.26,0.54,256.25,0.13,50.51,0.00,0.24,0.00,41.67,13.17,-1.37,0.06
2651.36,0.00,246.55,0.00,2325.77,6.25,255.33,0.13,50.51,0.00,1.21,0.00,45.41,10.09,-2.26,-0.05
2675.84,0.00,247.38,0.00,2349.01,10.01,254.01,0.09,50.51,0.00,2.11,0.00,49.10,5.51,-3.04,-0.10
2703.59,0.00,248.81,0.00,2369.59,11.27,252.65,0.05,50.51,0.00,3.00,0.00,51.79,1.11,-3.59,-0.11
2703.59,0.00,248.81,0.00,2424.42,6.69,248.47,-0.06,50.51,0.00,3.00,0.00,56.60,-9.45,-4.60,-0.10
2728.81,0.00,250.50,0.00,2450.43,2.78,246.73,-0.08,50.51,0.00,3.67,0.00,58.65,-7.68,-3.27,0.01
2774.47,0.00,252.74,0.00,2450.43,2.78,246.73,-0.08,50.51,0.00,1.49,0.00,58.65,-7.68,-3.27,0.01
2801.21,0.00,253.20,0.00,2487.16,-0.22,245.24,-0.04,50.51,0.00,0.40,0.00,61.62,-2.24,-1.81,0.09
2826.50,0.00,253.13,0.00,2520.25,0.29,244.62,0.01,50.51,0.00,-0.60,0.00,63.58,3.59,-0.70,0.10
2850.33,0.00,252.60,0.00,2552.65,2.68,244.54,0.04,50.51,0.00,-1.52,0.00,66.50,5.60,0.30,0.05
2873.87,0.00,251.68,0.00,2587.36,4.87,244.99,0.04,50.51,0.00,-2.35,0.00,67.90,2.61,1.31,-0.06
2903.01,0.00,250.03,0.00,2624.60,4.63,246.00,-0.00,50.51,0.00,-3.24,0.00,69.05,-3.11,2.30,-0.09
2931.01,0.00,248.02,0.00,2666.99,1.90,247.70,-0.04,50.51,0.00,-3.93,0.00,71.70,-5.39,3.23,-0.04
2956.64,0.00,246.41,0.00,2701.33,-0.91,249.38,-0.05,50.51,0.00,-2.59,0.00,73.48,-6.38,3.83,-0.03
2978.05,0.00,245.54,0.00,2740.23,-3.34,251.00,-0.04,50.51,0.00,-1.62,0.00,73.87,-2.59,2.46,0.07
3000.00,0.00,245.01,0.00,2778.75,-2.98,251.94,0.00,50.51,0.00,-0.57,0.00,73.89,3.47,1.30,0.09
3000.00,0.00,245.03,0.00,2815.87,0.38,252.30,0.05,50.51,0.00,0.52,0.00,73.38,9.19,0.27,0.09
3000.00,0.00,245.66,0.00,2850.38,6.08,252.17,0.09,50.51,0.00,1.60,0.00,67.38,13.35,-0.72,0.09
3000.00,0.00,246.61,0.00,2885.60,14.59,251.45,0.15,50.51,0.00,2.42,0.00,61.10,17.03,-1.77,0.09
3000.00,0.00,247.98,0.00,2912.72,23.17,250.42,0.19,50.51,0.00,3.17,0.00,56.14,19.54,-2.57,0.10
3000.00,0.00,249.56,0.00,2939.34,32.68,248.95,0.22,50.51,0.00,3.75,0.00,52.76,19.13,-3.31,0.05
3000.00,0.00,251.53,0.00,2964.85,42.03,247.64,0.24,50.51,0.00,4.27,0.00,49.81,18.41,-2.09,0.03
3000.00,0.00,253.15,0.00,2989.32,51.16,246.90,0.26,50.51,0.00,2.98,0.00,47.11,17.68,-0.99,0.02
3000.00,0.00,254.30,0.00,2999.42,58.84,246.67,0.27,50.51,0.00,1.82,0.00,44.88,17.06,-0.07,0.02
3000.00,0.00,254.95,0.00,2999.25,66.95,246.93,0.28,50.51,0.00,0.64,0.00,42.55,16.39,0.95,0.02
3000.00,0.00,255.01,0.00,2999.05,75.32,247.79,0.29,50.51,0.00,-0.30,0.00,40.21,15.72,2.00,0.01
3000.00,0.00,254.46,0.00,2998.89,81.53,248.83,0.29,50.51,0.00,-1.45,0.00,38.53,15.22,2.73,0.01
3000.00,0.00,253.50,0.00,2998.70,88.43,250.40,0.30,50.51,0.00,-2.34,0.00,36.71,14.68,3.45,0.01
3000.00,0.00,252.15,0.00,2998.48,95.64,252.48,0.31,50.51,0.00,-3.10,0.00,34.85,14.12,4.09,0.01
3000.00,0.00,250.67,0.00,2998.26,102.15,254.17,0.31,50.51,0.00,-3.68,0.00,33.21,13.61,2.70,0.01
3000.00,0.00,248.62,0.00,2998.02,108.90,255.21,0.33,50.51,0.00,-4.23,0.00,29.67,15.15,1.54,0.08
3000.00,0.00,246.95,0.00,2997.71,117.29,255.71,0.39,50.51,0.00,-2.90,0.00,25.59,17.08,0.39,0.10
3000.00,0.00,245.97,0.00,2997.35,125.97,255.62,0.44,50.51,0.00,-1.91,0.00,21.80,18.47,-0.64,0.11
3000.00,0.00,245.40,0.00,2996.91,136.05,254.94,0.50,50.51,0.00,-1.07,0.00,17.83,19.42,-1.71,0.12
3000.00,0.00,245.15,0.00,2996.49,145.01,253.90,0.56,50.51,0.00,-0.09,0.00,14.56,19.80,-2.53,0.12
3000.00,0.00,245.40,0.00,2996.08,153.33,252.64,0.61,50.51,0.00,0.94,0.00,11.68,19.84,-3.20,0.12
3000.00,0.00,246.11,0.00,2995.52,163.86,250.66,0.68,50.51,0.00,1.86,0.00,8.19,19.50,-3.90,0.13
3000.00,0.00,247.44,0.00,2995.02,172.85,248.66,0.74,50.51,0.00,2.80,0.00,5.31,18.90,-4.38,0.13
3000.00,0.00,249.16,0.00,2994.39,183.34,246.65,0.82,50.51,0.00,3.56,0.00,2.01,17.80,-2.76,0.13
3000.00,0.00,251.10,0.00,2993.89,191.38,245.64,0.88,50.51,0.00,4.13,0.00,-0.48,16.65,-1.67,0.14
3000.00,0.00,252.66,0.00,2993.02,199.04,245.10,0.95,50.51,0.00,2.87,0.00,-2.87,15.24,-0.67,0.14
3000.00,0.00,253.67,0.00,2990.75,206.68,245.06,1.02,50.51,0.00,1.84,0.00,-5.29,13.39,0.41,0.15
3000.00,0.00,254.33,0.00,2987.49,212.91,245.55,1.10,50.51,0.00,0.66,0.00,-7.34,11.40,1.40,0.15
3000.00,0.00,254.41,0.00,2983.80,217.54,246.38,1.17,50.51,0.00,-0.25,0.00,-8.95,9.45,2.21,0.16
3000.00,0.00,254.01,0.00,2977.76,222.31,248.05,1.26,50.51,0.00,-1.24,0.00,-10.75,6.54,3.17,0.16
3000.00,0.00,253.09,0.00,2972.16,224.84,249.78,1.34,50.51,0.00,-2.18,0.00,-11.88,3.97,3.80,0.17
3000.00,0.00,251.95,0.00,2965.75,226.08,251.91,1.43,50.51,0.00,-2.90,0.00,-12.69,1.08,4.34,0.18
3000.00,0.00,250.19,0.00,2958.04,225.13,253.66,1.55,50.51,0.00,-3.63,0.00,-17.61,-4.73,2.95,0.30
3000.00,0.00,248.55,0.00,2950.44,221.88,254.65,1.68,50.51,0.00,-4.11,0.00,-18.84,-10.57,1.98,0.29
3000.00,0.00,246.85,0.00,2942.50,215.89,255.28,1.80,50.51,0.00,-2.72,0.00,-17.70,-16.46,1.05,0.27
3000.00,0.00,245.76,0.00,2934.47,205.91,255.52,1.93,50.51,0.00,-1.50,0.00,-14.30,-22.47,0.03,0.26
3000.00,0.00,245.29,0.00,2929.25,195.20,255.34,2.04,50.51,0.00,-0.44,0.00,-10.22,-26.68,-0.82,0.24
3000.00,0.00,245.39,0.00,2925.63,180.55,254.63,2.16,50.51,0.00,0.67,0.00,-4.45,-29.89,-1.80,0.22
3000.00,0.00,245.97,0.00,2924.91,166.42,253.61,2.26,50.51,0.00,1.61,0.00,0.75,-31.65,-2.59,0.21
3000.00,0.00,246.98,0.00,2926.80,150.39,252.11,2.36,50.51,0.00,2.46,0.00,6.25,-32.54,-3.33,0.20
3000.00,0.00,248.54,0.00,2931.39,134.08,250.27,2.46,50.51,0.00,3.27,0.00,11.48,-32.50,-3.94,0.19
3000.00,0.00,250.80,0.00,2938.98,117.08,248.60,2.55,50.51,0.00,4.02,0.00,16.53,-31.58,-2.54,0.18
3000.00,0.00,252.67,0.00,2947.53,103.00,247.70,2.63,50.51,0.00,2.44,0.00,20.40,-30.17,-1.51,0.17
3000.00,0.00,253.66,0.00,2958.47,88.79,247.24,2.72,50.51,0.00,1.17,0.00,23.99,-28.21,-0.50,0.16
3000.00,0.00,253.96,0.00,2970.95,76.47,247.26,2.77,50.51,0.00,0.12,0.00,25.93,-22.75,0.49,0.08
3000.00,0.00,253.74,0.00,2982.21,67.45,247.67,2.80,50.51,0.00,-0.89,0.00,26.43,-19.79,1.33,0.05
3000.00,0.00,253.05,0.00,2995.64,58.15,248.60,2.82,50.51,0.00,-1.81,0.00,26.51,-17.31,2.25,0.04
3000.00,0.00,252.15,0.00,2999.56,51.17,249.70,2.84,50.51,0.00,-2.52,0.00,26.39,-15.77,2.92,0.03
3000.00,0.00,250.56,0.00,2999.70,42.72,251.56,2.85,50.51,0.00,-3.32,0.00,26.11,-14.17,3.68,0.03
3000.00,0.00,248.41,0.00,2999.79,35.88,253.02,2.86,50.51,0.00,-4.02,0.00,25.79,-13.03,2.41,0.02
3000.00,0.00,246.97,0.00,2999.87,27.51,254.08,2.88,50.51,0.00,-2.86,0.00,25.34,-11.79,0.95,0.02
3000.00,0.00,245.87,0.00,2999.92,21.89,254.28,2.89,50.51,0.00,-1.71,0.00,25.01,-11.04,-0.03,0.02
3000.00,0.00,245.30,0.00,2999.96,15.64,253.89,2.90,50.51,0.00,-0.62,0.00,24.62,-10.28,-1.18,0.02
3000.00,0.00,245.25,0.00,2999.98,10.93,253.12,2.90,50.51,0.00,0.29,0.00,24.32,-9.75,-2.05,0.01
3000.00,0.00,245.72,0.00,2999.99,5.95,251.79,2.91,50.51,0.00,1.35,0.00,24.00,-9.22,-2.91,0.01
3000.00,0.00,246.59,0.00,3000.00,1.98,250.35,2.92,50.51,0.00,2.21,0.00,23.75,-8.82,-3.53,0.01
3000.00,0.00,247.87,0.00,3000.00,-2.38,248.39,2.92,50.51,0.00,2.99,0.00,23.47,-8.41,-4.11,0.01
3000.00,0.00,249.66,0.00,2999.99,-5.73,246.62,2.93,50.51,0.00,3.70,0.00,23.26,-8.10,-4.49,0.01
3000.00,0.00,251.58,0.00,2999.98,-9.78,244.74,2.93,50.51,0.00,4.22,0.00,23.01,-7.75,-3.01,0.01
3000.00,0.00,253.28,0.00,2999.97,-13.51,243.57,2.94,50.51,0.00,2.87,0.00,22.78,-7.45,-1.83,0.01
3000.00,0.00,254.40,0.00,2999.95,-16.98,242.96,2.94,50.51,0.00,1.68,0.00,22.57,-7.17,-0.81,0.01
3000.00,0.00,254.96,0.00,2999.93,-20.96,242.86,2.95,50.51,0.00,0.58,0.00,22.34,-6.87,0.36,0.01
3000.00,0.00,254.99,0.00,2999.90,-24.30,243.33,2.95,50.51,0.00,-0.39,0.00,22.15,-6.63,1.36,0.01
3000.00,0.00,254.59,0.00,2999.87,-27.87,244.43,2.96,50.51,0.00,-1.27,0.00,21.95,-6.37,2.38,0.01
3000.00,0.00,253.81,0.00,2999.84,-30.99,245.89,2.96,50.51,0.00,-2.10,0.00,21.78,-6.16,3.18,0.01
3000.00,0.00,252.48,0.00,2999.81,-34.16,247.85,2.96,50.51,0.00,-2.94,0.00,21.62,-5.96,3.88,0.01
3000.00,0.00,250.88,0.00,2999.77,-37.09,250.04,2.97,50.51,0.00,-3.61,0.00,21.47,-5.77,4.40,0.01
3000.00,0.00,248.68,0.00,2999.74,-39.82,251.85,2.97,50.51,0.00,-4.22,0.00,21.34,-5.60,2.97,0.01
3000.00,0.00,247.02,0.00,2999.70,-42.43,253.01,2.97,50.51,0.00,-2.89,0.00,21.22,-5.45,1.80,0.01
3000.00,0.00,245.86,0.00,2999.67,-44.47,253.54,2.98,50.51,0.00,-1.67,0.00,21.12,-5.33,0.94,0.01
3000.00,0.00,245.29,0.00,2999.63,-47.30,253.72,2.98,50.51,0.00,-0.52,0.00,21.00,-5.17,-0.22,0.01
3000.00,0.00,245.31,0.00,2999.59,-49.62,253.35,2.98,50.51,0.00,0.49,0.00,20.90,-5.04,-1.18,0.01
3000.00,0.00,245.84,0.00,2999.55,-51.91,252.51,2.99,50.51,0.00,1.48,0.00,20.81,-4.91,-2.10,0.01
3000.00,0.00,246.81,0.00,2999.51,-54.02,251.31,2.99,50.51,0.00,2.36,0.00,20.73,-4.80,-2.88,0.01
3000.00,0.00,248.12,0.00,2999.48,-56.09,249.76,2.99,50.51,0.00,3.10,0.00,20.65,-4.69,-3.54,0.01
3000.00,0.00,249.78,0.00,2999.43,-58.43,247.59,2.99,50.51,0.00,3.74,0.00,20.56,-4.57,-4.17,0.01
3000.00,0.00,251.85,0.00,2999.39,-60.62,245.80,3.00,50.51,0.00,4.28,0.00,20.49,-4.46,-2.71,0.01
3000.00,0.00,253.60,0.00,2999.34,-62.75,244.72,3.00,50.51,0.00,2.88,0.00,20.42,-4.35,-1.49,0.00
3000.00,0.00,254.74,0.00,2999.30,-64.61,244.27,3.00,50.51,0.00,1.67,0.00,20.36,-4.26,-0.50,0.00
3000.00,0.00,255.29,0.00,2999.26,-66.48,244.29,3.00,50.51,0.00,0.62,0.00,20.30,-4.17,0.50,0.00
3000.00,0.00,255.32,0.00,2999.22,-68.35,244.83,3.01,50.51,0.00,-0.38,0.00,20.24,-4.08,1.49,0.00
3000.00,0.00,254.73,0.00,2999.18,-70.20,245.87,3.01,50.51,0.00,-1.52,0.00,20.19,-4.00,2.42,0.00
3000.00,0.00,253.90,0.00,2999.14,-71.98,247.34,3.01,50.51,0.00,-2.29,0.00,20.14,-3.91,3.21,0.00
3000.00,0.00,252.85,0.00,2999.09,-73.81,249.30,3.01,50.51,0.00,-2.92,0.00,20.10,-3.83,3.90,0.00
3000.00,0.00,251.05,0.00,2999.05,-75.59,251.59,3.02,50.51,0.00,-3.66,0.00,20.05,-3.75,4.43,0.00
3000.00,0.00,249.32,0.00,2999.00,-77.32,253.52,3.02,50.51,0.00,-4.15,0.00,20.01,-3.67,2.91,0.00
3000.00,0.00,247.77,0.00,2998.96,-78.93,254.68,3.02,50.51,0.00,-2.91,0.00,19.98,-3.60,1.69,0.00
