-2500.00,0.00,0.00,0.00,-2584.07,-445.64,0.92,-0.97,0.00,0.00,0.00,0.00,0.00,0.00,0.00,0.00
-2499.44,0.00,0.28,0.00,-2583.38,-444.08,0.69,-0.93,2.01,0.00,1.00,0.00,2.57,6.15,-0.92,0.19
-2498.18,0.00,0.90,0.00,-2581.96,-439.86,0.07,-0.82,3.72,0.00,1.81,0.00,3.29,12.02,-1.77,0.26
-2496.04,0.00,1.92,0.00,-2580.66,-431.79,0.00,-0.69,5.52,0.00,2.59,0.00,1.42,17.75,-0.66,0.26
-2493.30,0.00,3.17,0.00,-2580.99,-421.32,0.00,-0.56,7.19,0.00,3.23,0.00,-2.51,21.35,0.40,0.24
-2489.07,0.00,5.00,0.00,-2583.44,-410.35,0.46,-0.44,9.18,0.00,3.87,0.00,-7.05,22.81,1.36,0.22
-2483.43,0.00,7.29,0.00,-2588.04,-399.32,1.35,-0.34,11.28,0.00,4.42,0.00,-11.59,22.81,2.23,0.21
-2476.81,0.00,9.77,0.00,-2595.17,-388.06,2.71,-0.24,13.29,0.00,4.82,0.00,-16.06,21.70,3.04,0.19
-2469.60,0.00,12.28,0.00,-2605.03,-377.01,4.56,-0.14,15.15,0.00,5.10,0.00,-20.22,19.67,3.75,0.18
-2461.57,0.00,14.88,0.00,-2616.30,-367.67,6.63,-0.05,16.94,0.00,5.30,0.00,-23.53,17.20,4.29,0.17
-2452.99,0.00,17.46,0.00,-2628.15,-360.17,8.77,0.03,18.62,0.00,5.45,0.00,-26.03,14.62,4.68,0.16
-2442.54,0.00,20.40,0.00,-2642.62,-353.30,11.36,0.11,20.44,0.00,5.57,0.00,-28.19,11.59,5.01,0.16
-2430.79,0.00,23.48,0.00,-2656.52,-348.48,13.82,0.19,22.24,0.00,5.65,0.00,-29.61,8.80,5.23,0.15
-2419.75,0.00,26.19,0.00,-2670.48,-343.73,16.83,0.27,23.76,0.00,5.70,0.00,-21.03,8.48,5.42,0.15
-2409.14,0.00,28.67,0.00,-2679.00,-339.26,19.56,0.35,25.09,0.00,5.73,0.00,-14.03,9.57,5.54,0.16
-2395.78,0.00,31.64,0.00,-2683.85,-334.49,22.08,0.42,26.61,0.00,5.76,0.00,-8.16,11.59,5.62,0.17
-2382.69,0.00,34.40,0.00,-2685.62,-329.75,24.50,0.47,27.97,0.00,5.78,0.00,-0.84,10.91,5.67,0.05
-2370.87,0.00,36.79,0.00,-2683.68,-324.29,27.32,0.47,29.10,0.00,5.80,0.00,7.86,11.18,5.72,-0.05
-2356.34,0.00,39.62,0.00,-2677.27,-318.67,30.19,0.43,30.38,0.00,5.81,0.00,16.84,11.13,5.75,-0.12
-2338.68,0.00,42.91,0.00,-2666.58,-313.42,33.04,0.36,31.79,0.00,5.82,0.00,25.60,10.06,5.78,-0.13
-2327.12,0.00,45.00,0.00,-2651.50,-308.94,35.92,0.30,32.64,0.00,5.82,0.00,34.02,7.98,5.79,-0.13
-2309.70,0.00,48.04,0.00,-2633.33,-305.02,38.65,0.25,33.83,0.00,5.82,0.00,42.09,8.62,5.80,-0.06
-2294.20,0.00,50.67,0.00,-2611.94,-300.05,41.41,0.25,34.80,0.00,5.83,0.00,47.47,12.31,5.81,0.04
-2276.33,0.00,53.62,0.00,-2586.98,-292.40,44.31,0.28,35.84,0.00,5.83,0.00,52.01,18.06,5.82,0.09
-2255.85,0.00,56.89,0.00,-2562.46,-283.50,46.90,0.31,36.92,0.00,5.83,0.00,57.36,21.35,5.82,0.05
-2238.98,0.00,59.52,0.00,-2533.57,-273.43,49.70,0.31,37.74,0.00,5.83,0.00,62.51,20.24,5.82,-0.05
-2221.04,0.00,62.26,0.00,-2501.79,-264.51,52.53,0.28,38.55,0.00,5.83,0.00,67.79,16.58,5.83,-0.09
-2202.67,0.00,65.01,0.00,-2463.91,-257.04,55.65,0.23,39.32,0.00,5.83,0.00,72.86,11.75,5.83,-0.09
-2184.48,0.00,67.68,0.00,-2428.97,-251.81,58.36,0.20,40.02,0.00,5.83,0.00,77.19,11.07,5.83,-0.04
-2163.08,0.00,70.77,0.00,-2384.39,-245.65,61.62,0.18,40.79,0.00,5.83,0.00,81.60,10.99,5.83,-0.03
-2141.38,0.00,73.84,0.00,-2350.15,-241.12,64.02,0.17,41.50,0.00,5.83,0.00,84.32,11.03,5.83,-0.02
-2120.86,0.00,76.70,0.00,-2308.81,-235.80,66.83,0.16,42.12,0.00,5.83,0.00,87.05,11.08,5.83,-0.02
-2099.58,0.00,79.62,0.00,-2268.50,-229.86,69.53,0.17,42.71,0.00,5.83,0.00,87.29,14.76,5.83,0.06
-2078.53,0.00,82.48,0.00,-2222.98,-221.48,72.54,0.20,43.25,0.00,5.83,0.00,89.05,17.24,5.83,0.03
-2055.90,0.00,85.51,0.00,-2174.92,-211.76,75.65,0.21,43.79,0.00,5.83,0.00,90.53,18.86,5.83,0.02
-2034.97,0.00,88.28,0.00,-2124.90,-202.42,78.87,0.19,44.25,0.00,5.83,0.00,91.11,14.71,5.83,-0.07
-2013.99,0.00,91.03,0.00,-2077.79,-196.49,81.87,0.15,44.68,0.00,5.83,0.00,91.58,8.90,5.83,-0.08
-1993.07,0.00,93.75,0.00,-2031.88,-192.55,84.78,0.13,45.07,0.00,5.83,0.00,92.70,7.39,5.83,-0.04
-1970.00,0.00,96.72,0.00,-1985.19,-189.03,87.70,0.11,45.47,0.00,5.83,0.00,93.52,6.75,5.83,-0.02
-1945.25,0.00,99.88,0.00,-1932.03,-185.36,91.00,0.10,45.87,0.00,5.83,0.00,94.23,6.31,5.83,-0.02
-1921.06,0.00,102.94,0.00,-1872.07,-181.49,94.70,0.09,46.23,0.00,5.83,0.00,94.83,5.94,5.83,-0.01
-1897.29,0.00,105.93,0.00,-1817.76,-178.19,98.03,0.09,46.55,0.00,5.83,0.00,95.26,5.66,5.83,-0.01
-1875.37,0.00,108.67,0.00,-1763.95,-175.07,101.32,0.08,46.82,0.00,5.83,0.00,95.65,5.42,5.83,-0.01
-1847.17,0.00,112.17,0.00,-1717.99,-172.52,104.12,0.08,47.15,0.00,5.83,0.00,95.98,5.24,5.83,-0.01
-1825.60,0.00,114.83,0.00,-1662.95,-168.05,107.67,0.10,47.37,0.00,5.83,0.00,85.71,9.72,5.83,0.08
-1777.68,0.00,120.70,0.00,-1662.95,-168.05,107.67,0.10,47.83,0.00,5.83,0.00,85.71,9.72,5.83,0.08
-1759.28,0.00,122.94,0.00,-1618.07,-160.99,110.91,0.14,47.98,0.00,5.83,0.00,77.27,15.11,5.83,0.09
-1740.04,0.00,125.27,0.00,-1575.11,-150.47,114.35,0.20,48.13,0.00,5.83,0.00,69.05,19.83,5.83,0.09
-1714.37,0.00,128.38,0.00,-1544.43,-140.44,117.08,0.24,48.32,0.00,5.83,0.00,63.09,22.74,5.83,0.09
-1689.52,0.00,131.37,0.00,-1516.24,-129.13,119.82,0.28,48.49,0.00,5.83,0.00,57.48,25.05,5.83,0.10
-1662.48,0.00,134.62,0.00,-1489.92,-116.51,122.64,0.33,48.66,0.00,5.83,0.00,52.07,26.92,5.83,0.10
-1638.39,0.00,137.50,0.00,-1464.98,-102.40,125.60,0.38,48.80,0.00,5.83,0.00,46.74,28.44,5.83,0.10
-1614.30,0.00,140.37,0.00,-1439.44,-85.26,129.02,0.44,48.92,0.00,5.83,0.00,40.93,29.74,5.83,0.10
-1593.97,0.00,142.80,0.00,-1421.84,-71.50,131.68,0.49,49.02,0.00,5.83,0.00,36.66,30.46,5.83,0.11
-1571.95,0.00,145.41,0.00,-1401.84,-58.21,134.93,0.46,49.13,0.00,5.83,0.00,35.73,18.04,5.83,-0.17
-1543.41,0.00,148.80,0.00,-1383.89,-52.53,137.89,0.37,49.25,0.00,5.83,0.00,34.75,5.71,5.83,-0.20
-1519.67,0.00,151.60,0.00,-1366.35,-52.65,140.98,0.26,49.34,0.00,5.83,0.00,31.49,-4.67,5.83,-0.21
-1496.97,0.00,154.29,0.00,-1351.16,-57.32,144.04,0.15,49.42,0.00,5.83,0.00,26.53,-11.96,5.83,-0.21
-1469.97,0.00,157.47,0.00,-1340.39,-63.71,146.67,0.06,49.51,0.00,5.83,0.00,21.76,-15.85,5.83,-0.21
-1442.83,0.00,160.66,0.00,-1330.45,-73.33,149.83,-0.06,49.59,0.00,5.83,0.00,15.50,-19.13,5.83,-0.22
-1415.80,0.00,163.84,0.00,-1323.49,-85.19,153.27,-0.19,49.67,0.00,5.83,0.00,8.73,-20.72,5.83,-0.23
-1388.06,0.00,167.10,0.00,-1320.70,-94.79,155.97,-0.30,49.74,0.00,5.83,0.00,3.85,-20.68,5.83,-0.23
-1363.94,0.00,169.92,0.00,-1319.98,-104.21,158.70,-0.40,49.80,0.00,5.83,0.00,-0.33,-19.66,5.83,-0.22
-1341.06,0.00,172.60,0.00,-1321.35,-114.44,161.90,-0.52,49.85,0.00,5.83,0.00,-4.23,-17.71,5.83,-0.21
-1311.80,0.00,176.02,0.00,-1322.57,-123.41,164.73,-0.61,49.91,0.00,5.83,0.00,-1.13,-19.28,5.83,-0.19
-1287.79,0.00,178.83,0.00,-1321.38,-132.37,167.59,-0.66,49.95,0.00,5.83,0.00,5.37,-17.82,5.83,-0.03
-1262.34,0.00,181.80,0.00,-1318.09,-140.34,170.71,-0.64,49.99,0.00,5.83,0.00,6.78,-12.58,5.83,0.10
-1236.33,0.00,184.83,0.00,-1314.20,-145.49,173.76,-0.58,50.03,0.00,5.83,0.00,7.91,-7.63,5.83,0.16
-1207.99,0.00,188.13,0.00,-1309.36,-148.20,177.19,-0.47,50.08,0.00,5.83,0.00,8.34,-2.12,5.83,0.18
-1184.07,0.00,190.92,0.00,-1305.02,-147.93,180.31,-0.37,50.11,0.00,5.83,0.00,7.79,2.57,5.83,0.19
-1156.87,0.00,194.08,0.00,-1298.63,-145.98,183.57,-0.27,50.14,0.00,5.83,0.00,14.33,4.37,5.83,0.18
-1132.02,0.00,196.97,0.00,-1289.07,-143.04,186.73,-0.17,50.17,0.00,5.83,0.00,20.32,6.34,5.83,0.16
-1107.27,0.00,199.85,0.00,-1276.96,-139.23,189.74,-0.10,50.20,0.00,5.83,0.00,25.92,8.23,5.83,0.14
-1080.97,0.00,202.90,0.00,-1262.31,-135.39,192.63,-0.04,50.22,0.00,5.83,0.00,32.59,7.40,5.83,0.07
-1052.74,0.00,206.18,0.00,-1244.88,-132.69,195.50,-0.03,50.25,0.00,5.83,0.00,37.76,3.79,5.83,-0.04
-1024.47,0.00,209.46,0.00,-1224.79,-132.07,198.40,-0.07,50.27,0.00,5.83,0.00,42.61,-0.98,5.83,-0.10
-998.34,0.00,212.49,0.00,-1200.59,-134.33,201.52,-0.13,50.29,0.00,5.83,0.00,47.18,-6.98,5.83,-0.11
-976.14,0.00,215.07,0.00,-1177.65,-138.21,204.19,-0.16,50.30,0.00,5.83,0.00,52.29,-9.56,5.83,-0.06
-948.88,0.00,218.23,0.00,-1151.19,-142.48,207.02,-0.17,50.32,0.00,5.83,0.00,56.55,-7.81,5.83,0.05
-925.04,0.00,220.99,0.00,-1119.69,-145.43,210.13,-0.13,50.33,0.00,5.83,0.00,61.05,-3.43,5.83,0.09
-901.49,0.00,223.72,0.00,-1091.72,-146.66,212.70,-0.10,50.35,0.00,5.83,0.00,65.33,-2.42,5.83,0.05
-875.33,0.00,226.75,0.00,-1057.78,-147.71,215.62,-0.08,50.36,0.00,5.83,0.00,69.70,-1.88,5.83,0.03
-848.52,0.00,229.85,0.00,-1017.16,-148.65,218.91,-0.06,50.37,0.00,5.83,0.00,74.03,-1.51,5.83,0.02
-823.12,0.00,232.80,0.00,-986.91,-149.21,221.24,-0.05,50.38,0.00,5.83,0.00,76.72,-1.30,5.83,0.02
-798.90,0.00,235.60,0.00,-947.73,-150.82,224.19,-0.07,50.39,0.00,5.83,0.00,78.06,-5.21,5.83,-0.07
-780.90,0.00,237.68,0.00,-906.06,-154.26,227.25,-0.09,50.40,0.00,5.83,0.00,80.75,-7.48,5.83,-0.03
-753.81,0.00,240.82,0.00,-861.16,-158.83,230.44,-0.11,50.41,0.00,5.83,0.00,83.11,-9.00,5.83,-0.02
-727.51,0.00,243.86,0.00,-820.80,-162.44,233.26,-0.10,50.42,0.00,5.83,0.00,84.02,-5.71,5.83,0.06
-697.31,0.00,247.35,0.00,-782.28,-163.83,235.92,-0.06,50.43,0.00,5.83,0.00,84.64,-0.78,5.83,0.08
-675.61,0.00,249.86,0.00,-735.61,-163.63,239.09,-0.03,50.43,0.00,5.83,0.00,86.51,1.00,5.83,0.04
-649.79,0.00,252.85,0.00,-694.30,-162.96,241.86,-0.02,50.44,0.00,5.83,0.00,87.86,1.72,5.83,0.02
-623.65,0.00,255.34,0.00,-650.48,-162.98,244.77,-0.03,50.44,0.00,4.03,0.00,87.55,-2.06,5.83,-0.06
-599.38,0.00,256.92,0.00,-612.02,-165.15,247.34,-0.06,50.45,0.00,2.73,0.00,87.08,-7.33,5.83,-0.08
-572.76,0.00,258.01,0.00,-571.38,-169.21,250.05,-0.09,50.45,0.00,1.53,0.00,88.03,-9.64,5.83,-0.04
-549.62,0.00,258.47,0.00,-530.16,-173.14,252.78,-0.09,50.46,0.00,0.58,0.00,87.98,-6.79,5.83,0.05
-523.30,0.00,258.47,0.00,-487.62,-174.97,255.60,-0.05,50.46,0.00,-0.47,0.00,88.02,-1.20,5.83,0.08
-500.30,0.00,258.03,0.00,-441.55,-173.83,258.65,-0.01,50.47,0.00,-1.36,0.00,87.78,4.87,5.83,0.09
-474.76,0.00,257.08,0.00,-397.28,-170.87,261.07,0.02,50.47,0.00,-2.27,0.00,88.97,6.48,4.09,0.04
-451.70,0.00,255.86,0.00,-355.70,-168.59,262.65,0.02,50.47,0.00,-3.00,0.00,88.73,3.04,2.81,-0.06
-423.52,0.00,253.95,0.00,-313.27,-169.25,263.73,-0.03,50.48,0.00,-3.75,0.00,80.46,-5.04,1.65,-0.11
-396.59,0.00,251.77,0.00,-279.42,-172.49,264.24,-0.07,50.48,0.00,-4.31,0.00,72.45,-8.84,0.71,-0.08
-367.76,0.00,249.16,0.00,-246.20,-177.62,264.32,-0.10,50.48,0.00,-4.76,0.00,64.44,-11.74,-0.27,-0.08
-367.76,0.00,249.16,0.00,-195.06,-189.93,263.27,-0.17,50.48,0.00,-4.76,0.00,51.41,-15.42,-1.97,-0.08
-340.90,0.00,247.11,0.00,-172.48,-197.54,262.13,-0.21,50.48,0.00,-3.19,0.00,45.15,-16.71,-2.76,-0.08
-318.37,0.00,245.96,0.00,-149.51,-207.18,260.35,-0.26,50.49,0.00,-2.10,0.00,38.21,-17.74,-3.55,-0.09
-289.79,0.00,245.15,0.00,-134.26,-212.75,258.76,-0.25,50.49,0.00,-0.89,0.00,35.49,-9.47,-4.04,0.14
-263.69,0.00,244.99,0.00,-116.28,-214.34,256.45,-0.15,50.49,0.00,0.15,0.00,31.94,2.23,-4.53,0.20
-238.41,0.00,245.34,0.00,-101.99,-210.97,254.16,-0.05,50.49,0.00,1.14,0.00,27.37,10.49,-4.87,0.21
-214.91,0.00,246.10,0.00,-88.77,-203.28,251.40,0.06,50.49,0.00,2.01,0.00,21.27,16.48,-5.16,0.21
-182.78,0.00,247.75,0.00,-79.00,-193.65,248.57,0.17,50.50,0.00,3.04,0.00,15.74,19.01,-5.36,0.20
-158.14,0.00,249.41,0.00,-71.07,-181.90,245.98,0.28,50.50,0.00,3.70,0.00,10.81,19.41,-3.42,0.18
-132.11,0.00,251.48,0.00,-65.60,-174.62,244.83,0.32,50.50,0.00,4.25,0.00,15.81,16.94,-2.40,0.04
-112.26,0.00,252.91,0.00,-55.04,-166.40,243.89,0.32,50.50,0.00,3.14,0.00,22.79,13.89,-1.21,-0.08
-63.43,0.00,254.79,0.00,-55.04,-166.40,243.89,0.32,50.50,0.00,0.94,0.00,22.79,13.89,-1.21,-0.08
-34.24,0.00,254.96,0.00,-42.12,-160.41,243.57,0.25,50.50,0.00,-0.22,0.00,22.01,7.55,-0.04,-0.14
-10.52,0.00,254.62,0.00,-32.27,-158.18,243.78,0.18,50.50,0.00,-1.15,0.00,20.95,2.68,0.87,-0.15
18.94,0.00,253.60,0.00,-20.25,-157.94,244.48,0.11,50.50,0.00,-2.22,0.00,26.41,-1.41,1.82,-0.15
18.94,0.00,253.60,0.00,10.94,-163.59,247.15,-0.03,50.50,0.00,-2.22,0.00,35.49,-9.41,3.40,-0.13
45.07,0.00,252.21,0.00,28.62,-168.89,248.91,-0.09,50.50,0.00,-3.05,0.00,39.18,-12.74,3.97,-0.12
69.83,0.00,250.53,0.00,52.36,-175.26,251.33,-0.11,50.51,0.00,-3.70,0.00,44.33,-9.81,4.51,0.03
96.26,0.00,248.43,0.00,71.50,-178.56,252.90,-0.09,50.51,0.00,-4.26,0.00,48.15,-6.39,3.30,0.09
116.55,0.00,246.97,0.00,97.06,-180.37,254.22,-0.04,50.51,0.00,-3.13,0.00,52.41,-1.18,2.06,0.11
166.91,0.00,245.08,0.00,97.06,-180.37,254.22,-0.04,50.51,0.00,-0.87,0.00,52.41,-1.18,2.06,0.11
194.99,0.00,244.94,0.00,127.74,-179.15,255.00,0.02,50.51,0.00,0.25,0.00,56.41,4.95,0.86,0.10
194.99,0.00,244.94,0.00,180.59,-173.76,254.95,0.06,50.51,0.00,0.25,0.00,63.30,5.27,-0.89,-0.03
218.29,0.00,245.28,0.00,211.77,-172.31,254.27,0.03,50.51,0.00,1.16,0.00,66.00,0.87,-1.80,-0.09
243.44,0.00,246.12,0.00,245.39,-173.38,253.14,-0.01,50.51,0.00,2.08,0.00,68.27,-4.63,-2.66,-0.09
267.83,0.00,247.34,0.00,283.90,-176.61,251.43,-0.05,50.51,0.00,2.87,0.00,71.97,-6.69,-3.45,-0.04
314.87,0.00,250.63,0.00,283.90,-176.61,251.43,-0.05,50.51,0.00,4.07,0.00,71.97,-6.69,-3.45,-0.04
340.18,0.00,252.28,0.00,323.37,-179.37,249.37,-0.04,50.51,0.00,2.71,0.00,73.94,-3.20,-4.09,0.06
362.78,0.00,253.24,0.00,362.95,-179.35,247.64,0.00,50.51,0.00,1.68,0.00,75.55,2.83,-2.66,0.09
385.80,0.00,253.76,0.00,403.01,-176.10,246.59,0.05,50.51,0.00,0.73,0.00,76.59,8.85,-1.47,0.09
412.51,0.00,253.84,0.00,441.14,-171.21,246.15,0.08,50.51,0.00,-0.33,0.00,78.91,10.67,-0.46,0.04
437.93,0.00,253.40,0.00,480.66,-166.68,246.19,0.08,50.51,0.00,-1.32,0.00,79.96,7.29,0.54,-0.06
466.00,0.00,252.35,0.00,514.25,-164.76,246.61,0.04,50.51,0.00,-2.32,0.00,80.75,2.27,1.35,-0.09
488.74,0.00,251.12,0.00,560.20,-165.76,247.70,-0.01,50.51,0.00,-3.04,0.00,81.30,-5.00,2.37,-0.09
511.18,0.00,249.62,0.00,597.14,-169.39,248.96,-0.05,50.51,0.00,-3.64,0.00,81.34,-10.37,3.08,-0.09
533.84,0.00,248.28,0.00,633.81,-175.25,250.50,-0.09,50.51,0.00,-2.48,0.00,81.18,-15.05,3.69,-0.09
555.54,0.00,247.45,0.00,675.79,-181.14,252.09,-0.08,50.51,0.00,-1.52,0.00,73.05,-6.15,2.29,0.12
582.41,0.00,246.97,0.00,709.36,-182.40,252.90,-0.03,50.51,0.00,-0.42,0.00,68.15,0.01,1.24,0.09
607.26,0.00,247.03,0.00,740.31,-181.02,253.23,0.01,50.51,0.00,0.57,0.00,63.41,5.15,0.27,0.09
632.68,0.00,247.58,0.00,769.80,-177.30,253.11,0.06,50.51,0.00,1.54,0.00,58.67,9.61,-0.69,0.10
659.04,0.00,248.66,0.00,795.60,-171.99,252.56,0.11,50.51,0.00,2.46,0.00,54.31,13.10,-1.58,0.10
659.04,0.00,248.66,0.00,839.39,-158.11,250.49,0.19,50.51,0.00,2.46,0.00,46.39,18.13,-3.04,0.10
705.07,0.00,251.15,0.00,839.39,-158.11,250.49,0.19,50.51,0.00,2.13,0.00,46.39,18.13,-3.04,0.10
729.01,0.00,251.89,0.00,862.63,-147.82,249.25,0.25,50.51,0.00,1.10,0.00,41.81,20.38,-1.79,0.11
753.92,0.00,252.16,0.00,880.60,-138.20,248.68,0.30,50.51,0.00,0.10,0.00,38.03,21.94,-0.83,0.11
782.38,0.00,251.87,0.00,900.05,-129.53,248.55,0.28,50.51,0.00,-1.02,0.00,35.17,11.04,0.24,-0.16
811.07,0.00,250.95,0.00,916.68,-126.99,248.93,0.19,50.51,0.00,-2.08,0.00,32.53,0.46,1.21,-0.19
840.27,0.00,249.45,0.00,933.08,-129.53,249.89,0.09,50.51,0.00,-3.01,0.00,28.23,-8.54,2.20,-0.20
840.27,0.00,249.45,0.00,958.74,-146.16,250.94,-0.14,50.51,0.00,-3.01,0.00,16.39,-18.64,-0.20,-0.21
870.84,0.00,248.11,0.00,965.84,-156.20,250.54,-0.24,50.51,0.00,-1.60,0.00,11.43,-19.71,-1.22,-0.20
919.24,0.00,247.57,0.00,965.84,-156.20,250.54,-0.24,50.51,0.00,0.36,0.00,11.43,-19.71,-1.22,-0.20
943.41,0.00,247.99,0.00,972.29,-165.95,249.72,-0.33,50.51,0.00,1.30,0.00,15.14,-21.00,-2.11,-0.16
966.55,0.00,248.80,0.00,983.04,-176.77,248.22,-0.36,50.51,0.00,2.13,0.00,22.11,-17.62,-3.03,0.02
991.58,0.00,250.08,0.00,993.40,-183.74,247.09,-0.33,50.51,0.00,2.94,0.00,21.74,-12.37,-1.90,0.11
1020.07,0.00,251.32,0.00,1002.99,-188.04,246.48,-0.28,50.51,0.00,1.63,0.00,21.22,-7.38,-0.95,0.15
1043.21,0.00,251.82,0.00,1013.15,-190.23,246.28,-0.20,50.51,0.00,0.67,0.00,20.15,-2.10,0.04,0.16
1068.52,0.00,251.88,0.00,1024.22,-190.27,246.55,-0.13,50.51,0.00,-0.33,0.00,25.61,1.62,0.99,0.15
1068.52,0.00,251.88,0.00,1049.98,-185.91,248.10,-0.01,50.51,0.00,-0.33,0.00,34.00,8.20,2.53,0.13
1092.45,0.00,251.48,0.00,1064.80,-181.88,249.29,0.05,50.51,0.00,-1.26,0.00,37.53,11.06,3.16,0.12
1115.07,0.00,250.71,0.00,1088.70,-175.26,251.37,0.10,50.51,0.00,-2.09,0.00,44.24,11.68,3.90,0.06
1142.43,0.00,249.31,0.00,1113.44,-169.97,253.01,0.10,50.51,0.00,-2.97,0.00,48.94,8.39,2.51,-0.06
1168.58,0.00,248.13,0.00,1140.79,-166.94,253.99,0.05,50.51,0.00,-1.75,0.00,53.39,3.28,1.32,-0.10
1192.31,0.00,247.56,0.00,1167.53,-166.76,254.37,0.00,50.51,0.00,-0.77,0.00,56.81,-2.03,0.33,-0.10
1235.15,0.00,247.67,0.00,1167.53,-166.76,254.37,0.00,50.51,0.00,0.93,0.00,56.81,-2.03,0.33,-0.10
1255.64,0.00,248.22,0.00,1198.51,-169.51,254.24,-0.05,50.51,0.00,1.70,0.00,59.89,-7.75,-0.72,-0.10
1278.16,0.00,249.17,0.00,1223.33,-173.01,253.77,-0.08,50.51,0.00,2.48,0.00,63.22,-9.35,-1.50,-0.05
1301.97,0.00,250.53,0.00,1255.80,-177.06,252.77,-0.08,50.51,0.00,3.20,0.00,66.02,-6.58,-2.39,0.05
1330.18,0.00,251.90,0.00,1292.67,-179.00,251.21,-0.04,50.51,0.00,1.86,0.00,68.84,-0.83,-3.23,0.09
1357.49,0.00,252.56,0.00,1330.38,-177.62,249.86,0.01,50.51,0.00,0.72,0.00,70.97,5.31,-1.93,0.09
1382.94,0.00,252.64,0.00,1368.02,-174.26,249.18,0.04,50.51,0.00,-0.29,0.00,74.20,7.21,-0.83,0.04
1409.44,0.00,252.19,0.00,1405.27,-171.38,249.04,0.04,50.51,0.00,-1.32,0.00,75.77,4.16,0.17,-0.06
1431.53,0.00,251.41,0.00,1439.40,-170.68,249.33,0.01,50.51,0.00,-2.12,0.00,76.98,-0.74,1.05,-0.09
1454.64,0.00,250.25,0.00,1476.15,-172.50,250.06,-0.03,50.51,0.00,-2.87,0.00,77.87,-6.31,1.94,-0.09
1478.43,0.00,248.72,0.00,1513.83,-176.10,251.20,-0.06,50.51,0.00,-3.53,0.00,80.04,-8.33,2.74,-0.04
1502.43,0.00,247.37,0.00,1550.93,-179.32,252.19,-0.06,50.51,0.00,-2.33,0.00,80.88,-5.42,1.68,0.05
1527.56,0.00,246.51,0.00,1590.18,-180.47,252.73,-0.02,50.51,0.00,-1.24,0.00,81.67,0.31,0.67,0.09
1557.76,0.00,246.17,0.00,1633.78,-178.32,252.77,0.03,50.51,0.00,-0.02,0.00,82.06,7.03,-0.40,0.09
1578.96,0.00,246.36,0.00,1673.29,-173.48,252.33,0.07,50.51,0.00,0.81,0.00,82.04,12.41,-1.34,0.09
1611.13,0.00,247.30,0.00,1714.69,-166.85,251.40,0.10,50.51,0.00,2.01,0.00,83.84,13.81,-2.25,0.04
1632.47,0.00,248.32,0.00,1758.76,-162.42,249.87,0.06,50.51,0.00,2.72,0.00,74.78,2.07,-3.13,-0.14
1655.11,0.00,249.71,0.00,1794.96,-163.91,248.03,-0.00,50.51,0.00,3.38,0.00,65.04,-6.45,-3.81,-0.12
1681.14,0.00,251.63,0.00,1828.24,-169.64,246.36,-0.07,50.51,0.00,4.00,0.00,54.96,-12.99,-2.36,-0.13
1708.82,0.00,253.37,0.00,1850.47,-176.26,245.57,-0.13,50.51,0.00,2.54,0.00,47.36,-16.65,-1.39,-0.13
1733.91,0.00,254.32,0.00,1871.01,-185.01,245.16,-0.19,50.51,0.00,1.43,0.00,39.33,-19.48,-0.40,-0.14
1759.70,0.00,254.75,0.00,1889.87,-196.34,245.27,-0.27,50.51,0.00,0.38,0.00,30.45,-21.48,0.69,-0.15
1788.23,0.00,254.61,0.00,1904.24,-208.71,245.99,-0.35,50.51,0.00,-0.75,0.00,21.69,-22.32,1.76,-0.16
1815.99,0.00,253.88,0.00,1914.29,-216.97,247.07,-0.36,50.51,0.00,-1.80,0.00,20.36,-12.90,2.60,0.12
1843.26,0.00,252.63,0.00,1923.80,-220.89,248.50,-0.28,50.51,0.00,-2.72,0.00,19.37,-4.31,3.31,0.20
1867.92,0.00,251.10,0.00,1932.62,-220.97,250.25,-0.18,50.51,0.00,-3.43,0.00,17.41,3.08,3.91,0.21
1892.87,0.00,249.25,0.00,1941.63,-217.02,252.70,-0.06,50.51,0.00,-4.02,0.00,13.82,9.58,4.47,0.21
1916.93,0.00,247.68,0.00,1946.51,-212.59,254.22,0.02,50.51,0.00,-2.73,0.00,11.02,12.35,3.32,0.20
1944.22,0.00,246.58,0.00,1951.25,-205.45,255.58,0.12,50.51,0.00,-1.50,0.00,7.32,14.41,2.03,0.19
1972.20,0.00,246.10,0.00,1955.65,-198.30,256.26,0.20,50.51,0.00,-0.36,0.00,11.27,16.34,1.03,0.18
1972.20,0.00,246.10,0.00,1972.26,-183.44,256.30,0.29,50.51,0.00,-0.36,0.00,23.30,14.34,-0.85,-0.02
1995.55,0.00,246.17,0.00,1987.90,-176.23,255.46,0.25,50.51,0.00,0.57,0.00,30.49,10.92,-1.94,-0.11
2024.13,0.00,246.83,0.00,2008.12,-171.29,254.00,0.18,50.51,0.00,1.66,0.00,37.33,6.13,-2.91,-0.13
2055.78,0.00,248.25,0.00,2030.74,-169.45,252.13,0.11,50.51,0.00,2.74,0.00,42.95,0.92,-3.68,-0.12
2087.03,0.00,250.25,0.00,2050.67,-170.04,250.38,0.06,50.51,0.00,3.61,0.00,46.79,-3.15,-4.16,-0.12
2116.30,0.00,251.86,0.00,2072.99,-172.48,248.80,0.01,50.51,0.00,2.15,0.00,50.28,-7.05,-2.90,-0.11
2134.53,0.00,252.48,0.00,2095.55,-175.71,247.80,-0.03,50.51,0.00,1.36,0.00,54.59,-7.86,-1.89,-0.06
2159.74,0.00,252.88,0.00,2121.06,-178.66,247.19,-0.03,50.51,0.00,0.34,0.00,57.80,-5.19,-0.93,0.04
2182.68,0.00,252.80,0.00,2152.87,-179.97,247.01,0.00,50.51,0.00,-0.57,0.00,61.30,0.04,0.14,0.09
2208.65,0.00,252.23,0.00,2185.87,-178.23,247.38,0.05,50.51,0.00,-1.56,0.00,64.10,6.03,1.18,0.10
2235.25,0.00,251.13,0.00,2217.77,-174.67,248.19,0.09,50.51,0.00,-2.49,0.00,67.78,8.28,2.07,0.05
2261.60,0.00,249.60,0.00,2252.80,-171.11,249.48,0.08,50.51,0.00,-3.28,0.00,70.16,5.46,2.90,-0.06
2288.40,0.00,248.24,0.00,2290.23,-169.82,250.64,0.04,50.51,0.00,-1.99,0.00,72.34,-0.15,1.68,-0.09
2314.52,0.00,247.53,0.00,2327.52,-171.47,251.20,-0.00,50.51,0.00,-0.89,0.00,73.89,-5.72,0.62,-0.09
2342.10,0.00,247.38,0.00,2372.04,-175.49,251.18,-0.04,50.51,0.00,0.21,0.00,77.10,-7.47,-0.56,-0.04
2369.65,0.00,247.82,0.00,2405.88,-178.16,250.73,-0.04,50.51,0.00,1.28,0.00,78.17,-4.65,-1.41,0.05
2390.78,0.00,248.53,0.00,2440.68,-179.06,249.91,-0.01,50.51,0.00,2.05,0.00,79.15,0.29,-2.21,0.09
2414.61,0.00,249.71,0.00,2476.00,-177.60,248.75,0.03,50.51,0.00,2.83,0.00,79.79,5.75,-2.93,0.09
2439.16,0.00,251.27,0.00,2508.74,-174.17,247.77,0.07,50.51,0.00,3.52,0.00,80.11,10.45,-1.96,0.09
2465.68,0.00,252.73,0.00,2555.43,-168.73,247.04,0.08,50.51,0.00,2.21,0.00,81.14,7.71,-0.73,-0.05
2488.38,0.00,253.48,0.00,2596.58,-166.45,246.95,0.04,50.51,0.00,1.22,0.00,81.98,1.66,0.28,-0.09
2513.01,0.00,253.80,0.00,2635.12,-167.53,247.36,-0.01,50.51,0.00,0.23,0.00,75.19,-5.21,1.25,-0.10
2539.05,0.00,253.63,0.00,2673.34,-172.60,248.33,-0.07,50.51,0.00,-0.80,0.00,67.39,-12.63,2.24,-0.12
2565.87,0.00,252.91,0.00,2706.50,-180.06,249.76,-0.12,50.51,0.00,-1.81,0.00,58.97,-15.03,3.08,-0.08
2594.24,0.00,251.59,0.00,2733.38,-187.80,251.44,-0.16,50.51,0.00,-2.76,0.00,51.88,-16.45,3.73,-0.08
2616.38,0.00,250.22,0.00,2757.46,-193.35,252.92,-0.14,50.51,0.00,-3.40,0.00,47.09,-6.53,2.46,0.15
2638.65,0.00,248.59,0.00,2781.25,-193.20,253.88,-0.04,50.51,0.00,-3.93,0.00,41.59,5.61,1.26,0.19
2660.55,0.00,247.17,0.00,2800.26,-187.94,254.23,0.05,50.51,0.00,-2.77,0.00,35.30,14.20,0.25,0.19
2687.68,0.00,246.05,0.00,2817.73,-178.00,254.02,0.16,50.51,0.00,-1.54,0.00,27.68,20.16,-0.87,0.20
2710.72,0.00,245.59,0.00,2829.18,-167.38,253.36,0.26,50.51,0.00,-0.59,0.00,20.65,23.39,-1.78,0.21
2738.95,0.00,245.61,0.00,2838.15,-158.46,252.35,0.30,50.51,0.00,0.53,0.00,19.21,16.75,-2.57,0.00
2765.62,0.00,246.18,0.00,2846.80,-152.27,250.99,0.27,50.51,0.00,1.55,0.00,18.54,10.84,-3.26,-0.12
2787.95,0.00,247.06,0.00,2856.86,-148.31,248.94,0.19,50.51,0.00,2.34,0.00,17.39,4.05,-3.96,-0.17
2812.00,0.00,248.38,0.00,2865.22,-147.83,246.80,0.10,50.51,0.00,3.09,0.00,15.65,-1.52,-4.45,-0.18
2838.79,0.00,250.23,0.00,2872.49,-149.88,244.97,0.02,50.51,0.00,3.78,0.00,13.34,-6.05,-3.01,-0.18
2862.29,0.00,251.67,0.00,2880.02,-153.70,243.83,-0.07,50.51,0.00,2.57,0.00,17.63,-9.61,-1.88,-0.17
2883.42,0.00,252.52,0.00,2889.85,-159.37,243.19,-0.14,50.51,0.00,1.62,0.00,21.78,-13.05,-0.83,-0.15
2909.17,0.00,253.04,0.00,2900.83,-165.36,243.04,-0.19,50.51,0.00,0.56,0.00,27.24,-13.89,0.06,-0.08
2938.37,0.00,252.99,0.00,2915.45,-171.53,243.33,-0.21,50.51,0.00,-0.60,0.00,32.49,-11.62,1.02,0.03
2965.41,0.00,252.37,0.00,2932.95,-176.35,244.09,-0.17,50.51,0.00,-1.63,0.00,37.97,-8.11,1.94,0.10
2984.49,0.00,251.61,0.00,2954.06,-179.22,245.34,-0.11,50.51,0.00,-2.30,0.00,43.28,-3.35,2.81,0.12
3000.00,0.00,250.20,0.00,2976.06,-179.56,246.88,-0.06,50.51,0.00,-3.11,0.00,47.58,1.45,3.49,0.11
3000.00,0.00,248.68,0.00,2994.75,-177.33,248.71,-0.00,50.51,0.00,-3.69,0.00,51.23,6.06,4.05,0.11
3000.00,0.00,247.15,0.00,2995.08,-171.66,250.34,0.05,50.51,0.00,-2.35,0.00,54.41,10.36,2.72,0.10
3000.00,0.00,246.29,0.00,2995.42,-165.76,251.35,0.07,50.51,0.00,-1.28,0.00,57.61,8.07,1.62,-0.02
3000.00,0.00,245.96,0.00,2995.66,-161.27,251.87,0.04,50.51,0.00,-0.43,0.00,60.92,3.28,0.56,-0.09
3000.00,0.00,246.01,0.00,2995.75,-159.57,251.89,-0.01,50.51,0.00,0.55,0.00,63.48,-2.34,-0.41,-0.10
3000.00,0.00,246.53,0.00,2995.68,-160.93,251.33,-0.06,50.51,0.00,1.49,0.00,65.70,-8.82,-1.49,-0.10
3000.00,0.00,248.92,0.00,2995.68,-160.93,251.33,-0.06,50.51,0.00,3.15,0.00,65.70,-8.82,-1.49,-0.10
3000.00,0.00,250.90,0.00,2995.45,-165.14,250.28,-0.11,50.51,0.00,3.87,0.00,67.22,-14.17,-2.41,-0.10
3000.00,0.00,252.46,0.00,2995.17,-170.13,249.34,-0.13,50.51,0.00,2.56,0.00,69.64,-11.75,-1.22,0.04
3000.00,0.00,252.46,0.00,2995.04,-172.43,249.15,-0.05,50.51,0.00,2.56,0.00,73.83,-1.30,0.71,0.09
3000.00,0.00,253.41,0.00,2995.21,-169.40,249.78,-0.01,50.51,0.00,1.45,0.00,75.31,4.34,1.67,0.09
3000.00,0.00,253.87,0.00,2995.45,-165.21,250.70,0.02,50.51,0.00,0.18,0.00,77.62,5.92,2.45,0.04
3000.00,0.00,253.75,0.00,2995.69,-160.73,252.25,0.02,50.51,0.00,-0.66,0.00,78.68,2.31,3.26,-0.06
3000.00,0.00,253.17,0.00,2995.78,-159.12,254.36,-0.03,50.51,0.00,-1.60,0.00,79.45,-4.65,3.97,-0.09
3000.00,0.00,252.07,0.00,2995.65,-161.42,256.12,-0.08,50.51,0.00,-2.52,0.00,79.63,-11.35,2.49,-0.09
3000.00,0.00,249.10,0.00,2995.65,-161.42,256.12,-0.08,50.51,0.00,-3.81,0.00,79.63,-11.35,2.49,-0.09
3000.00,0.00,247.40,0.00,2995.44,-165.33,257.03,-0.11,50.51,0.00,-2.32,0.00,81.39,-13.22,1.40,-0.04
3000.00,0.00,246.50,0.00,2995.21,-169.53,257.44,-0.13,50.51,0.00,-1.13,0.00,82.98,-14.17,0.45,-0.03
3000.00,0.00,246.22,0.00,2994.98,-173.50,257.36,-0.11,50.51,0.00,0.07,0.00,83.73,-9.93,-0.63,0.07
3000.00,0.00,246.22,0.00,2995.08,-171.67,255.58,-0.02,50.51,0.00,0.07,0.00,84.80,2.91,-2.57,0.09
3000.00,0.00,246.58,0.00,2995.28,-168.20,254.41,0.00,50.51,0.00,1.14,0.00,86.05,4.44,-3.18,0.04
3000.00,0.00,247.38,0.00,2995.50,-164.25,252.54,-0.00,50.51,0.00,2.04,0.00,86.04,0.94,-3.85,-0.06
3000.00,0.00,248.79,0.00,2995.56,-163.08,250.33,-0.04,50.51,0.00,2.95,0.00,85.81,-5.45,-4.39,-0.09
3000.00,0.00,250.40,0.00,2995.46,-164.90,248.63,-0.08,50.51,0.00,3.61,0.00,85.29,-11.12,-3.06,-0.09
3000.00,0.00,251.94,0.00,2995.27,-168.39,247.49,-0.11,50.51,0.00,2.25,0.00,86.35,-13.11,-1.95,-0.04
3000.00,0.00,252.73,0.00,2995.07,-171.96,246.77,-0.10,50.51,0.00,1.21,0.00,86.59,-9.11,-0.75,0.07
3000.00,0.00,253.04,0.00,2995.03,-172.59,246.64,-0.07,50.51,0.00,0.31,0.00,86.84,-4.65,-0.01,0.08
3000.00,0.00,252.93,0.00,2995.14,-170.75,246.91,-0.03,50.51,0.00,-0.67,0.00,86.92,1.46,0.98,0.09
3000.00,0.00,252.33,0.00,2995.39,-166.25,247.84,0.00,50.51,0.00,-1.63,0.00,88.42,3.60,2.07,0.03
3000.00,0.00,251.08,0.00,2995.58,-162.72,249.22,-0.01,50.51,0.00,-2.62,0.00,88.05,-0.32,2.95,-0.07
3000.00,0.00,249.57,0.00,2995.61,-162.20,250.95,-0.05,50.51,0.00,-3.36,0.00,87.47,-6.65,3.66,-0.09
3000.00,0.00,248.44,0.00,2995.44,-165.38,252.57,-0.10,50.51,0.00,-2.34,0.00,86.49,-13.38,2.21,-0.09
3000.00,0.00,247.25,0.00,2995.44,-165.38,252.57,-0.10,50.51,0.00,-0.33,0.00,86.49,-13.38,2.21,-0.09
3000.00,0.00,247.35,0.00,2995.14,-170.63,253.41,-0.13,50.51,0.00,0.64,0.00,87.50,-15.34,1.03,-0.04
3000.00,0.00,247.84,0.00,2994.89,-175.09,253.65,-0.12,50.51,0.00,1.50,0.00,87.60,-11.23,-0.05,0.07
3000.00,0.00,248.69,0.00,2994.81,-176.43,253.38,-0.08,50.51,0.00,2.28,0.00,87.85,-5.30,-0.99,0.09
3000.00,0.00,250.01,0.00,2994.89,-175.08,252.72,-0.04,50.51,0.00,3.06,0.00,87.85,0.40,-1.84,0.09
3000.00,0.00,251.20,0.00,2995.12,-171.00,251.61,-0.00,50.51,0.00,1.88,0.00,87.57,5.83,-2.66,0.09
3000.00,0.00,251.88,0.00,2995.46,-165.05,250.03,0.03,50.51,0.00,0.71,0.00,88.70,7.34,-3.41,0.04
3000.00,0.00,251.93,0.00,2995.73,-159.98,248.69,0.02,50.51,0.00,-0.41,0.00,88.36,3.63,-2.19,-0.06
3000.00,0.00,251.41,0.00,2995.86,-157.50,247.86,-0.02,50.51,0.00,-1.44,0.00,87.86,-3.16,-1.02,-0.09
3000.00,0.00,250.50,0.00,2995.83,-158.09,247.63,-0.05,50.51,0.00,-2.30,0.00,87.24,-8.40,-0.20,-0.09
3000.00,0.00,249.11,0.00,2995.62,-161.98,247.84,-0.10,50.51,0.00,-3.10,0.00,86.18,-14.60,0.88,-0.09
3000.00,0.00,247.92,0.00,2995.31,-167.63,248.59,-0.13,50.51,0.00,-1.94,0.00,87.14,-16.27,1.87,-0.04
3000.00,0.00,247.32,0.00,2995.02,-172.73,249.27,-0.12,50.51,0.00,-1.04,0.00,87.31,-12.01,0.70,0.07
3000.00,0.00,247.09,0.00,2994.92,-174.46,249.32,-0.08,50.51,0.00,0.14,0.00,87.65,-5.04,-0.40,0.09
3000.00,0.00,247.49,0.00,2995.04,-172.37,248.77,-0.03,50.51,0.00,1.21,0.00,87.62,1.79,-1.48,0.09
3000.00,0.00,248.21,0.00,2995.28,-168.23,247.73,-0.00,50.51,0.00,2.02,0.00,88.88,3.71,-2.40,0.04
3000.00,0.00,249.36,0.00,2995.49,-164.45,246.77,-0.01,50.51,0.00,2.79,0.00,88.46,-0.36,-1.16,-0.07
3000.00,0.00,250.82,0.00,2995.51,-163.98,246.47,-0.05,50.51,0.00,3.46,0.00,87.81,-6.99,-0.06,-0.08
3000.00,0.00,252.31,0.00,2995.41,-165.88,246.62,-0.09,50.51,0.00,2.08,0.00,87.13,-11.74,0.73,-0.09
3000.00,0.00,253.06,0.00,2995.16,-170.36,247.34,-0.12,50.51,0.00,0.97,0.00,88.13,-13.92,1.78,-0.03
3000.00,0.00,253.27,0.00,2994.95,-174.00,248.52,-0.11,50.51,0.00,-0.04,0.00,88.11,-10.17,2.67,0.06
3000.00,0.00,252.98,0.00,2994.90,-174.90,249.90,-0.07,50.51,0.00,-1.03,0.00,88.26,-4.56,3.34,0.09
3000.00,0.00,252.28,0.00,2995.04,-172.44,251.99,-0.03,50.51,0.00,-1.89,0.00,88.11,2.37,4.02,0.09
3000.00,0.00,250.83,0.00,2995.28,-168.17,254.14,0.00,50.51,0.00,-2.88,0.00,89.24,4.21,4.49,0.04
3000.00,0.00,249.11,0.00,2995.49,-164.53,255.92,-0.00,50.51,0.00,-3.61,0.00,88.84,0.95,3.10,-0.06
3000.00,0.00,247.47,0.00,2995.56,-163.22,257.07,-0.04,50.51,0.00,-2.11,0.00,88.34,-4.53,2.00,-0.08
3000.00,0.00,246.72,0.00,2995.44,-165.37,257.83,-0.08,50.51,0.00,-1.04,0.00,87.34,-11.70,0.75,-0.09
3000.00,0.00,246.48,0.00,2995.23,-169.10,257.94,-0.11,50.51,0.00,0.03,0.00,88.15,-13.65,-0.19,-0.04
3000.00,0.00,246.70,0.00,2995.04,-172.49,257.60,-0.11,50.51,0.00,0.89,0.00,88.11,-10.43,-1.14,0.06
3000.00,0.00,247.24,0.00,2994.97,-173.58,256.88,-0.08,50.51,0.00,1.67,0.00,88.25,-5.01,-1.97,0.08
3000.00,0.00,248.32,0.00,2995.06,-172.13,255.78,-0.04,50.51,0.00,2.54,0.00,88.18,0.66,-2.74,0.09
3000.00,0.00,249.86,0.00,2995.30,-167.83,253.83,-0.00,50.51,0.00,3.32,0.00,89.57,2.93,-3.60,0.03
3000.00,0.00,251.98,0.00,2995.48,-164.58,251.72,-0.01,50.51,0.00,4.01,0.00,89.05,-0.92,-4.19,-0.06
3000.00,0.00,253.57,0.00,2995.49,-164.48,249.83,-0.06,50.51,0.00,2.70,0.00,88.24,-7.88,-2.64,-0.08
3000.00,0.00,254.62,0.00,2995.38,-166.36,248.91,-0.08,50.51,0.00,1.54,0.00,89.01,-10.01,-1.63,-0.04
3000.00,0.00,255.11,0.00,2995.22,-169.33,248.38,-0.10,50.51,0.00,0.40,0.00,89.87,-11.34,-0.55,-0.02
3000.00,0.00,255.07,0.00,2995.08,-171.68,248.43,-0.08,50.51,0.00,-0.51,0.00,89.61,-6.62,0.62,0.07
3000.00,0.00,254.53,0.00,2995.14,-170.71,249.03,-0.04,50.51,0.00,-1.50,0.00,89.41,-0.36,1.60,0.08
3000.00,0.00,253.71,0.00,2995.31,-167.67,250.09,-0.01,50.51,0.00,-2.26,0.00,90.44,1.75,2.50,0.04
3000.00,0.00,252.00,0.00,2995.47,-164.86,251.81,-0.02,50.51,0.00,-3.22,0.00,89.72,-2.32,3.36,-0.07
3000.00,0.00,250.18,0.00,2995.44,-165.42,253.86,-0.07,50.51,0.00,-3.86,0.00,88.78,-8.98,4.02,-0.08
3000.00,0.00,247.87,0.00,2995.30,-167.91,255.41,-0.09,50.51,0.00,-4.41,0.00,89.49,-11.16,2.76,-0.04
3000.00,0.00,246.47,0.00,2995.16,-170.32,256.54,-0.09,50.51,0.00,-3.35,0.00,89.25,-7.42,1.51,0.06
3000.00,0.00,245.19,0.00,2995.19,-169.74,257.01,-0.05,50.51,0.00,-2.17,0.00,89.12,-1.02,0.41,0.08
3000.00,0.00,244.38,0.00,2995.34,-167.13,256.95,-0.02,50.51,0.00,-1.02,0.00,90.16,1.11,-0.57,0.04
3000.00,0.00,244.15,0.00,2995.47,-164.74,256.33,-0.03,50.51,0.00,-0.17,0.00,89.51,-2.53,-1.61,-0.06
3000.00,0.00,244.32,0.00,2995.46,-164.90,255.46,-0.06,50.51,0.00,0.78,0.00,88.83,-7.60,-2.37,-0.08
3000.00,0.00,244.98,0.00,2995.33,-167.38,253.77,-0.09,50.51,0.00,1.74,0.00,89.77,-10.19,-3.27,-0.03
3000.00,0.00,245.96,0.00,2995.15,-170.49,251.79,-0.10,50.51,0.00,2.52,0.00,90.58,-11.41,-3.95,-0.02
3000.00,0.00,247.56,0.00,2995.03,-172.67,249.70,-0.09,50.51,0.00,3.33,0.00,90.26,-7.56,-4.43,0.07
3000.00,0.00,249.34,0.00,2995.06,-172.02,247.20,-0.05,50.51,0.00,3.93,0.00,89.99,-0.96,-4.83,0.08
3000.00,0.00,251.79,0.00,2995.27,-168.45,245.23,-0.01,50.51,0.00,4.49,0.00,89.50,4.71,-3.34,0.08
