-2500.00,0.00,0.00,0.00,-2677.34,-797.85,6.46,2.46,0.00,0.00,0.00,0.00,0.00,0.00,0.00,0.00
-2499.41,0.00,0.29,0.00,-2676.09,-797.40,6.22,2.43,2.07,0.00,1.03,0.00,4.90,1.66,-0.93,-0.15
-2498.00,0.00,0.99,0.00,-2672.13,-796.35,5.48,2.33,3.90,0.00,1.89,0.00,10.10,2.11,-1.89,-0.23
-2495.70,0.00,2.08,0.00,-2665.12,-795.58,4.16,2.20,5.75,0.00,2.68,0.00,14.74,0.55,-2.81,-0.23
-2492.48,0.00,3.53,0.00,-2657.43,-795.96,2.65,2.10,7.62,0.00,3.38,0.00,17.40,-2.04,-3.48,-0.22
-2489.09,0.00,5.00,0.00,-2647.52,-798.13,1.18,1.98,9.17,0.00,3.87,0.00,18.98,-5.71,-2.14,-0.20
-2483.28,0.00,7.35,0.00,-2638.80,-801.55,0.46,1.89,11.33,0.00,4.43,0.00,19.24,-8.98,-1.15,-0.19
-2476.72,0.00,9.80,0.00,-2630.48,-806.21,0.17,1.81,13.31,0.00,4.82,0.00,18.78,-12.03,-0.26,-0.18
-2469.33,0.00,12.37,0.00,-2623.14,-811.61,0.24,1.74,15.21,0.00,5.11,0.00,17.90,-14.63,0.54,-0.17
-2461.28,0.00,14.97,0.00,-2614.73,-819.60,0.77,1.66,17.00,0.00,5.31,0.00,16.40,-17.52,1.49,-0.17
-2453.54,0.00,17.31,0.00,-2606.60,-825.87,1.85,1.57,18.52,0.00,5.44,0.00,14.72,-7.05,2.44,-0.17
-2444.37,0.00,19.90,0.00,-2598.75,-826.65,3.37,1.47,20.14,0.00,5.55,0.00,15.45,2.99,3.25,-0.20
-2432.51,0.00,23.04,0.00,-2590.10,-822.25,5.27,1.37,21.99,0.00,5.64,0.00,17.61,12.79,3.90,-0.18
-2422.29,0.00,25.59,0.00,-2580.11,-812.91,7.44,1.29,23.43,0.00,5.69,0.00,20.83,22.27,4.42,-0.14
-2410.29,0.00,28.41,0.00,-2571.83,-802.56,9.20,1.25,24.95,0.00,5.73,0.00,22.30,30.78,4.72,-0.08
-2399.01,0.00,30.94,0.00,-2561.24,-785.04,11.56,1.23,26.26,0.00,5.76,0.00,21.56,40.80,5.01,0.03
-2385.91,0.00,33.73,0.00,-2549.65,-758.33,14.48,1.27,27.65,0.00,5.78,0.00,19.27,52.31,5.27,0.10
-2372.53,0.00,36.46,0.00,-2540.71,-731.98,16.94,1.30,28.95,0.00,5.79,0.00,19.68,61.30,5.42,0.05
-2356.78,0.00,39.54,0.00,-2529.60,-698.79,19.75,1.30,30.34,0.00,5.81,0.00,23.78,67.48,5.54,-0.05
-2341.16,0.00,42.46,0.00,-2516.78,-665.39,22.42,1.27,31.60,0.00,5.81,0.00,29.36,71.50,5.62,-0.09
-2326.50,0.00,45.11,0.00,-2497.40,-622.39,25.73,1.21,32.68,0.00,5.82,0.00,36.11,74.93,5.69,-0.09
-2311.47,0.00,47.74,0.00,-2478.41,-585.36,28.52,1.17,33.71,0.00,5.82,0.00,41.23,76.75,5.73,-0.09
-2293.03,0.00,50.87,0.00,-2460.61,-553.69,30.88,1.14,34.87,0.00,5.83,0.00,45.21,77.62,5.76,-0.09
-2276.05,0.00,53.66,0.00,-2434.37,-508.90,34.12,1.11,35.85,0.00,5.83,0.00,47.62,81.27,5.78,-0.03
-2253.72,0.00,57.23,0.00,-2409.61,-468.55,37.00,1.08,37.03,0.00,5.83,0.00,51.77,80.80,5.80,-0.08
-2236.38,0.00,59.92,0.00,-2385.48,-431.33,39.65,1.05,37.87,0.00,5.83,0.00,53.65,82.29,5.81,-0.04
-2214.07,0.00,63.31,0.00,-2357.46,-390.36,42.57,1.02,38.85,0.00,5.83,0.00,57.45,80.42,5.81,-0.08
-2196.13,0.00,65.97,0.00,-2326.89,-349.93,45.55,0.98,39.58,0.00,5.83,0.00,61.40,77.63,5.82,-0.08
-2173.65,0.00,69.25,0.00,-2292.19,-308.49,48.74,0.93,40.42,0.00,5.83,0.00,65.08,74.25,5.82,-0.08
-2154.61,0.00,71.97,0.00,-2255.26,-268.67,51.96,0.89,41.07,0.00,5.83,0.00,68.32,70.38,5.83,-0.09
-2136.02,0.00,74.59,0.00,-2223.58,-237.56,54.61,0.85,41.67,0.00,5.83,0.00,70.70,66.78,5.83,-0.09
-2110.68,0.00,78.10,0.00,-2195.53,-212.41,56.96,0.81,42.41,0.00,5.83,0.00,68.46,58.68,5.83,-0.09
-2089.65,0.00,80.97,0.00,-2159.95,-184.26,60.06,0.76,42.97,0.00,5.83,0.00,65.81,48.58,5.83,-0.10
-2072.87,0.00,83.24,0.00,-2125.38,-161.13,63.19,0.70,43.39,0.00,5.83,0.00,63.23,38.74,5.83,-0.12
-2050.02,0.00,86.29,0.00,-2092.57,-143.38,66.28,0.63,43.92,0.00,5.83,0.00,60.49,29.23,5.83,-0.13
-2026.79,0.00,89.35,0.00,-2064.19,-131.50,69.09,0.56,44.42,0.00,5.83,0.00,57.63,21.08,5.83,-0.14
-2000.49,0.00,92.78,0.00,-2029.90,-121.72,72.71,0.47,44.93,0.00,5.83,0.00,53.29,11.63,5.83,-0.15
-1982.21,0.00,95.15,0.00,-2004.87,-117.85,75.56,0.40,45.26,0.00,5.83,0.00,49.43,4.99,5.83,-0.16
-1962.25,0.00,97.71,0.00,-1986.53,-116.87,77.80,0.34,45.60,0.00,5.83,0.00,46.21,0.60,5.83,-0.16
-1938.17,0.00,100.78,0.00,-1966.18,-117.77,80.50,0.26,45.98,0.00,5.83,0.00,42.23,-3.97,5.83,-0.16
-1914.58,0.00,103.76,0.00,-1947.40,-120.81,83.25,0.19,46.32,0.00,5.83,0.00,37.90,-8.39,5.83,-0.17
-1892.50,0.00,106.53,0.00,-1931.52,-125.41,85.85,0.11,46.61,0.00,5.83,0.00,33.70,-11.81,5.83,-0.17
-1870.64,0.00,109.25,0.00,-1915.39,-132.45,88.88,0.02,46.88,0.00,5.83,0.00,28.83,-14.90,5.83,-0.17
-1849.25,0.00,111.91,0.00,-1902.28,-140.46,91.78,-0.06,47.12,0.00,5.83,0.00,24.29,-17.02,5.83,-0.17
-1819.77,0.00,115.54,0.00,-1891.16,-149.50,94.74,-0.15,47.43,0.00,5.83,0.00,19.95,-18.40,5.83,-0.17
-1791.51,0.00,119.01,0.00,-1883.47,-157.41,97.21,-0.22,47.70,0.00,5.83,0.00,16.74,-18.90,5.83,-0.16
-1769.92,0.00,121.64,0.00,-1874.27,-167.18,100.07,-0.29,47.89,0.00,5.83,0.00,20.45,-20.91,5.83,-0.15
-1745.91,0.00,124.56,0.00,-1861.38,-178.44,103.17,-0.35,48.09,0.00,5.83,0.00,27.29,-21.47,5.83,-0.07
-1723.60,0.00,127.26,0.00,-1847.13,-187.95,105.91,-0.36,48.26,0.00,5.83,0.00,33.03,-19.35,5.83,0.04
-1698.17,0.00,130.33,0.00,-1830.59,-196.09,108.57,-0.33,48.43,0.00,5.83,0.00,38.87,-16.43,5.83,0.10
-1674.55,0.00,133.17,0.00,-1809.82,-203.09,111.44,-0.27,48.59,0.00,5.83,0.00,44.88,-12.33,5.83,0.12
-1647.72,0.00,136.38,0.00,-1784.12,-208.19,114.55,-0.21,48.75,0.00,5.83,0.00,50.71,-7.21,5.83,0.12
-1628.38,0.00,138.69,0.00,-1757.25,-210.46,117.49,-0.15,48.85,0.00,5.83,0.00,55.40,-2.34,5.83,0.11
-1602.99,0.00,141.72,0.00,-1733.73,-210.58,119.88,-0.10,48.98,0.00,5.83,0.00,58.64,1.35,5.83,0.11
-1569.70,0.00,145.68,0.00,-1698.87,-208.32,123.23,-0.04,49.14,0.00,5.83,0.00,62.46,6.01,5.83,0.10
-1552.26,0.00,147.75,0.00,-1668.33,-204.53,126.01,0.01,49.21,0.00,5.83,0.00,65.13,9.49,5.83,0.10
-1526.06,0.00,150.85,0.00,-1635.62,-199.80,128.85,0.04,49.31,0.00,5.83,0.00,69.08,9.84,5.83,0.05
-1504.10,0.00,153.44,0.00,-1598.44,-195.62,131.92,0.04,49.40,0.00,5.83,0.00,71.74,5.94,5.83,-0.06
-1483.44,0.00,155.88,0.00,-1566.41,-194.19,134.49,0.00,49.47,0.00,5.83,0.00,73.67,0.97,5.83,-0.09
-1455.82,0.00,159.13,0.00,-1523.11,-195.88,137.87,-0.05,49.55,0.00,5.83,0.00,75.48,-6.14,5.83,-0.09
-1428.33,0.00,162.37,0.00,-1485.26,-199.62,140.73,-0.08,49.63,0.00,5.83,0.00,78.22,-8.51,5.83,-0.04
-1401.25,0.00,165.55,0.00,-1442.54,-203.41,143.89,-0.07,49.71,0.00,5.83,0.00,79.74,-5.12,5.83,0.06
-1377.83,0.00,168.29,0.00,-1400.06,-204.34,146.96,-0.03,49.76,0.00,5.83,0.00,80.95,1.10,5.83,0.09
-1355.82,0.00,170.87,0.00,-1361.60,-202.33,149.72,0.01,49.82,0.00,5.83,0.00,81.49,6.78,5.83,0.09
-1331.29,0.00,173.74,0.00,-1321.97,-197.27,152.71,0.06,49.87,0.00,5.83,0.00,74.06,12.21,5.83,0.10
-1309.61,0.00,176.28,0.00,-1289.67,-190.87,155.37,0.10,49.91,0.00,5.83,0.00,68.33,15.40,5.83,0.09
-1282.41,0.00,179.45,0.00,-1259.81,-183.17,158.04,0.15,49.96,0.00,5.83,0.00,62.98,18.00,5.83,0.09
-1257.34,0.00,182.38,0.00,-1228.42,-176.71,161.12,0.12,50.00,0.00,5.83,0.00,56.73,6.66,5.83,-0.15
-1234.56,0.00,185.04,0.00,-1202.11,-176.73,163.98,0.04,50.04,0.00,5.83,0.00,50.83,-5.27,5.83,-0.18
-1203.45,0.00,188.66,0.00,-1175.50,-183.22,167.33,-0.06,50.08,0.00,5.83,0.00,42.69,-15.63,5.83,-0.18
-1179.02,0.00,191.50,0.00,-1157.62,-191.87,170.01,-0.15,50.11,0.00,5.83,0.00,35.66,-21.02,5.83,-0.19
-1153.49,0.00,194.47,0.00,-1141.17,-204.28,173.10,-0.25,50.15,0.00,5.83,0.00,27.22,-25.04,5.83,-0.20
-1127.13,0.00,197.54,0.00,-1130.57,-215.78,175.80,-0.34,50.17,0.00,5.83,0.00,19.41,-24.60,5.83,-0.18
-1103.58,0.00,200.28,0.00,-1120.35,-226.15,179.00,-0.36,50.20,0.00,5.83,0.00,18.32,-14.57,5.83,0.10
-1076.08,0.00,203.47,0.00,-1111.88,-231.10,181.73,-0.29,50.23,0.00,5.83,0.00,17.79,-7.32,5.83,0.18
-1047.09,0.00,206.84,0.00,-1103.73,-232.90,184.49,-0.20,50.25,0.00,5.83,0.00,16.57,-0.97,5.83,0.19
-1023.70,0.00,209.55,0.00,-1096.47,-232.00,187.21,-0.12,50.27,0.00,5.83,0.00,14.68,4.20,5.83,0.19
-998.14,0.00,212.52,0.00,-1089.59,-228.52,190.24,-0.02,50.29,0.00,5.83,0.00,11.96,8.56,5.83,0.18
-972.86,0.00,215.45,0.00,-1081.33,-222.75,193.45,0.08,50.31,0.00,5.83,0.00,17.43,12.10,5.83,0.17
-947.47,0.00,218.39,0.00,-1072.77,-216.89,195.98,0.15,50.32,0.00,5.83,0.00,21.60,14.68,5.83,0.15
-947.47,0.00,218.39,0.00,-1044.00,-202.67,201.86,0.21,50.32,0.00,5.83,0.00,34.42,12.12,5.83,-0.05
-898.29,0.00,224.09,0.00,-1044.00,-202.67,201.86,0.21,50.35,0.00,5.83,0.00,34.42,12.12,5.83,-0.05
-878.31,0.00,226.40,0.00,-1026.42,-197.87,204.59,0.17,50.36,0.00,5.83,0.00,40.11,8.57,5.83,-0.11
-851.40,0.00,229.52,0.00,-1003.10,-194.73,207.72,0.11,50.37,0.00,5.83,0.00,46.02,3.50,5.83,-0.12
-826.78,0.00,232.37,0.00,-977.05,-194.45,210.83,0.04,50.38,0.00,5.83,0.00,51.06,-1.92,5.83,-0.11
-799.39,0.00,235.54,0.00,-952.90,-196.43,213.49,-0.00,50.39,0.00,5.83,0.00,54.71,-6.33,5.83,-0.11
-774.34,0.00,238.44,0.00,-922.40,-200.24,216.57,-0.04,50.40,0.00,5.83,0.00,60.18,-7.74,5.83,-0.05
-751.19,0.00,241.12,0.00,-888.63,-203.57,219.73,-0.04,50.41,0.00,5.83,0.00,64.03,-4.39,5.83,0.06
-725.95,0.00,244.04,0.00,-859.67,-204.42,222.30,-0.01,50.42,0.00,5.83,0.00,66.84,0.23,5.83,0.09
-701.87,0.00,246.83,0.00,-827.40,-202.89,225.06,0.04,50.42,0.00,5.83,0.00,69.31,5.70,5.83,0.09
-679.41,0.00,249.42,0.00,-786.23,-198.75,228.41,0.07,50.43,0.00,5.83,0.00,73.55,8.16,5.83,0.04
-649.78,0.00,252.85,0.00,-749.18,-195.39,231.30,0.07,50.44,0.00,5.83,0.00,75.59,5.12,5.83,-0.06
-629.05,0.00,254.90,0.00,-712.28,-194.31,234.12,0.03,50.44,0.00,4.37,0.00,77.30,-0.31,5.83,-0.09
-604.35,0.00,256.66,0.00,-672.52,-196.15,237.09,-0.01,50.45,0.00,2.98,0.00,78.52,-6.22,5.83,-0.09
-578.66,0.00,257.83,0.00,-625.42,-201.88,240.56,-0.07,50.45,0.00,1.79,0.00,79.37,-12.26,5.83,-0.09
-550.46,0.00,258.47,0.00,-581.96,-207.80,243.73,-0.08,50.46,0.00,0.61,0.00,80.60,-9.15,5.83,0.05
-526.97,0.00,258.51,0.00,-537.43,-210.80,246.93,-0.04,50.46,0.00,-0.32,0.00,81.73,-2.18,5.83,0.09
-505.73,0.00,258.19,0.00,-496.48,-209.43,250.01,0.02,50.47,0.00,-1.15,0.00,74.00,6.37,5.83,0.11
-479.08,0.00,257.29,0.00,-462.58,-204.80,252.82,0.07,50.47,0.00,-2.12,0.00,67.62,12.06,5.83,0.11
-452.52,0.00,255.92,0.00,-433.61,-198.38,255.44,0.12,50.47,0.00,-2.98,0.00,62.05,16.01,5.83,0.11
-429.82,0.00,254.43,0.00,-408.81,-191.15,257.87,0.16,50.48,0.00,-3.59,0.00,57.57,18.35,5.83,0.10
-404.58,0.00,252.47,0.00,-379.79,-180.67,260.40,0.21,50.48,0.00,-4.16,0.00,52.17,20.76,3.99,0.10
-377.34,0.00,250.08,0.00,-350.75,-172.38,262.24,0.18,50.48,0.00,-4.63,0.00,46.97,7.74,2.43,-0.17
-349.58,0.00,247.42,0.00,-331.72,-171.48,263.05,0.11,50.48,0.00,-4.98,0.00,43.08,-2.29,1.49,-0.18
-322.85,0.00,245.27,0.00,-310.61,-175.56,263.51,0.01,50.49,0.00,-3.36,0.00,37.16,-11.65,0.39,-0.19
-297.02,0.00,243.92,0.00,-292.20,-183.98,263.40,-0.09,50.49,0.00,-2.10,0.00,30.32,-17.85,-0.70,-0.19
-275.47,0.00,243.24,0.00,-279.09,-193.51,262.80,-0.19,50.49,0.00,-1.18,0.00,24.36,-20.95,-1.64,-0.19
-248.39,0.00,242.93,0.00,-269.35,-202.95,261.89,-0.26,50.49,0.00,-0.09,0.00,20.18,-21.67,-2.41,-0.17
-222.88,0.00,243.17,0.00,-260.19,-211.65,260.55,-0.30,50.49,0.00,0.92,0.00,18.97,-15.99,-3.15,-0.00
-198.50,0.00,243.86,0.00,-251.20,-217.88,258.86,-0.28,50.50,0.00,1.83,0.00,18.29,-10.35,-3.78,0.12
-170.33,0.00,245.17,0.00,-243.40,-221.20,257.10,-0.22,50.50,0.00,2.78,0.00,17.52,-5.40,-4.24,0.16
-146.89,0.00,246.64,0.00,-235.70,-222.45,255.06,-0.14,50.50,0.00,3.44,0.00,16.26,-0.57,-4.63,0.17
-118.95,0.00,248.75,0.00,-227.32,-221.17,252.39,-0.05,50.50,0.00,4.09,0.00,14.07,4.56,-4.99,0.17
-89.71,0.00,251.29,0.00,-217.18,-217.17,249.42,0.05,50.50,0.00,4.61,0.00,20.33,8.93,-5.25,0.16
-67.20,0.00,253.01,0.00,-204.23,-211.01,247.07,0.13,50.50,0.00,3.30,0.00,25.87,12.94,-3.50,0.14
-43.54,0.00,254.25,0.00,-189.48,-205.00,245.66,0.16,50.50,0.00,2.14,0.00,31.82,10.88,-2.23,-0.00
-21.07,0.00,254.96,0.00,-171.82,-200.35,244.85,0.14,50.50,0.00,1.18,0.00,37.86,7.70,-1.14,-0.09
5.81,0.00,255.27,0.00,-146.31,-197.43,244.57,0.08,50.50,0.00,0.09,0.00,44.66,2.16,0.10,-0.11
29.79,0.00,255.07,0.00,-119.13,-198.00,244.98,0.01,50.50,0.00,-0.85,0.00,50.04,-3.59,1.23,-0.11
58.93,0.00,254.23,0.00,-89.59,-200.58,245.97,-0.03,50.51,0.00,-1.94,0.00,56.40,-5.39,2.24,-0.05
83.34,0.00,253.07,0.00,-62.99,-203.25,247.16,-0.05,50.51,0.00,-2.75,0.00,61.17,-6.35,2.96,-0.03
105.68,0.00,251.70,0.00,-29.52,-205.76,248.94,-0.04,50.51,0.00,-3.39,0.00,64.96,-2.94,3.68,0.07
129.94,0.00,249.91,0.00,4.63,-205.75,250.99,0.00,50.51,0.00,-3.97,0.00,68.12,2.60,4.23,0.09
157.89,0.00,248.17,0.00,40.59,-203.75,252.74,0.04,50.51,0.00,-2.51,0.00,72.29,4.79,2.83,0.04
188.79,0.00,247.10,0.00,73.02,-201.35,253.73,0.05,50.51,0.00,-1.15,0.00,75.48,5.95,1.80,0.03
215.07,0.00,246.80,0.00,114.59,-199.04,254.36,0.04,50.51,0.00,-0.10,0.00,77.53,2.26,0.66,-0.07
240.75,0.00,247.04,0.00,164.49,-200.09,254.34,-0.01,50.51,0.00,0.91,0.00,79.30,-4.93,-0.61,-0.09
267.36,0.00,247.81,0.00,203.11,-203.02,253.80,-0.04,50.51,0.00,1.91,0.00,81.74,-6.87,-1.53,-0.04
293.81,0.00,249.07,0.00,243.45,-205.68,252.81,-0.04,50.51,0.00,2.79,0.00,82.73,-3.71,-2.41,0.06
319.59,0.00,250.70,0.00,290.64,-205.71,251.16,0.01,50.51,0.00,3.51,0.00,83.49,3.16,-3.27,0.09
346.62,0.00,252.18,0.00,334.97,-202.16,249.81,0.05,50.51,0.00,2.18,0.00,83.75,9.52,-1.99,0.09
374.21,0.00,253.01,0.00,376.47,-196.92,249.13,0.08,50.51,0.00,0.99,0.00,85.43,11.36,-0.94,0.04
397.02,0.00,253.23,0.00,425.48,-193.99,248.97,0.04,50.51,0.00,0.08,0.00,74.89,-1.79,0.30,-0.14
423.45,0.00,252.97,0.00,460.63,-197.71,249.39,-0.04,50.51,0.00,-0.96,0.00,66.79,-11.62,1.28,-0.14
453.58,0.00,252.03,0.00,487.32,-203.62,250.13,-0.09,50.51,0.00,-2.07,0.00,58.89,-15.37,2.07,-0.12
483.07,0.00,250.51,0.00,514.54,-212.25,251.40,-0.15,50.51,0.00,-3.02,0.00,50.14,-18.43,2.90,-0.12
508.71,0.00,248.78,0.00,538.37,-222.63,252.56,-0.21,50.51,0.00,-3.70,0.00,41.49,-20.69,1.67,-0.13
535.14,0.00,247.24,0.00,559.76,-230.56,253.13,-0.20,50.51,0.00,-2.36,0.00,37.46,-9.02,0.53,0.16
562.45,0.00,246.32,0.00,578.60,-231.86,253.10,-0.10,50.51,0.00,-1.17,0.00,33.37,2.82,-0.53,0.20
588.53,0.00,246.02,0.00,592.67,-228.54,252.64,-0.01,50.51,0.00,-0.12,0.00,28.81,10.63,-1.42,0.20
615.21,0.00,246.26,0.00,604.60,-222.36,251.78,0.08,50.51,0.00,0.93,0.00,23.89,15.63,-2.24,0.20
642.49,0.00,247.07,0.00,615.46,-213.57,250.40,0.18,50.51,0.00,1.95,0.00,19.00,18.26,-3.06,0.18
665.80,0.00,248.17,0.00,626.29,-203.59,248.64,0.26,50.51,0.00,2.72,0.00,22.94,20.59,-3.74,0.15
688.42,0.00,249.55,0.00,639.81,-193.87,246.55,0.30,50.51,0.00,3.38,0.00,29.05,17.55,-4.28,-0.01
714.47,0.00,251.47,0.00,653.08,-187.04,244.90,0.27,50.51,0.00,4.00,0.00,28.08,12.25,-2.98,-0.10
741.92,0.00,253.20,0.00,667.74,-182.35,243.68,0.20,50.51,0.00,2.55,0.00,26.81,5.92,-1.72,-0.14
767.32,0.00,254.17,0.00,680.73,-180.96,243.11,0.13,50.51,0.00,1.42,0.00,25.10,0.26,-0.67,-0.15
792.68,0.00,254.59,0.00,696.06,-182.25,243.07,0.05,50.51,0.00,0.39,0.00,30.75,-4.56,0.41,-0.14
817.53,0.00,254.52,0.00,711.73,-185.44,243.51,-0.02,50.51,0.00,-0.59,0.00,35.13,-8.53,1.34,-0.13
838.94,0.00,254.07,0.00,729.03,-190.29,244.35,-0.07,50.51,0.00,-1.42,0.00,39.08,-12.04,2.18,-0.12
871.33,0.00,252.76,0.00,748.97,-196.20,245.58,-0.12,50.51,0.00,-2.55,0.00,44.68,-12.80,2.95,-0.06
897.08,0.00,251.23,0.00,774.49,-202.22,247.39,-0.12,50.51,0.00,-3.32,0.00,49.84,-9.64,3.68,0.05
923.05,0.00,249.34,0.00,799.70,-205.72,249.30,-0.08,50.51,0.00,-3.95,0.00,54.33,-5.12,4.20,0.10
942.78,0.00,248.03,0.00,828.22,-206.78,251.54,-0.03,50.51,0.00,-2.89,0.00,58.42,0.42,4.64,0.10
965.96,0.00,246.98,0.00,859.07,-204.97,253.48,0.02,50.51,0.00,-1.82,0.00,61.81,6.07,3.14,0.10
996.89,0.00,246.31,0.00,891.25,-201.36,254.71,0.06,50.51,0.00,-0.53,0.00,66.22,7.93,1.94,0.05
1025.11,0.00,246.36,0.00,924.10,-198.13,255.38,0.06,50.51,0.00,0.59,0.00,68.98,5.19,0.91,-0.05
1049.86,0.00,246.90,0.00,955.70,-196.91,255.56,0.02,50.51,0.00,1.53,0.00,71.28,0.49,-0.00,-0.09
1070.73,0.00,247.70,0.00,993.06,-198.36,255.27,-0.02,50.51,0.00,2.27,0.00,73.32,-5.48,-1.02,-0.09
1094.92,0.00,249.00,0.00,1029.04,-201.57,254.53,-0.05,50.51,0.00,3.04,0.00,76.31,-7.45,-1.92,-0.04
1119.43,0.00,250.65,0.00,1065.84,-204.49,253.40,-0.05,50.51,0.00,3.69,0.00,77.84,-4.56,-2.73,0.05
1145.13,0.00,252.15,0.00,1101.10,-205.32,252.01,-0.02,50.51,0.00,2.38,0.00,79.08,0.57,-3.38,0.09
1173.73,0.00,253.10,0.00,1138.49,-203.56,250.73,0.03,50.51,0.00,1.14,0.00,79.93,6.32,-2.22,0.09
1198.16,0.00,253.39,0.00,1178.57,-198.86,249.93,0.07,50.51,0.00,0.15,0.00,80.42,11.80,-1.13,0.09
1198.16,0.00,253.39,0.00,1250.36,-189.84,249.79,0.07,50.51,0.00,0.15,0.00,73.07,8.04,0.72,-0.02
1228.05,0.00,253.10,0.00,1287.63,-186.07,250.49,0.06,50.51,0.00,-1.02,0.00,65.66,6.16,1.75,-0.03
1253.17,0.00,252.33,0.00,1318.45,-183.44,251.59,0.05,50.51,0.00,-1.95,0.00,59.56,4.65,2.60,-0.03
1283.56,0.00,250.82,0.00,1346.65,-181.49,252.57,0.03,50.51,0.00,-2.95,0.00,53.93,3.29,1.47,-0.03
1309.43,0.00,249.11,0.00,1376.11,-180.02,253.05,0.02,50.51,0.00,-3.65,0.00,47.93,1.92,0.28,-0.03
1332.49,0.00,247.74,0.00,1399.22,-179.34,252.90,0.00,50.51,0.00,-2.47,0.00,43.06,0.88,-0.74,-0.03
1359.90,0.00,246.77,0.00,1417.91,-181.21,252.32,-0.06,50.51,0.00,-1.27,0.00,37.28,-8.26,-1.64,-0.18
1383.85,0.00,246.42,0.00,1434.51,-187.74,251.26,-0.15,50.51,0.00,-0.30,0.00,30.20,-16.71,-2.51,-0.20
1409.72,0.00,246.56,0.00,1446.44,-196.60,249.95,-0.25,50.51,0.00,0.72,0.00,23.27,-21.63,-3.20,-0.21
1435.28,0.00,247.20,0.00,1456.35,-209.16,248.04,-0.36,50.51,0.00,1.69,0.00,14.79,-24.78,-3.88,-0.23
1462.92,0.00,248.42,0.00,1463.68,-219.35,246.44,-0.41,50.51,0.00,2.64,0.00,14.05,-16.01,-2.52,0.04
1488.51,0.00,249.97,0.00,1470.92,-225.58,245.47,-0.35,50.51,0.00,3.39,0.00,13.99,-8.93,-1.37,0.16
1511.10,0.00,251.62,0.00,1477.17,-228.21,245.09,-0.27,50.51,0.00,3.93,0.00,13.37,-3.22,-0.43,0.19
1535.25,0.00,253.15,0.00,1484.64,-227.93,245.23,-0.15,50.51,0.00,2.66,0.00,11.50,3.36,0.77,0.20
1581.46,0.00,254.60,0.00,1484.64,-227.93,245.23,-0.15,50.51,0.00,0.66,0.00,11.50,3.36,0.77,0.20
1604.20,0.00,254.67,0.00,1490.71,-224.24,246.08,-0.04,50.51,0.00,-0.24,0.00,8.67,8.14,1.92,0.19
1627.77,0.00,254.32,0.00,1496.37,-219.50,247.25,0.05,50.51,0.00,-1.16,0.00,13.81,10.97,2.74,0.18
1653.22,0.00,253.47,0.00,1504.72,-213.21,248.83,0.14,50.51,0.00,-2.09,0.00,18.90,13.83,3.47,0.16
1674.76,0.00,252.41,0.00,1516.29,-206.75,250.80,0.18,50.51,0.00,-2.80,0.00,25.30,11.40,4.07,0.01
1698.70,0.00,250.90,0.00,1532.29,-201.45,253.19,0.15,50.51,0.00,-3.48,0.00,32.35,8.07,4.57,-0.09
1720.94,0.00,249.24,0.00,1552.76,-198.32,255.25,0.09,50.51,0.00,-4.00,0.00,39.19,3.29,2.95,-0.12
1745.92,0.00,247.64,0.00,1574.37,-198.02,256.41,0.03,50.51,0.00,-2.67,0.00,44.74,-1.69,1.75,-0.12
1771.95,0.00,246.60,0.00,1601.04,-200.65,257.03,-0.03,50.51,0.00,-1.50,0.00,50.00,-7.15,0.58,-0.11
1795.28,0.00,246.15,0.00,1623.35,-203.43,257.07,-0.05,50.51,0.00,-0.54,0.00,53.89,-5.72,-0.28,0.01
1820.47,0.00,246.15,0.00,1654.23,-205.36,256.60,-0.03,50.51,0.00,0.45,0.00,58.70,-1.32,-1.35,0.09
1846.62,0.00,246.68,0.00,1684.16,-204.57,255.69,0.02,50.51,0.00,1.46,0.00,62.41,4.04,-2.24,0.10
1876.27,0.00,247.88,0.00,1718.51,-201.73,254.26,0.05,50.51,0.00,2.50,0.00,67.45,6.27,-3.08,0.04
1902.30,0.00,249.39,0.00,1754.07,-199.18,252.48,0.05,50.51,0.00,3.28,0.00,70.58,3.39,-3.76,-0.06
1922.69,0.00,250.84,0.00,1794.34,-199.05,250.20,0.01,50.51,0.00,3.80,0.00,73.44,-2.57,-4.34,-0.09
1944.15,0.00,252.18,0.00,1834.91,-201.15,248.33,-0.02,50.51,0.00,2.68,0.00,77.15,-4.72,-2.84,-0.04
1970.65,0.00,253.23,0.00,1878.56,-204.15,247.15,-0.04,50.51,0.00,1.48,0.00,80.46,-5.95,-1.57,-0.02
1997.94,0.00,253.70,0.00,1917.71,-206.24,246.67,-0.03,50.51,0.00,0.37,0.00,81.71,-2.50,-0.56,0.06
2022.50,0.00,253.62,0.00,1963.89,-205.63,246.70,0.01,50.51,0.00,-0.60,0.00,82.76,4.15,0.56,0.09
2044.54,0.00,253.15,0.00,2007.43,-201.70,247.29,0.06,50.51,0.00,-1.45,0.00,83.18,10.17,1.57,0.09
2069.94,0.00,252.17,0.00,2051.65,-195.76,248.38,0.09,50.51,0.00,-2.35,0.00,85.08,11.97,2.50,0.04
2095.00,0.00,250.79,0.00,2091.08,-190.98,249.72,0.08,50.51,0.00,-3.13,0.00,85.50,8.50,3.20,-0.06
2118.02,0.00,249.21,0.00,2126.48,-188.76,250.85,0.05,50.51,0.00,-3.73,0.00,79.56,2.30,2.15,-0.09
2145.89,0.00,247.60,0.00,2167.98,-189.98,251.67,-0.01,50.51,0.00,-2.31,0.00,72.18,-5.75,0.97,-0.11
2168.76,0.00,246.80,0.00,2205.64,-195.95,251.86,-0.08,50.51,0.00,-1.31,0.00,63.65,-14.41,-0.16,-0.14
2194.86,0.00,246.43,0.00,2239.79,-207.59,251.38,-0.17,50.51,0.00,-0.26,0.00,52.60,-23.33,-1.33,-0.17
2242.90,0.00,247.12,0.00,2239.79,-207.59,251.38,-0.17,50.51,0.00,1.61,0.00,52.60,-23.33,-1.33,-0.17
2272.20,0.00,248.39,0.00,2266.95,-217.76,250.36,-0.19,50.51,0.00,2.62,0.00,48.26,-14.66,-2.31,0.09
2297.17,0.00,249.88,0.00,2289.74,-222.48,249.02,-0.13,50.51,0.00,3.35,0.00,44.98,-5.47,-3.08,0.15
2321.97,0.00,251.70,0.00,2313.56,-222.49,247.71,-0.04,50.51,0.00,3.95,0.00,40.50,4.22,-1.76,0.16
2342.95,0.00,253.08,0.00,2333.15,-218.26,247.11,0.04,50.51,0.00,2.83,0.00,35.68,11.15,-0.67,0.16
2372.20,0.00,254.28,0.00,2350.23,-211.08,247.06,0.13,50.51,0.00,1.50,0.00,30.67,15.80,0.37,0.16
2400.14,0.00,254.76,0.00,2365.16,-203.04,247.46,0.19,50.51,0.00,0.36,0.00,33.91,18.88,1.27,0.14
2428.40,0.00,254.62,0.00,2386.48,-193.18,248.52,0.22,50.51,0.00,-0.76,0.00,39.95,15.68,2.31,-0.03
2453.77,0.00,253.97,0.00,2405.62,-186.99,249.87,0.19,50.51,0.00,-1.72,0.00,38.04,9.95,3.09,-0.11
2476.53,0.00,253.00,0.00,2422.96,-183.83,251.48,0.13,50.51,0.00,-2.50,0.00,36.07,4.12,3.71,-0.13
2506.29,0.00,251.23,0.00,2439.06,-183.33,253.33,0.07,50.51,0.00,-3.38,0.00,33.76,-1.34,4.21,-0.14
2506.29,0.00,251.23,0.00,2472.59,-188.51,255.94,-0.05,50.51,0.00,-3.38,0.00,41.31,-9.83,1.93,-0.13
2532.21,0.00,249.31,0.00,2494.49,-194.64,256.61,-0.11,50.51,0.00,-4.00,0.00,44.95,-13.97,0.86,-0.12
2555.96,0.00,247.77,0.00,2520.74,-202.59,256.75,-0.15,50.51,0.00,-2.74,0.00,50.77,-15.02,-0.24,-0.05
2580.98,0.00,246.73,0.00,2551.42,-210.11,256.25,-0.15,50.51,0.00,-1.60,0.00,55.63,-11.13,-1.37,0.07
2626.51,0.00,246.17,0.00,2551.42,-210.11,256.25,-0.15,50.51,0.00,0.24,0.00,55.63,-11.13,-1.37,0.07
2651.36,0.00,246.55,0.00,2579.92,-214.19,255.33,-0.10,50.51,0.00,1.21,0.00,59.65,-5.78,-2.26,0.10
2675.84,0.00,247.38,0.00,2610.04,-215.42,254.01,-0.05,50.51,0.00,2.11,0.00,62.98,0.18,-3.04,0.11
2703.59,0.00,248.81,0.00,2636.16,-214.26,252.65,-0.01,50.51,0.00,3.00,0.00,65.19,4.98,-3.59,0.10
2703.59,0.00,248.81,0.00,2703.82,-203.76,248.47,0.10,50.51,0.00,3.00,0.00,68.88,15.09,-4.60,0.10
2728.81,0.00,250.50,0.00,2735.17,-196.05,246.73,0.14,50.51,0.00,3.67,0.00,70.02,18.69,-3.27,0.09
2774.47,0.00,252.74,0.00,2735.17,-196.05,246.73,0.14,50.51,0.00,1.49,0.00,70.02,18.69,-3.27,0.09
2801.21,0.00,253.20,0.00,2778.65,-185.95,245.24,0.15,50.51,0.00,0.40,0.00,72.68,14.22,-1.81,-0.06
2826.50,0.00,253.13,0.00,2815.36,-180.89,244.62,0.10,50.51,0.00,-0.60,0.00,67.17,5.71,-0.70,-0.11
2850.33,0.00,252.60,0.00,2847.21,-180.48,244.54,0.04,50.51,0.00,-1.52,0.00,61.56,-3.06,0.30,-0.13
2873.87,0.00,251.68,0.00,2877.16,-184.46,244.99,-0.03,50.51,0.00,-2.35,0.00,55.06,-11.20,1.31,-0.14
2903.01,0.00,250.03,0.00,2904.82,-192.69,246.00,-0.12,50.51,0.00,-3.24,0.00,47.55,-18.02,2.30,-0.16
2931.01,0.00,248.02,0.00,2930.65,-205.26,247.70,-0.21,50.51,0.00,-3.93,0.00,39.26,-22.96,3.23,-0.16
2956.64,0.00,246.41,0.00,2948.36,-214.01,249.38,-0.23,50.51,0.00,-2.59,0.00,36.34,-14.78,3.83,0.08
2978.05,0.00,245.54,0.00,2966.90,-219.27,251.00,-0.16,50.51,0.00,-1.62,0.00,34.03,-6.02,2.46,0.16
3000.00,0.00,245.01,0.00,2983.80,-220.03,251.94,-0.08,50.51,0.00,-0.57,0.00,30.97,2.17,1.30,0.17
3000.00,0.00,245.03,0.00,2992.16,-216.68,252.30,0.01,50.51,0.00,0.52,0.00,27.38,8.41,0.27,0.17
3000.00,0.00,245.66,0.00,2992.62,-210.31,252.17,0.09,50.51,0.00,1.60,0.00,23.09,13.34,-0.72,0.18
3000.00,0.00,246.61,0.00,2993.25,-201.15,251.45,0.19,50.51,0.00,2.42,0.00,18.27,16.68,-1.77,0.17
3000.00,0.00,247.98,0.00,2993.80,-192.72,250.42,0.25,50.51,0.00,3.17,0.00,24.28,17.04,-2.57,0.09
3000.00,0.00,249.56,0.00,2994.27,-185.40,248.95,0.25,50.51,0.00,3.75,0.00,22.58,10.62,-3.31,-0.09
3000.00,0.00,251.53,0.00,2994.50,-181.55,247.64,0.18,50.51,0.00,4.27,0.00,20.79,2.95,-2.09,-0.18
3000.00,0.00,253.15,0.00,2994.50,-181.61,246.90,0.08,50.51,0.00,2.98,0.00,17.95,-4.61,-0.99,-0.20
3000.00,0.00,254.30,0.00,2994.31,-184.66,246.67,-0.01,50.51,0.00,1.82,0.00,14.46,-10.06,-0.07,-0.21
3000.00,0.00,254.95,0.00,2993.93,-190.70,246.93,-0.12,50.51,0.00,0.64,0.00,9.86,-14.22,0.95,-0.21
3000.00,0.00,255.01,0.00,2993.39,-199.05,247.79,-0.24,50.51,0.00,-0.30,0.00,4.94,-16.29,2.00,-0.21
3000.00,0.00,254.46,0.00,2992.97,-205.21,248.83,-0.30,50.51,0.00,-1.45,0.00,10.17,-13.82,2.73,-0.06
3000.00,0.00,253.50,0.00,2992.63,-210.10,250.40,-0.29,50.51,0.00,-2.34,0.00,9.27,-7.86,3.45,0.10
3000.00,0.00,252.15,0.00,2992.50,-211.97,252.48,-0.20,50.51,0.00,-3.10,0.00,7.88,-0.96,4.09,0.21
3000.00,0.00,250.67,0.00,2992.61,-210.48,254.17,-0.09,50.51,0.00,-3.68,0.00,5.42,5.11,2.70,0.24
3000.00,0.00,248.62,0.00,2992.89,-206.44,255.21,0.03,50.51,0.00,-4.23,0.00,1.90,9.61,1.54,0.25
3000.00,0.00,246.95,0.00,2992.66,-200.27,255.71,0.17,50.51,0.00,-2.90,0.00,-2.38,12.14,0.39,0.25
3000.00,0.00,245.97,0.00,2993.09,-194.91,255.62,0.25,50.51,0.00,-1.91,0.00,3.66,9.27,-0.64,0.07
3000.00,0.00,245.40,0.00,2993.88,-191.51,254.94,0.24,50.51,0.00,-1.07,0.00,2.30,3.45,-1.71,-0.11
3000.00,0.00,245.15,0.00,2993.90,-191.20,253.90,0.16,50.51,0.00,-0.09,0.00,0.67,-1.76,-2.53,-0.22
3000.00,0.00,245.40,0.00,2993.66,-192.99,252.64,0.06,50.51,0.00,0.94,0.00,-1.68,-5.94,-3.20,-0.25
3000.00,0.00,246.11,0.00,2991.62,-197.39,250.66,-0.08,50.51,0.00,1.86,0.00,-5.51,-9.35,-3.90,-0.24
3000.00,0.00,247.44,0.00,2990.10,-202.36,248.66,-0.19,50.51,0.00,2.80,0.00,-1.30,-11.34,-4.38,-0.22
3000.00,0.00,249.16,0.00,2988.73,-207.10,246.65,-0.26,50.51,0.00,3.56,0.00,-2.99,-5.72,-2.76,-0.02
3000.00,0.00,251.10,0.00,2987.04,-208.59,245.64,-0.24,50.51,0.00,4.13,0.00,-4.08,-1.20,-1.67,0.12
3000.00,0.00,252.66,0.00,2984.70,-208.08,245.10,-0.16,50.51,0.00,2.87,0.00,-5.60,2.83,-0.67,0.20
3000.00,0.00,253.67,0.00,2981.04,-205.53,245.06,-0.05,50.51,0.00,1.84,0.00,-7.96,6.22,0.41,0.21
3000.00,0.00,254.33,0.00,2978.47,-201.83,245.55,0.05,50.51,0.00,0.66,0.00,-2.80,8.30,1.40,0.20
3000.00,0.00,254.41,0.00,2978.75,-198.17,246.38,0.13,50.51,0.00,-0.25,0.00,3.45,8.23,2.21,0.14
3000.00,0.00,254.01,0.00,2983.25,-194.17,248.05,0.16,50.51,0.00,-1.24,0.00,10.78,5.34,3.17,-0.02
3000.00,0.00,253.09,0.00,2988.16,-192.68,249.78,0.13,50.51,0.00,-2.18,0.00,9.34,1.14,3.80,-0.13
3000.00,0.00,251.95,0.00,2992.41,-193.49,251.91,0.04,50.51,0.00,-2.90,0.00,7.17,-3.73,4.34,-0.19
3000.00,0.00,250.19,0.00,2993.57,-196.37,253.66,-0.06,50.51,0.00,-3.63,0.00,4.24,-7.83,2.95,-0.21
3000.00,0.00,248.55,0.00,2993.33,-200.01,254.65,-0.15,50.51,0.00,-4.11,0.00,1.59,-10.01,1.98,-0.21
3000.00,0.00,246.85,0.00,2993.08,-203.67,255.28,-0.21,50.51,0.00,-2.72,0.00,6.65,-7.96,1.05,-0.07
3000.00,0.00,245.76,0.00,2992.91,-206.17,255.52,-0.20,50.51,0.00,-1.50,0.00,5.25,-3.32,0.03,0.08
3000.00,0.00,245.29,0.00,2992.89,-206.43,255.34,-0.15,50.51,0.00,-0.44,0.00,3.82,1.04,-0.82,0.18
3000.00,0.00,245.39,0.00,2993.03,-204.44,254.63,-0.04,50.51,0.00,0.67,0.00,1.32,5.78,-1.80,0.23
3000.00,0.00,245.97,0.00,2992.95,-201.05,253.61,0.07,50.51,0.00,1.61,0.00,-1.48,8.64,-2.59,0.24
3000.00,0.00,246.98,0.00,2993.50,-196.10,252.11,0.18,50.51,0.00,2.46,0.00,3.16,11.11,-3.33,0.21
3000.00,0.00,248.54,0.00,2993.86,-191.92,250.27,0.23,50.51,0.00,3.27,0.00,1.41,6.02,-3.94,0.01
3000.00,0.00,250.80,0.00,2993.95,-190.42,248.60,0.20,50.51,0.00,4.02,0.00,-0.23,0.22,-2.54,-0.16
3000.00,0.00,252.67,0.00,2993.35,-191.52,247.70,0.10,50.51,0.00,2.44,0.00,-2.33,-4.44,-1.51,-0.24
3000.00,0.00,253.66,0.00,2991.42,-194.71,247.24,-0.01,50.51,0.00,1.17,0.00,-5.42,-8.07,-0.50,-0.24
3000.00,0.00,253.96,0.00,2987.89,-199.15,247.26,-0.13,50.51,0.00,0.12,0.00,-8.60,-9.59,0.49,-0.22
3000.00,0.00,253.74,0.00,2985.40,-202.55,247.67,-0.19,50.51,0.00,-0.89,0.00,-3.43,-6.83,1.33,-0.07
3000.00,0.00,253.05,0.00,2983.32,-204.85,248.60,-0.19,50.51,0.00,-1.81,0.00,-4.63,-2.78,2.25,0.06
3000.00,0.00,252.15,0.00,2981.15,-205.31,249.70,-0.15,50.51,0.00,-2.52,0.00,-5.71,0.23,2.92,0.14
3000.00,0.00,250.56,0.00,2977.43,-204.13,251.56,-0.06,50.51,0.00,-3.32,0.00,-7.60,3.57,3.68,0.19
3000.00,0.00,248.41,0.00,2975.18,-201.78,253.02,0.04,50.51,0.00,-4.02,0.00,-2.14,5.83,2.41,0.19
3000.00,0.00,246.97,0.00,2976.30,-196.61,254.08,0.17,50.51,0.00,-2.86,0.00,4.66,9.51,0.95,0.19
3000.00,0.00,245.87,0.00,2980.06,-192.60,254.28,0.22,50.51,0.00,-1.71,0.00,10.36,7.29,-0.03,0.03
3000.00,0.00,245.30,0.00,2985.61,-189.99,253.89,0.19,50.51,0.00,-0.62,0.00,8.87,2.13,-1.18,-0.12
3000.00,0.00,245.25,0.00,2989.35,-190.21,253.12,0.12,50.51,0.00,0.29,0.00,7.20,-2.60,-2.05,-0.19
3000.00,0.00,245.72,0.00,2992.35,-193.02,251.79,0.01,50.51,0.00,1.35,0.00,4.33,-7.46,-2.91,-0.22
3000.00,0.00,246.59,0.00,2993.52,-197.05,250.35,-0.09,50.51,0.00,2.21,0.00,1.27,-10.38,-3.53,-0.23
3000.00,0.00,247.87,0.00,2993.13,-202.97,248.39,-0.20,50.51,0.00,2.99,0.00,5.42,-13.27,-4.11,-0.21
3000.00,0.00,249.66,0.00,2992.83,-207.28,246.62,-0.25,50.51,0.00,3.70,0.00,4.02,-9.01,-4.49,-0.04
3000.00,0.00,251.58,0.00,2992.63,-210.15,244.74,-0.23,50.51,0.00,4.22,0.00,2.68,-3.27,-3.01,0.13
3000.00,0.00,253.28,0.00,2992.63,-210.21,243.57,-0.14,50.51,0.00,2.87,0.00,0.87,2.17,-1.83,0.23
3000.00,0.00,254.40,0.00,2992.35,-207.93,242.96,-0.02,50.51,0.00,1.68,0.00,-1.92,6.63,-0.81,0.26
3000.00,0.00,254.96,0.00,2989.94,-202.99,242.86,0.12,50.51,0.00,0.58,0.00,-6.09,9.74,0.36,0.24
3000.00,0.00,254.99,0.00,2988.11,-197.47,243.33,0.24,50.51,0.00,-0.39,0.00,-1.60,11.83,1.36,0.22
3000.00,0.00,254.59,0.00,2986.70,-192.60,244.43,0.30,50.51,0.00,-1.27,0.00,-3.01,6.11,2.38,0.02
3000.00,0.00,253.81,0.00,2984.88,-190.90,245.89,0.28,50.51,0.00,-2.10,0.00,-3.97,1.11,3.18,-0.13
3000.00,0.00,252.48,0.00,2982.27,-191.70,247.85,0.18,50.51,0.00,-2.94,0.00,-5.57,-3.48,3.88,-0.21
3000.00,0.00,250.88,0.00,2978.73,-194.50,250.04,0.07,50.51,0.00,-3.61,0.00,-7.85,-6.73,4.40,-0.21
3000.00,0.00,248.68,0.00,2976.20,-198.39,251.85,-0.03,50.51,0.00,-4.22,0.00,-2.75,-8.60,2.97,-0.20
3000.00,0.00,247.02,0.00,2976.20,-203.24,253.01,-0.13,50.51,0.00,-2.89,0.00,2.20,-10.67,1.80,-0.20
3000.00,0.00,245.86,0.00,2978.11,-207.01,253.54,-0.18,50.51,0.00,-1.67,0.00,6.86,-8.35,0.94,-0.06
3000.00,0.00,245.29,0.00,2981.56,-210.26,253.72,-0.17,50.51,0.00,-0.52,0.00,5.33,-3.46,-0.22,0.09
3000.00,0.00,245.31,0.00,2983.76,-210.76,253.35,-0.11,50.51,0.00,0.49,0.00,3.76,0.95,-1.18,0.18
3000.00,0.00,245.84,0.00,2985.02,-209.12,252.51,-0.01,50.51,0.00,1.48,0.00,1.41,5.12,-2.10,0.22
3000.00,0.00,246.81,0.00,2984.98,-205.91,251.31,0.10,50.51,0.00,2.36,0.00,-1.43,8.02,-2.88,0.23
3000.00,0.00,248.12,0.00,2985.40,-201.34,249.76,0.21,50.51,0.00,3.10,0.00,2.73,10.95,-3.54,0.22
3000.00,0.00,249.78,0.00,2988.92,-195.95,247.59,0.28,50.51,0.00,3.74,0.00,9.45,8.90,-4.17,0.04
3000.00,0.00,251.85,0.00,2993.64,-192.65,245.80,0.26,50.51,0.00,4.28,0.00,8.35,3.90,-2.71,-0.11
3000.00,0.00,253.60,0.00,2993.84,-192.15,244.72,0.17,50.51,0.00,2.88,0.00,6.58,-2.32,-1.49,-0.21
3000.00,0.00,254.74,0.00,2993.69,-194.45,244.27,0.06,50.51,0.00,1.67,0.00,3.96,-7.29,-0.50,-0.24
3000.00,0.00,255.29,0.00,2993.39,-198.97,244.29,-0.05,50.51,0.00,0.62,0.00,0.54,-10.69,0.50,-0.24
3000.00,0.00,255.32,0.00,2993.00,-204.89,244.83,-0.17,50.51,0.00,-0.38,0.00,5.12,-12.90,1.49,-0.20
3000.00,0.00,254.73,0.00,2992.66,-209.78,245.87,-0.22,50.51,0.00,-1.52,0.00,3.21,-7.26,2.42,0.00
3000.00,0.00,253.90,0.00,2992.52,-211.77,247.34,-0.18,50.51,0.00,-2.29,0.00,1.61,-1.53,3.21,0.17
3000.00,0.00,252.85,0.00,2992.58,-210.89,249.30,-0.06,50.51,0.00,-2.92,0.00,-0.94,4.09,3.90,0.25
3000.00,0.00,251.05,0.00,2990.99,-207.35,251.59,0.07,50.51,0.00,-3.66,0.00,-4.70,8.18,4.43,0.25
3000.00,0.00,249.32,0.00,2987.33,-202.41,253.52,0.20,50.51,0.00,-4.15,0.00,-8.51,9.71,2.91,0.22
3000.00,0.00,247.77,0.00,2984.95,-197.40,254.68,0.29,50.51,0.00,-2.91,0.00,-1.29,9.84,1.69,0.13
