-2500.00,0.00,0.00,0.00,-2584.07,-445.64,0.92,-0.97,0.00,0.00,0.00,0.00,0.00,0.00,0.00,0.00
-2499.44,0.00,0.28,0.00,-2583.77,-445.00,0.69,-0.95,2.01,0.00,1.00,0.00,1.14,2.51,-0.92,0.09
-2498.18,0.00,0.90,0.00,-2583.06,-443.27,0.07,-0.90,3.72,0.00,1.81,0.00,1.90,4.98,-1.77,0.14
-2496.04,0.00,1.92,0.00,-2581.96,-439.80,0.00,-0.82,5.52,0.00,2.59,0.00,2.09,7.85,-0.66,0.17
-2493.30,0.00,3.17,0.00,-2580.78,-433.23,0.00,-0.69,7.19,0.00,3.23,0.00,1.76,16.06,0.40,0.28
-2489.07,0.00,5.00,0.00,-2580.79,-423.73,0.46,-0.55,9.18,0.00,3.87,0.00,-1.85,21.57,1.36,0.27
-2483.43,0.00,7.29,0.00,-2583.03,-412.51,1.35,-0.43,11.28,0.00,4.42,0.00,-7.10,24.34,2.23,0.25
-2476.81,0.00,9.77,0.00,-2588.32,-399.97,2.71,-0.31,13.29,0.00,4.82,0.00,-13.19,24.86,3.04,0.23
-2469.60,0.00,12.28,0.00,-2597.23,-387.00,4.56,-0.18,15.15,0.00,5.10,0.00,-19.37,23.46,3.75,0.22
-2461.57,0.00,14.88,0.00,-2608.59,-375.73,6.63,-0.08,16.94,0.00,5.30,0.00,-24.55,20.88,4.29,0.21
-2452.99,0.00,17.46,0.00,-2621.34,-366.61,8.77,0.02,18.62,0.00,5.45,0.00,-28.61,17.78,4.68,0.20
-2442.54,0.00,20.40,0.00,-2637.61,-358.32,11.36,0.12,20.44,0.00,5.57,0.00,-32.22,13.83,5.01,0.19
-2430.79,0.00,23.48,0.00,-2653.73,-352.70,13.82,0.21,22.24,0.00,5.65,0.00,-34.64,10.02,5.23,0.18
-2419.75,0.00,26.19,0.00,-2673.85,-348.47,16.83,0.30,23.76,0.00,5.70,0.00,-36.58,5.50,5.42,0.17
-2409.14,0.00,28.67,0.00,-2692.34,-346.83,19.56,0.39,25.09,0.00,5.73,0.00,-37.52,1.56,5.54,0.16
-2395.78,0.00,31.64,0.00,-2709.32,-346.99,22.08,0.46,26.61,0.00,5.76,0.00,-37.82,-1.88,5.62,0.16
-2382.69,0.00,34.40,0.00,-2725.50,-348.54,24.50,0.52,27.97,0.00,5.78,0.00,-37.68,-4.96,5.67,0.15
-2370.87,0.00,36.79,0.00,-2744.02,-351.91,27.32,0.59,29.10,0.00,5.80,0.00,-37.13,-8.26,5.72,0.14
-2356.34,0.00,39.62,0.00,-2762.36,-356.91,30.19,0.66,30.38,0.00,5.81,0.00,-36.20,-11.31,5.75,0.14
-2338.68,0.00,42.91,0.00,-2777.84,-361.44,33.04,0.73,31.79,0.00,5.82,0.00,-27.78,-7.32,5.78,0.14
-2327.12,0.00,45.00,0.00,-2789.64,-363.77,35.92,0.80,32.64,0.00,5.82,0.00,-20.59,-2.39,5.79,0.15
-2309.70,0.00,48.04,0.00,-2797.81,-363.50,38.65,0.88,33.83,0.00,5.82,0.00,-14.82,3.09,5.80,0.16
-2294.20,0.00,50.67,0.00,-2802.83,-360.44,41.41,0.94,34.80,0.00,5.83,0.00,-7.37,9.47,5.81,0.11
-2276.33,0.00,53.62,0.00,-2804.19,-354.32,44.31,0.97,35.84,0.00,5.83,0.00,1.04,14.72,5.82,-0.01
-2255.85,0.00,56.89,0.00,-2801.84,-346.54,46.90,0.95,36.92,0.00,5.83,0.00,8.77,19.60,5.82,-0.09
-2238.98,0.00,59.52,0.00,-2795.31,-335.92,49.70,0.89,37.74,0.00,5.83,0.00,17.65,24.00,5.82,-0.13
-2221.04,0.00,62.26,0.00,-2784.26,-323.34,52.53,0.83,38.55,0.00,5.83,0.00,26.94,27.22,5.83,-0.13
-2202.67,0.00,65.01,0.00,-2766.82,-308.02,55.65,0.76,39.32,0.00,5.83,0.00,37.01,29.51,5.83,-0.12
-2184.48,0.00,67.68,0.00,-2747.55,-293.99,58.36,0.71,40.02,0.00,5.83,0.00,45.14,30.76,5.83,-0.11
-2163.08,0.00,70.77,0.00,-2719.52,-276.47,61.62,0.65,40.79,0.00,5.83,0.00,54.02,31.67,5.83,-0.10
-2141.38,0.00,73.84,0.00,-2696.01,-262.72,64.02,0.62,41.50,0.00,5.83,0.00,59.44,34.81,5.83,-0.05
-2120.86,0.00,76.70,0.00,-2665.88,-245.01,66.83,0.60,42.12,0.00,5.83,0.00,65.06,38.37,5.83,-0.03
-2099.58,0.00,79.62,0.00,-2634.58,-226.50,69.53,0.59,42.71,0.00,5.83,0.00,69.84,41.38,5.83,-0.02
-2078.53,0.00,82.48,0.00,-2597.22,-204.33,72.54,0.58,43.25,0.00,5.83,0.00,74.49,44.22,5.83,-0.02
-2055.90,0.00,85.51,0.00,-2555.95,-181.18,75.65,0.55,43.79,0.00,5.83,0.00,79.46,42.15,5.83,-0.08
-2034.97,0.00,88.28,0.00,-2510.71,-158.98,78.87,0.51,44.25,0.00,5.83,0.00,84.17,38.73,5.83,-0.08
-2013.99,0.00,91.03,0.00,-2466.35,-138.91,81.87,0.48,44.68,0.00,5.83,0.00,87.48,39.29,5.83,-0.03
-1993.07,0.00,93.75,0.00,-2422.13,-119.14,84.78,0.47,45.07,0.00,5.83,0.00,89.88,40.08,5.83,-0.02
-1970.00,0.00,96.72,0.00,-2376.55,-98.87,87.70,0.46,45.47,0.00,5.83,0.00,91.78,40.72,5.83,-0.02
-1945.25,0.00,99.88,0.00,-2323.99,-77.11,91.00,0.43,45.87,0.00,5.83,0.00,93.87,36.17,5.83,-0.08
-1921.06,0.00,102.94,0.00,-2263.76,-56.33,94.70,0.37,46.23,0.00,5.83,0.00,95.85,30.08,5.83,-0.08
-1897.29,0.00,105.93,0.00,-2208.67,-40.78,98.03,0.33,46.55,0.00,5.83,0.00,96.86,24.92,5.83,-0.08
-1875.37,0.00,108.67,0.00,-2153.76,-26.98,101.32,0.30,46.82,0.00,5.83,0.00,97.83,24.34,5.83,-0.03
-1847.17,0.00,112.17,0.00,-2106.85,-16.31,104.12,0.27,47.15,0.00,5.83,0.00,97.87,20.29,5.83,-0.08
-1825.60,0.00,114.83,0.00,-2047.26,-6.11,107.67,0.22,47.37,0.00,5.83,0.00,97.53,13.85,5.83,-0.09
-1777.68,0.00,120.70,0.00,-2047.26,-6.11,107.67,0.22,47.83,0.00,5.83,0.00,97.53,13.85,5.83,-0.09
-1759.28,0.00,122.94,0.00,-1993.39,-0.09,110.91,0.17,47.98,0.00,5.83,0.00,96.94,8.51,5.83,-0.09
-1740.04,0.00,125.27,0.00,-1936.43,3.21,114.35,0.12,48.13,0.00,5.83,0.00,95.91,3.22,5.83,-0.09
-1714.37,0.00,128.38,0.00,-1891.94,3.69,117.08,0.08,48.32,0.00,5.83,0.00,94.83,-0.73,5.83,-0.09
-1689.52,0.00,131.37,0.00,-1847.68,2.36,119.82,0.04,48.49,0.00,5.83,0.00,93.64,-4.53,5.83,-0.08
-1662.48,0.00,134.62,0.00,-1802.79,-0.83,122.64,0.00,48.66,0.00,5.83,0.00,92.31,-8.28,5.83,-0.08
-1638.39,0.00,137.50,0.00,-1755.88,-5.20,125.60,-0.03,48.80,0.00,5.83,0.00,92.47,-8.73,5.83,-0.04
-1614.30,0.00,140.37,0.00,-1704.54,-8.89,129.02,-0.02,48.92,0.00,5.83,0.00,83.64,-3.70,5.83,0.07
-1593.97,0.00,142.80,0.00,-1667.69,-10.01,131.68,0.01,49.02,0.00,5.83,0.00,78.42,-1.68,5.83,0.04
-1571.95,0.00,145.41,0.00,-1625.83,-10.51,134.93,0.02,49.13,0.00,5.83,0.00,72.76,-0.36,5.83,0.02
-1543.41,0.00,148.80,0.00,-1590.19,-10.47,137.89,0.03,49.25,0.00,5.83,0.00,68.18,0.39,5.83,0.02
-1519.67,0.00,151.60,0.00,-1555.36,-10.10,140.98,0.04,49.34,0.00,5.83,0.00,63.90,0.92,5.83,0.02
-1496.97,0.00,154.29,0.00,-1522.88,-9.50,144.04,0.05,49.42,0.00,5.83,0.00,60.07,1.30,5.83,0.01
-1469.97,0.00,157.47,0.00,-1496.61,-8.86,146.67,0.06,49.51,0.00,5.83,0.00,57.10,1.54,5.83,0.01
-1442.83,0.00,160.66,0.00,-1466.68,-7.96,149.83,0.06,49.59,0.00,5.83,0.00,53.81,1.75,5.83,0.01
-1415.80,0.00,163.84,0.00,-1436.00,-6.87,153.27,0.07,49.67,0.00,5.83,0.00,50.56,1.91,5.83,0.01
-1388.06,0.00,167.10,0.00,-1413.21,-5.96,155.97,0.07,49.74,0.00,5.83,0.00,48.22,2.00,5.83,0.01
-1363.94,0.00,169.92,0.00,-1391.22,-5.01,158.70,0.08,49.80,0.00,5.83,0.00,46.02,2.07,5.83,0.01
-1341.06,0.00,172.60,0.00,-1366.66,-3.85,161.90,0.08,49.85,0.00,5.83,0.00,43.61,2.13,5.83,0.01
-1311.80,0.00,176.02,0.00,-1346.03,-2.81,164.73,0.08,49.91,0.00,5.83,0.00,41.64,2.16,5.83,0.01
-1287.79,0.00,178.83,0.00,-1326.16,-1.75,167.59,0.09,49.95,0.00,5.83,0.00,39.77,2.17,5.83,0.01
-1262.34,0.00,181.80,0.00,-1305.43,-0.58,170.71,0.09,49.99,0.00,5.83,0.00,37.85,2.18,5.83,0.01
-1236.33,0.00,184.83,0.00,-1286.16,0.56,173.76,0.09,50.03,0.00,5.83,0.00,36.09,2.17,5.83,0.01
-1207.99,0.00,188.13,0.00,-1265.55,1.83,177.19,0.10,50.08,0.00,5.83,0.00,34.23,2.15,5.83,0.01
-1184.07,0.00,190.92,0.00,-1247.70,2.97,180.31,0.10,50.11,0.00,5.83,0.00,32.64,2.13,5.83,0.01
-1156.87,0.00,194.08,0.00,-1229.95,4.15,183.57,0.10,50.14,0.00,5.83,0.00,31.08,2.09,5.83,0.01
-1132.02,0.00,196.97,0.00,-1213.55,5.27,186.73,0.11,50.17,0.00,5.83,0.00,29.64,2.06,5.83,0.01
-1107.27,0.00,199.85,0.00,-1199.04,6.98,189.74,0.13,50.20,0.00,5.83,0.00,26.82,4.47,5.83,0.07
-1080.97,0.00,202.90,0.00,-1186.52,9.95,192.63,0.17,50.22,0.00,5.83,0.00,23.97,7.23,5.83,0.11
-1052.74,0.00,206.18,0.00,-1175.52,14.21,195.50,0.23,50.25,0.00,5.83,0.00,20.99,9.76,5.83,0.12
-1024.47,0.00,209.46,0.00,-1165.95,19.65,198.40,0.28,50.27,0.00,5.83,0.00,17.89,11.84,5.83,0.12
-998.34,0.00,212.49,0.00,-1157.37,26.50,201.52,0.35,50.29,0.00,5.83,0.00,14.50,13.48,5.83,0.13
-976.14,0.00,215.07,0.00,-1151.45,32.93,204.19,0.41,50.30,0.00,5.83,0.00,11.61,14.40,5.83,0.13
-948.88,0.00,218.23,0.00,-1146.10,37.52,207.02,0.40,50.32,0.00,5.83,0.00,10.69,5.39,5.83,-0.15
-925.04,0.00,220.99,0.00,-1140.74,37.76,210.13,0.30,50.33,0.00,5.83,0.00,9.27,-3.54,5.83,-0.25
-901.49,0.00,223.72,0.00,-1137.20,34.83,212.70,0.19,50.35,0.00,5.83,0.00,6.82,-9.01,5.83,-0.25
-875.33,0.00,226.75,0.00,-1134.73,29.24,215.62,0.06,50.36,0.00,5.83,0.00,3.25,-12.73,5.83,-0.25
-848.52,0.00,229.85,0.00,-1134.18,21.47,218.91,-0.07,50.37,0.00,5.83,0.00,-0.93,-14.44,5.83,-0.24
-823.12,0.00,232.80,0.00,-1133.32,15.93,221.24,-0.15,50.38,0.00,5.83,0.00,4.73,-13.51,5.83,-0.15
-798.90,0.00,235.60,0.00,-1129.04,9.96,224.19,-0.19,50.39,0.00,5.83,0.00,11.66,-10.61,5.83,-0.01
-780.90,0.00,237.68,0.00,-1120.71,5.17,227.25,-0.17,50.40,0.00,5.83,0.00,19.39,-7.86,5.83,0.09
-753.81,0.00,240.82,0.00,-1107.69,1.96,230.44,-0.11,50.41,0.00,5.83,0.00,27.32,-4.07,5.83,0.13
-727.51,0.00,243.86,0.00,-1092.69,1.06,233.26,-0.05,50.42,0.00,5.83,0.00,34.02,0.06,5.83,0.13
-697.31,0.00,247.35,0.00,-1075.72,2.15,235.92,0.01,50.43,0.00,5.83,0.00,39.65,4.34,5.83,0.12
-675.61,0.00,249.86,0.00,-1051.73,5.11,239.09,0.05,50.43,0.00,5.83,0.00,47.56,6.21,5.83,0.06
-649.79,0.00,252.85,0.00,-1027.85,7.55,241.86,0.06,50.44,0.00,5.83,0.00,52.80,3.96,5.83,-0.05
-623.65,0.00,255.34,0.00,-1000.02,8.34,244.77,0.02,50.44,0.00,4.03,0.00,57.95,-0.59,5.83,-0.09
-599.38,0.00,256.92,0.00,-973.19,7.63,247.34,-0.01,50.45,0.00,2.73,0.00,63.27,-2.33,5.83,-0.05
-572.76,0.00,258.01,0.00,-942.52,6.22,250.05,-0.03,50.45,0.00,1.53,0.00,68.36,-3.57,5.83,-0.03
-549.62,0.00,258.47,0.00,-909.28,4.28,252.78,-0.04,50.46,0.00,0.58,0.00,72.99,-4.58,5.83,-0.02
-523.30,0.00,258.47,0.00,-872.86,1.82,255.60,-0.05,50.46,0.00,-0.47,0.00,77.22,-5.46,5.83,-0.02
-500.30,0.00,258.03,0.00,-831.62,-0.10,258.65,-0.04,50.47,0.00,-1.36,0.00,79.89,-1.62,5.83,0.07
-474.76,0.00,257.08,0.00,-791.05,0.63,261.07,0.00,50.47,0.00,-2.27,0.00,81.88,4.05,4.09,0.09
-451.70,0.00,255.86,0.00,-752.00,3.09,262.65,0.03,50.47,0.00,-3.00,0.00,84.65,6.00,2.81,0.04
-423.52,0.00,253.95,0.00,-708.97,5.38,263.73,0.03,50.48,0.00,-3.75,0.00,85.89,2.74,1.65,-0.06
-396.59,0.00,251.77,0.00,-670.51,5.34,264.24,-0.01,50.48,0.00,-4.31,0.00,86.67,-2.54,0.71,-0.08
-367.76,0.00,249.16,0.00,-628.04,2.48,264.32,-0.05,50.48,0.00,-4.76,0.00,87.05,-8.50,-0.27,-0.09
-367.76,0.00,249.16,0.00,-549.51,-5.62,263.27,-0.07,50.48,0.00,-4.76,0.00,88.65,-6.87,-1.97,0.06
-340.90,0.00,247.11,0.00,-509.64,-6.99,262.13,-0.03,50.48,0.00,-3.19,0.00,81.48,0.46,-2.76,0.10
-318.37,0.00,245.96,0.00,-467.52,-2.82,260.35,0.05,50.49,0.00,-2.10,0.00,70.99,12.90,-3.55,0.15
-289.79,0.00,245.15,0.00,-439.15,3.27,258.76,0.10,50.49,0.00,-0.89,0.00,65.91,15.77,-4.04,0.10
-263.69,0.00,244.99,0.00,-405.72,12.48,256.45,0.15,50.49,0.00,0.15,0.00,59.95,18.37,-4.53,0.10
-238.41,0.00,245.34,0.00,-378.08,21.92,254.16,0.19,50.49,0.00,1.14,0.00,54.90,20.43,-4.87,0.10
-214.91,0.00,246.10,0.00,-349.58,33.76,251.40,0.25,50.49,0.00,2.01,0.00,49.47,22.46,-5.16,0.10
-182.78,0.00,247.75,0.00,-324.38,42.58,248.57,0.23,50.50,0.00,3.04,0.00,45.36,10.95,-5.36,-0.16
-158.14,0.00,249.41,0.00,-298.29,44.40,245.98,0.12,50.50,0.00,3.70,0.00,40.35,-3.21,-3.42,-0.19
-132.11,0.00,251.48,0.00,-282.90,41.42,244.83,0.04,50.50,0.00,4.25,0.00,35.92,-10.45,-2.40,-0.19
-112.26,0.00,252.91,0.00,-265.51,33.71,243.89,-0.06,50.50,0.00,3.14,0.00,29.24,-17.08,-1.21,-0.20
-63.43,0.00,254.79,0.00,-265.51,33.71,243.89,-0.06,50.50,0.00,0.94,0.00,29.24,-17.08,-1.21,-0.20
-34.24,0.00,254.96,0.00,-250.67,22.81,243.57,-0.17,50.50,0.00,-0.22,0.00,22.85,-20.14,-0.04,-0.19
-10.52,0.00,254.62,0.00,-241.24,13.39,243.78,-0.25,50.50,0.00,-1.15,0.00,18.75,-20.82,0.87,-0.17
18.94,0.00,253.60,0.00,-230.18,3.96,244.48,-0.29,50.50,0.00,-2.22,0.00,24.92,-17.38,1.82,-0.00
18.94,0.00,253.60,0.00,-198.53,-9.75,247.15,-0.21,50.50,0.00,-2.22,0.00,37.88,-10.04,3.40,0.12
45.07,0.00,252.21,0.00,-179.26,-13.37,248.91,-0.16,50.50,0.00,-3.05,0.00,43.33,-5.69,3.97,0.12
69.83,0.00,250.53,0.00,-152.91,-14.87,251.33,-0.09,50.51,0.00,-3.70,0.00,49.09,-0.13,4.51,0.11
96.26,0.00,248.43,0.00,-133.35,-13.85,252.90,-0.04,50.51,0.00,-4.26,0.00,46.09,4.54,3.30,0.12
116.55,0.00,246.97,0.00,-108.90,-10.22,254.22,0.02,50.51,0.00,-3.13,0.00,50.10,9.26,2.06,0.12
166.91,0.00,245.08,0.00,-108.90,-10.22,254.22,0.02,50.51,0.00,-0.87,0.00,50.10,9.26,2.06,0.12
194.99,0.00,244.94,0.00,-79.46,-3.65,255.00,0.08,50.51,0.00,0.25,0.00,54.29,13.68,0.86,0.11
194.99,0.00,244.94,0.00,-28.00,8.40,254.95,0.12,50.51,0.00,0.25,0.00,62.26,12.04,-0.89,-0.04
218.29,0.00,245.28,0.00,2.86,12.89,254.27,0.09,50.51,0.00,1.16,0.00,65.68,6.86,-1.80,-0.10
243.44,0.00,246.12,0.00,34.38,14.40,253.14,0.04,50.51,0.00,2.08,0.00,60.96,-0.06,-2.66,-0.11
267.83,0.00,247.34,0.00,66.16,12.24,251.43,-0.02,50.51,0.00,2.87,0.00,55.63,-6.95,-3.45,-0.11
314.87,0.00,250.63,0.00,66.16,12.24,251.43,-0.02,50.51,0.00,4.07,0.00,55.63,-6.95,-3.45,-0.11
340.18,0.00,252.28,0.00,97.22,6.80,249.37,-0.08,50.51,0.00,2.71,0.00,58.88,-12.53,-4.09,-0.11
362.78,0.00,253.24,0.00,129.41,0.76,247.64,-0.10,50.51,0.00,1.68,0.00,62.62,-10.07,-2.66,0.03
385.80,0.00,253.76,0.00,163.41,-3.16,246.59,-0.07,50.51,0.00,0.73,0.00,66.22,-5.01,-1.47,0.09
412.51,0.00,253.84,0.00,196.59,-4.11,246.15,-0.02,50.51,0.00,-0.33,0.00,68.96,0.63,-0.46,0.10
437.93,0.00,253.40,0.00,231.92,-3.15,246.19,0.01,50.51,0.00,-1.32,0.00,72.66,2.77,0.54,0.04
466.00,0.00,252.35,0.00,262.91,-1.73,246.61,0.03,50.51,0.00,-2.32,0.00,75.38,3.84,1.35,0.03
488.74,0.00,251.12,0.00,306.66,0.79,247.70,0.04,50.51,0.00,-3.04,0.00,78.66,4.92,2.37,0.02
511.18,0.00,249.62,0.00,342.62,2.35,248.96,0.03,50.51,0.00,-3.64,0.00,79.66,1.77,3.08,-0.06
533.84,0.00,248.28,0.00,378.76,1.93,250.50,-0.00,50.51,0.00,-2.48,0.00,80.38,-3.25,3.69,-0.09
555.54,0.00,247.45,0.00,420.23,-0.57,252.09,-0.03,50.51,0.00,-1.52,0.00,71.87,-5.28,2.29,-0.04
582.41,0.00,246.97,0.00,452.78,-3.29,252.90,-0.05,50.51,0.00,-0.42,0.00,65.32,-5.97,1.24,-0.03
607.26,0.00,247.03,0.00,482.09,-6.21,253.23,-0.06,50.51,0.00,0.57,0.00,59.45,-6.31,0.27,-0.02
632.68,0.00,247.58,0.00,509.44,-9.32,253.11,-0.07,50.51,0.00,1.54,0.00,53.96,-6.48,-0.69,-0.02
659.04,0.00,248.66,0.00,532.96,-12.31,252.56,-0.08,50.51,0.00,2.46,0.00,49.17,-6.53,-1.58,-0.02
659.04,0.00,248.66,0.00,572.07,-17.99,250.49,-0.10,50.51,0.00,2.46,0.00,40.93,-6.46,-3.04,-0.02
705.07,0.00,251.15,0.00,572.07,-17.99,250.49,-0.10,50.51,0.00,2.13,0.00,40.93,-6.46,-3.04,-0.02
729.01,0.00,251.89,0.00,592.42,-21.38,249.25,-0.11,50.51,0.00,1.10,0.00,36.38,-6.33,-1.79,-0.02
753.92,0.00,252.16,0.00,607.97,-24.21,248.68,-0.12,50.51,0.00,0.10,0.00,32.72,-6.18,-0.83,-0.02
782.38,0.00,251.87,0.00,624.28,-27.46,248.55,-0.13,50.51,0.00,-1.02,0.00,28.61,-5.97,0.24,-0.02
811.07,0.00,250.95,0.00,637.26,-27.97,248.93,-0.08,50.51,0.00,-2.08,0.00,24.55,3.33,1.21,0.19
840.27,0.00,249.45,0.00,648.94,-23.34,249.89,0.03,50.51,0.00,-3.01,0.00,18.87,12.39,2.20,0.23
840.27,0.00,249.45,0.00,662.14,-3.16,250.94,0.30,50.51,0.00,-3.01,0.00,4.10,20.66,-0.20,0.26
870.84,0.00,248.11,0.00,665.47,7.81,250.54,0.41,50.51,0.00,-1.60,0.00,8.34,21.61,-1.22,0.18
919.24,0.00,247.57,0.00,665.47,7.81,250.54,0.41,50.51,0.00,0.36,0.00,8.34,21.61,-1.22,0.18
943.41,0.00,247.99,0.00,669.39,16.42,249.72,0.45,50.51,0.00,1.30,0.00,8.22,15.31,-2.11,-0.00
966.55,0.00,248.80,0.00,674.18,23.09,248.22,0.41,50.51,0.00,2.13,0.00,8.54,8.88,-3.03,-0.14
991.58,0.00,250.08,0.00,678.20,25.98,247.09,0.34,50.51,0.00,2.94,0.00,8.38,3.89,-1.90,-0.18
1020.07,0.00,251.32,0.00,681.78,26.64,246.48,0.25,50.51,0.00,1.63,0.00,7.61,-0.48,-0.95,-0.20
1043.21,0.00,251.82,0.00,687.42,25.76,246.28,0.16,50.51,0.00,0.67,0.00,14.55,-3.03,0.04,-0.18
1068.52,0.00,251.88,0.00,696.05,23.57,246.55,0.07,50.51,0.00,-0.33,0.00,20.94,-5.93,0.99,-0.16
1068.52,0.00,251.88,0.00,718.79,16.11,248.10,-0.05,50.51,0.00,-0.33,0.00,31.51,-11.26,2.53,-0.13
1092.45,0.00,251.48,0.00,733.18,11.37,249.29,-0.09,50.51,0.00,-1.26,0.00,37.72,-11.71,3.16,-0.07
1115.07,0.00,250.71,0.00,757.39,5.56,251.37,-0.10,50.51,0.00,-2.09,0.00,45.09,-8.39,3.90,0.05
1142.43,0.00,249.31,0.00,783.12,2.43,253.01,-0.05,50.51,0.00,-2.97,0.00,51.55,-3.69,2.51,0.10
1168.58,0.00,248.13,0.00,812.24,2.09,253.99,0.00,50.51,0.00,-1.75,0.00,57.24,1.95,1.32,0.10
1192.31,0.00,247.56,0.00,841.50,3.64,254.37,0.04,50.51,0.00,-0.77,0.00,63.15,4.05,0.33,0.05
1235.15,0.00,247.67,0.00,841.50,3.64,254.37,0.04,50.51,0.00,0.93,0.00,63.15,4.05,0.33,0.05
1255.64,0.00,248.22,0.00,876.25,5.12,254.24,0.03,50.51,0.00,1.70,0.00,67.74,1.20,-0.72,-0.06
1278.16,0.00,249.17,0.00,904.16,4.72,253.77,0.00,50.51,0.00,2.48,0.00,70.74,-2.91,-1.50,-0.09
1301.97,0.00,250.53,0.00,940.96,2.65,252.77,-0.03,50.51,0.00,3.20,0.00,75.46,-4.91,-2.39,-0.04
1330.18,0.00,251.90,0.00,983.47,-0.43,251.21,-0.05,50.51,0.00,1.86,0.00,79.91,-6.20,-3.23,-0.03
1357.49,0.00,252.56,0.00,1027.18,-2.81,249.86,-0.03,50.51,0.00,0.72,0.00,82.29,-2.34,-1.93,0.07
1382.94,0.00,252.64,0.00,1070.26,-2.33,249.18,0.01,50.51,0.00,-0.29,0.00,84.02,3.69,-0.83,0.09
1409.44,0.00,252.19,0.00,1112.69,0.18,249.04,0.04,50.51,0.00,-1.32,0.00,86.64,5.90,0.17,0.04
1431.53,0.00,251.41,0.00,1151.57,2.28,249.33,0.03,50.51,0.00,-2.12,0.00,87.51,3.25,1.05,-0.05
1454.64,0.00,250.25,0.00,1193.25,2.47,250.06,0.00,50.51,0.00,-2.87,0.00,88.17,-2.12,1.94,-0.08
1478.43,0.00,248.72,0.00,1235.73,0.81,251.20,-0.03,50.51,0.00,-3.53,0.00,89.88,-4.35,2.74,-0.04
1502.43,0.00,247.37,0.00,1277.50,-1.51,252.19,-0.04,50.51,0.00,-2.33,0.00,91.21,-5.53,1.68,-0.02
1527.56,0.00,246.51,0.00,1321.44,-3.38,252.73,-0.03,50.51,0.00,-1.24,0.00,91.02,-1.90,0.67,0.06
1557.76,0.00,246.17,0.00,1367.33,-2.16,252.77,0.02,50.51,0.00,-0.02,0.00,82.39,5.73,-0.40,0.10
1578.96,0.00,246.36,0.00,1405.20,1.94,252.33,0.06,50.51,0.00,0.81,0.00,75.74,10.61,-1.34,0.09
1611.13,0.00,247.30,0.00,1441.20,8.35,251.40,0.11,50.51,0.00,2.01,0.00,69.37,14.56,-2.25,0.09
1632.47,0.00,248.32,0.00,1477.96,17.63,249.87,0.16,50.51,0.00,2.72,0.00,62.73,18.11,-3.13,0.09
1655.11,0.00,249.71,0.00,1509.02,27.87,248.03,0.21,50.51,0.00,3.38,0.00,56.97,20.77,-3.81,0.10
1681.14,0.00,251.63,0.00,1539.09,40.23,246.36,0.26,50.51,0.00,4.00,0.00,51.17,23.09,-2.36,0.10
1708.82,0.00,253.37,0.00,1560.46,50.71,245.57,0.31,50.51,0.00,2.54,0.00,46.86,24.59,-1.39,0.10
1733.91,0.00,254.32,0.00,1581.99,59.88,245.16,0.29,50.51,0.00,1.43,0.00,43.75,14.22,-0.40,-0.15
1759.70,0.00,254.75,0.00,1604.99,63.64,245.27,0.19,50.51,0.00,0.38,0.00,40.23,0.98,0.69,-0.19
1788.23,0.00,254.61,0.00,1625.95,60.77,245.99,0.09,50.51,0.00,-0.75,0.00,34.77,-9.55,1.76,-0.20
1815.99,0.00,253.88,0.00,1641.25,54.48,247.07,-0.01,50.51,0.00,-1.80,0.00,29.10,-15.56,2.60,-0.20
1843.26,0.00,252.63,0.00,1653.63,46.01,248.50,-0.10,50.51,0.00,-2.72,0.00,23.23,-19.27,3.31,-0.20
1867.92,0.00,251.10,0.00,1663.29,36.20,250.25,-0.20,50.51,0.00,-3.43,0.00,17.57,-21.25,3.91,-0.20
1892.87,0.00,249.25,0.00,1671.54,23.66,252.70,-0.32,50.51,0.00,-4.02,0.00,11.55,-21.87,4.47,-0.20
1916.93,0.00,247.68,0.00,1675.45,15.13,254.22,-0.39,50.51,0.00,-2.73,0.00,8.52,-21.24,3.32,-0.18
1944.22,0.00,246.58,0.00,1682.03,4.72,255.58,-0.44,50.51,0.00,-1.50,0.00,15.86,-18.88,2.03,-0.02
1972.20,0.00,246.10,0.00,1689.39,-2.75,256.26,-0.42,50.51,0.00,-0.36,0.00,15.97,-13.93,1.03,0.09
1972.20,0.00,246.10,0.00,1704.34,-10.86,256.30,-0.29,50.51,0.00,-0.36,0.00,15.55,-3.88,-0.85,0.17
1995.55,0.00,246.17,0.00,1712.88,-11.26,255.46,-0.20,50.51,0.00,0.57,0.00,14.19,1.81,-1.94,0.17
2024.13,0.00,246.83,0.00,1723.75,-9.04,254.00,-0.10,50.51,0.00,1.66,0.00,21.78,5.47,-2.91,0.16
2055.78,0.00,248.25,0.00,1738.01,-4.92,252.13,-0.01,50.51,0.00,2.74,0.00,28.53,8.96,-3.68,0.14
2087.03,0.00,250.25,0.00,1751.87,-0.33,250.38,0.05,50.51,0.00,3.61,0.00,33.63,11.59,-4.16,0.13
2116.30,0.00,251.86,0.00,1768.69,4.39,248.80,0.07,50.51,0.00,2.15,0.00,39.32,9.15,-2.90,0.00
2134.53,0.00,252.48,0.00,1786.81,7.60,247.80,0.06,50.51,0.00,1.36,0.00,44.69,5.98,-1.89,-0.08
2159.74,0.00,252.88,0.00,1808.39,9.25,247.19,0.02,50.51,0.00,0.34,0.00,50.03,1.61,-0.93,-0.10
2182.68,0.00,252.80,0.00,1837.14,9.45,247.01,-0.02,50.51,0.00,-0.57,0.00,57.21,-0.49,0.14,-0.05
2208.65,0.00,252.23,0.00,1869.03,8.75,247.38,-0.04,50.51,0.00,-1.56,0.00,63.58,-1.97,1.18,-0.03
2235.25,0.00,251.13,0.00,1901.11,7.49,248.19,-0.06,50.51,0.00,-2.49,0.00,68.84,-3.12,2.07,-0.02
2261.60,0.00,249.60,0.00,1937.04,6.66,249.48,-0.04,50.51,0.00,-3.28,0.00,72.46,0.07,2.90,0.07
2288.40,0.00,248.24,0.00,1976.39,7.16,250.64,-0.02,50.51,0.00,-1.99,0.00,77.10,1.51,1.68,0.03
2314.52,0.00,247.53,0.00,2016.75,8.18,251.20,-0.00,50.51,0.00,-0.89,0.00,80.97,2.37,0.62,0.02
2342.10,0.00,247.38,0.00,2065.06,8.30,251.18,-0.02,50.51,0.00,0.21,0.00,83.01,-2.29,-0.56,-0.07
2369.65,0.00,247.82,0.00,2101.47,6.05,250.73,-0.06,50.51,0.00,1.28,0.00,83.97,-7.55,-1.41,-0.09
2390.78,0.00,248.53,0.00,2139.10,2.13,249.91,-0.08,50.51,0.00,2.05,0.00,86.06,-9.72,-2.21,-0.04
2414.61,0.00,249.71,0.00,2177.52,-1.69,248.75,-0.08,50.51,0.00,2.83,0.00,86.92,-7.17,-2.93,0.05
2439.16,0.00,251.27,0.00,2213.26,-3.62,247.77,-0.05,50.51,0.00,3.52,0.00,87.61,-2.55,-1.96,0.08
2465.68,0.00,252.73,0.00,2264.16,-2.87,247.04,-0.00,50.51,0.00,2.21,0.00,88.08,4.37,-0.73,0.09
2488.38,0.00,253.48,0.00,2308.97,-0.08,246.95,0.02,50.51,0.00,1.22,0.00,89.52,6.21,0.28,0.04
2513.01,0.00,253.80,0.00,2353.39,3.23,247.36,0.04,50.51,0.00,0.23,0.00,90.64,7.06,1.25,0.02
2539.05,0.00,253.63,0.00,2402.13,5.96,248.33,0.03,50.51,0.00,-0.80,0.00,90.23,2.79,2.24,-0.07
2565.87,0.00,252.91,0.00,2449.69,5.57,249.76,-0.01,50.51,0.00,-1.81,0.00,89.58,-3.71,3.08,-0.08
2594.24,0.00,251.59,0.00,2493.64,3.05,251.44,-0.04,50.51,0.00,-2.76,0.00,90.24,-6.01,3.73,-0.04
2616.38,0.00,250.22,0.00,2535.87,0.84,252.92,-0.04,50.51,0.00,-3.40,0.00,83.07,-2.75,2.46,0.06
2638.65,0.00,248.59,0.00,2578.51,1.10,253.88,0.00,50.51,0.00,-3.93,0.00,76.11,3.21,1.26,0.09
2660.55,0.00,247.17,0.00,2614.98,3.27,254.23,0.03,50.51,0.00,-2.77,0.00,71.14,5.02,0.25,0.04
2687.68,0.00,246.05,0.00,2653.32,6.36,254.02,0.05,50.51,0.00,-1.54,0.00,66.19,5.83,-0.87,0.03
2710.72,0.00,245.59,0.00,2684.12,9.26,253.36,0.06,50.51,0.00,-0.59,0.00,62.40,6.17,-1.78,0.02
2738.95,0.00,245.61,0.00,2711.66,12.12,252.35,0.07,50.51,0.00,0.53,0.00,59.15,6.34,-2.57,0.02
2765.62,0.00,246.18,0.00,2738.07,15.06,250.99,0.08,50.51,0.00,1.55,0.00,56.14,6.43,-3.26,0.01
2787.95,0.00,247.06,0.00,2768.44,18.66,248.94,0.08,50.51,0.00,2.34,0.00,52.79,6.45,-3.96,0.01
2812.00,0.00,248.38,0.00,2794.42,21.93,246.80,0.09,50.51,0.00,3.09,0.00,50.02,6.42,-4.45,0.01
2838.79,0.00,250.23,0.00,2818.89,25.15,244.97,0.10,50.51,0.00,3.78,0.00,47.49,6.37,-3.01,0.01
2862.29,0.00,251.67,0.00,2841.00,28.17,243.83,0.10,50.51,0.00,2.57,0.00,45.26,6.30,-1.88,0.01
2883.42,0.00,252.52,0.00,2862.72,31.25,243.19,0.11,50.51,0.00,1.62,0.00,43.11,6.21,-0.83,0.01
2909.17,0.00,253.04,0.00,2881.38,33.98,243.04,0.11,50.51,0.00,0.56,0.00,41.30,6.12,0.06,0.01
2938.37,0.00,252.99,0.00,2900.95,36.93,243.33,0.11,50.51,0.00,-0.60,0.00,39.44,6.02,1.02,0.01
2965.41,0.00,252.37,0.00,2919.88,39.86,244.09,0.12,50.51,0.00,-1.63,0.00,37.67,5.91,1.94,0.01
2984.49,0.00,251.61,0.00,2938.81,42.87,245.34,0.12,50.51,0.00,-2.30,0.00,35.92,5.79,2.81,0.01
3000.00,0.00,250.20,0.00,2955.69,45.63,246.88,0.12,50.51,0.00,-3.11,0.00,34.38,5.67,3.49,0.01
3000.00,0.00,248.68,0.00,2971.84,48.33,248.71,0.13,50.51,0.00,-3.69,0.00,32.92,5.56,4.05,0.01
3000.00,0.00,247.15,0.00,2987.76,51.05,250.34,0.13,50.51,0.00,-2.35,0.00,31.50,5.44,2.72,0.01
3000.00,0.00,246.29,0.00,2999.52,53.57,251.35,0.13,50.51,0.00,-1.28,0.00,30.19,5.32,1.62,0.01
3000.00,0.00,245.96,0.00,2999.48,55.97,251.87,0.14,50.51,0.00,-0.43,0.00,28.85,5.20,0.56,0.01
3000.00,0.00,246.01,0.00,2999.44,58.18,251.89,0.14,50.51,0.00,0.55,0.00,27.65,5.08,-0.41,0.01
3000.00,0.00,246.53,0.00,2999.39,60.67,251.33,0.14,50.51,0.00,1.49,0.00,26.33,4.95,-1.49,0.01
3000.00,0.00,248.92,0.00,2999.39,60.67,251.33,0.14,50.51,0.00,3.15,0.00,26.33,4.95,-1.49,0.01
3000.00,0.00,250.90,0.00,2999.34,62.92,250.28,0.14,50.51,0.00,3.87,0.00,25.15,4.82,-2.41,0.01
3000.00,0.00,252.46,0.00,2999.29,65.20,249.34,0.15,50.51,0.00,2.56,0.00,23.97,4.69,-1.22,0.00
3000.00,0.00,252.46,0.00,2999.20,69.07,249.15,0.15,50.51,0.00,2.56,0.00,22.00,4.46,0.71,0.00
3000.00,0.00,253.41,0.00,2999.16,71.02,249.78,0.15,50.51,0.00,1.45,0.00,21.03,4.34,1.67,0.00
3000.00,0.00,253.87,0.00,2999.12,72.69,250.70,0.16,50.51,0.00,0.18,0.00,20.20,4.24,2.45,0.00
3000.00,0.00,253.75,0.00,2999.07,74.64,252.25,0.16,50.51,0.00,-0.66,0.00,19.23,4.11,3.26,0.00
3000.00,0.00,253.17,0.00,2999.02,76.69,254.36,0.16,50.51,0.00,-1.60,0.00,18.21,3.98,3.97,0.00
3000.00,0.00,252.07,0.00,2998.97,78.62,256.12,0.16,50.51,0.00,-2.52,0.00,17.25,3.85,2.49,0.00
3000.00,0.00,249.10,0.00,2998.97,78.62,256.12,0.16,50.51,0.00,-3.81,0.00,17.25,3.85,2.49,0.00
3000.00,0.00,247.40,0.00,2998.93,80.24,257.03,0.16,50.51,0.00,-2.32,0.00,16.45,3.73,1.40,0.00
3000.00,0.00,246.50,0.00,2998.89,81.73,257.44,0.17,50.51,0.00,-1.13,0.00,15.70,3.62,0.45,0.00
3000.00,0.00,246.22,0.00,2998.84,83.43,257.36,0.17,50.51,0.00,0.07,0.00,14.85,3.50,-0.63,0.00
3000.00,0.00,246.22,0.00,2998.75,86.57,255.58,0.17,50.51,0.00,0.07,0.00,13.24,3.25,-2.57,0.00
3000.00,0.00,246.58,0.00,2998.72,87.70,254.41,0.17,50.51,0.00,1.14,0.00,12.66,3.16,-3.18,0.00
3000.00,0.00,247.38,0.00,2998.68,89.13,252.54,0.18,50.51,0.00,2.04,0.00,11.90,3.04,-3.85,0.00
3000.00,0.00,248.79,0.00,2998.63,90.52,250.33,0.18,50.51,0.00,2.95,0.00,11.15,2.91,-4.39,0.00
3000.00,0.00,250.40,0.00,2998.60,91.70,248.63,0.18,50.51,0.00,3.61,0.00,10.51,2.81,-3.06,0.00
3000.00,0.00,251.94,0.00,2998.56,92.83,247.49,0.18,50.51,0.00,2.25,0.00,9.88,2.70,-1.95,0.00
3000.00,0.00,252.73,0.00,2998.52,94.15,246.77,0.18,50.51,0.00,1.21,0.00,9.12,2.57,-0.75,0.00
3000.00,0.00,253.04,0.00,2998.50,94.97,246.64,0.19,50.51,0.00,0.31,0.00,8.64,2.48,-0.01,0.00
3000.00,0.00,252.93,0.00,2998.46,96.04,246.91,0.19,50.51,0.00,-0.67,0.00,7.99,2.36,0.98,0.00
3000.00,0.00,252.33,0.00,2998.42,97.24,247.84,0.19,50.51,0.00,-1.63,0.00,7.24,2.23,2.07,0.00
3000.00,0.00,251.08,0.00,2998.39,98.27,249.22,0.19,50.51,0.00,-2.62,0.00,6.56,2.10,2.95,0.00
3000.00,0.00,249.57,0.00,2998.36,99.21,250.95,0.19,50.51,0.00,-3.36,0.00,5.92,1.98,3.66,0.00
3000.00,0.00,248.44,0.00,2998.33,100.19,252.57,0.19,50.51,0.00,-2.34,0.00,5.22,1.84,2.21,0.00
3000.00,0.00,247.25,0.00,2998.33,100.19,252.57,0.19,50.51,0.00,-0.33,0.00,5.22,1.84,2.21,0.00
3000.00,0.00,247.35,0.00,2998.28,101.67,253.41,0.22,50.51,0.00,0.64,0.00,2.77,3.69,1.03,0.08
3000.00,0.00,247.84,0.00,2998.19,104.12,253.65,0.27,50.51,0.00,1.50,0.00,0.13,5.27,-0.05,0.13
3000.00,0.00,248.69,0.00,2997.62,106.85,253.38,0.34,50.51,0.00,2.28,0.00,-2.36,6.19,-0.99,0.16
3000.00,0.00,250.01,0.00,2995.94,109.75,252.72,0.42,50.51,0.00,3.06,0.00,-4.83,6.55,-1.84,0.17
3000.00,0.00,251.20,0.00,2992.90,112.89,251.61,0.50,50.51,0.00,1.88,0.00,-7.43,6.32,-2.66,0.17
3000.00,0.00,251.88,0.00,2988.38,115.90,250.03,0.59,50.51,0.00,0.71,0.00,-9.98,5.44,-3.41,0.17
3000.00,0.00,251.93,0.00,2982.87,118.22,248.69,0.67,50.51,0.00,-0.41,0.00,-12.13,4.07,-2.19,0.16
3000.00,0.00,251.41,0.00,2975.74,119.86,247.86,0.75,50.51,0.00,-1.44,0.00,-14.10,2.12,-1.02,0.15
3000.00,0.00,250.50,0.00,2969.72,120.34,247.63,0.81,50.51,0.00,-2.30,0.00,-15.29,0.41,-0.20,0.15
3000.00,0.00,249.11,0.00,2961.05,119.83,247.84,0.89,50.51,0.00,-3.10,0.00,-16.50,-2.07,0.88,0.15
3000.00,0.00,247.92,0.00,2952.17,118.02,248.59,0.97,50.51,0.00,-1.94,0.00,-17.26,-4.61,1.87,0.14
3000.00,0.00,247.32,0.00,2942.49,114.64,249.27,1.05,50.51,0.00,-1.04,0.00,-17.66,-7.35,0.70,0.14
3000.00,0.00,247.09,0.00,2932.72,109.75,249.32,1.12,50.51,0.00,0.14,0.00,-17.67,-10.08,-0.40,0.13
3000.00,0.00,247.49,0.00,2923.09,103.40,248.77,1.19,50.51,0.00,1.21,0.00,-17.33,-12.73,-1.48,0.13
3000.00,0.00,248.21,0.00,2912.71,95.67,247.73,1.30,50.51,0.00,2.02,0.00,-21.46,-16.98,-2.40,0.23
3000.00,0.00,249.36,0.00,2900.34,84.25,246.77,1.42,50.51,0.00,2.79,0.00,-21.94,-23.07,-1.16,0.22
3000.00,0.00,250.82,0.00,2889.05,70.06,246.47,1.54,50.51,0.00,3.46,0.00,-19.71,-28.72,-0.06,0.21
3000.00,0.00,252.31,0.00,2881.80,57.86,246.62,1.62,50.51,0.00,2.08,0.00,-17.03,-32.29,0.73,0.20
3000.00,0.00,253.06,0.00,2873.73,38.73,247.34,1.73,50.51,0.00,0.97,0.00,-12.52,-36.30,1.78,0.19
3000.00,0.00,253.27,0.00,2868.62,19.29,248.52,1.83,50.51,0.00,-0.04,0.00,-7.84,-38.89,2.67,0.18
3000.00,0.00,252.98,0.00,2866.15,1.33,249.90,1.91,50.51,0.00,-1.03,0.00,-3.60,-40.18,3.34,0.17
3000.00,0.00,252.28,0.00,2868.07,-20.47,251.99,1.92,50.51,0.00,-1.89,0.00,7.31,-38.07,4.02,-0.12
3000.00,0.00,250.83,0.00,2870.63,-40.02,254.14,1.91,50.51,0.00,-2.88,0.00,3.99,-39.38,4.49,0.07
3000.00,0.00,249.11,0.00,2872.60,-59.09,255.92,1.96,50.51,0.00,-3.61,0.00,4.45,-39.73,3.10,0.13
3000.00,0.00,247.47,0.00,2875.07,-77.30,257.07,2.02,50.51,0.00,-2.11,0.00,6.18,-39.46,2.00,0.13
3000.00,0.00,246.72,0.00,2878.26,-97.87,257.83,2.10,50.51,0.00,-1.04,0.00,4.70,-31.76,0.75,0.13
3000.00,0.00,246.48,0.00,2880.07,-111.34,257.94,2.16,50.51,0.00,0.03,0.00,3.07,-26.22,-0.19,0.14
3000.00,0.00,246.70,0.00,2881.19,-121.85,257.60,2.21,50.51,0.00,0.89,0.00,1.47,-18.74,-1.14,0.08
3000.00,0.00,247.24,0.00,2881.82,-128.67,256.88,2.23,50.51,0.00,1.67,0.00,1.12,-12.27,-1.97,-0.02
3000.00,0.00,248.32,0.00,2882.05,-132.73,255.78,2.20,50.51,0.00,2.54,0.00,-0.04,-6.26,-2.74,-0.10
3000.00,0.00,249.86,0.00,2881.54,-133.91,253.83,2.12,50.51,0.00,3.32,0.00,-1.33,1.59,-3.60,-0.17
3000.00,0.00,251.98,0.00,2879.76,-130.97,251.72,2.04,50.51,0.00,4.01,0.00,-4.82,8.75,-4.19,-0.11
3000.00,0.00,253.57,0.00,2875.33,-124.48,249.83,2.02,50.51,0.00,2.70,0.00,-10.20,13.41,-2.64,0.03
3000.00,0.00,254.62,0.00,2869.72,-117.77,248.91,2.05,50.51,0.00,1.54,0.00,-14.75,16.47,-1.63,0.10
3000.00,0.00,255.11,0.00,2860.48,-108.38,248.38,2.11,50.51,0.00,0.40,0.00,-20.30,19.33,-0.55,0.13
3000.00,0.00,255.07,0.00,2847.16,-95.12,248.43,2.16,50.51,0.00,-0.51,0.00,-24.71,25.35,0.62,0.06
3000.00,0.00,254.53,0.00,2834.55,-80.64,249.03,2.17,50.51,0.00,-1.50,0.00,-24.67,31.14,1.60,-0.05
3000.00,0.00,253.71,0.00,2822.41,-63.05,250.09,2.12,50.51,0.00,-2.26,0.00,-23.06,37.57,2.50,-0.11
3000.00,0.00,252.00,0.00,2810.13,-39.16,251.81,2.06,50.51,0.00,-3.22,0.00,-19.84,44.72,3.36,-0.11
3000.00,0.00,250.18,0.00,2800.30,-12.70,253.86,2.00,50.51,0.00,-3.86,0.00,-16.26,50.76,4.02,-0.11
3000.00,0.00,247.87,0.00,2794.25,10.54,255.41,1.94,50.51,0.00,-4.41,0.00,-10.34,48.78,2.76,-0.12
3000.00,0.00,246.47,0.00,2789.70,35.67,256.54,1.89,50.51,0.00,-3.35,0.00,-6.87,43.64,1.51,-0.07
3000.00,0.00,245.19,0.00,2786.83,57.44,257.01,1.86,50.51,0.00,-2.17,0.00,-4.27,38.86,0.41,-0.06
3000.00,0.00,244.38,0.00,2785.32,75.42,256.95,1.83,50.51,0.00,-1.02,0.00,-2.14,34.64,-0.57,-0.06
3000.00,0.00,244.15,0.00,2784.79,92.77,256.33,1.79,50.51,0.00,-0.17,0.00,-0.06,30.20,-1.61,-0.07
3000.00,0.00,244.32,0.00,2785.12,104.87,255.46,1.76,50.51,0.00,0.78,0.00,1.42,26.78,-2.37,-0.07
3000.00,0.00,244.98,0.00,2786.55,119.09,253.77,1.72,50.51,0.00,1.74,0.00,3.20,22.17,-3.27,-0.07
3000.00,0.00,245.96,0.00,2788.70,129.86,251.79,1.68,50.51,0.00,2.52,0.00,4.58,18.00,-3.95,-0.07
3000.00,0.00,247.56,0.00,2791.26,137.74,249.70,1.64,50.51,0.00,3.33,0.00,5.60,14.22,-4.43,-0.08
3000.00,0.00,249.34,0.00,2794.52,144.17,247.20,1.60,50.51,0.00,3.93,0.00,6.44,10.15,-4.83,-0.08
3000.00,0.00,251.79,0.00,2797.85,148.17,245.23,1.56,50.51,0.00,4.49,0.00,6.95,6.42,-3.34,-0.09
