-2500.00,0.00,0.00,0.00,-1855.66,105.90,3.30,0.75,0.00,0.00,0.00,0.00,0.00,0.00,0.00,0.00
-2499.60,0.00,0.28,0.00,-1858.10,106.54,3.01,0.81,1.42,0.00,1.01,0.00,-8.52,1.94,-1.03,0.24
-2498.62,0.00,0.97,0.00,-1864.10,107.33,2.27,0.94,2.71,0.00,1.88,0.00,-15.61,0.94,-1.93,0.28
-2496.94,0.00,2.11,0.00,-1872.88,106.92,1.15,1.07,4.06,0.00,2.70,0.00,-20.57,-2.64,-2.73,0.27
-2495.38,0.00,3.12,0.00,-1883.34,104.41,0.14,1.19,5.00,0.00,3.21,0.00,-23.09,-7.65,-1.64,0.25
-2492.74,0.00,4.76,0.00,-1895.39,98.81,0.00,1.32,6.28,0.00,3.80,0.00,-23.48,-13.59,-0.57,0.23
-2489.56,0.00,6.62,0.00,-1907.01,90.29,0.00,1.43,7.52,0.00,4.28,0.00,-22.09,-19.23,0.45,0.22
-2485.99,0.00,8.58,0.00,-1917.19,79.55,0.48,1.54,8.70,0.00,4.64,0.00,-19.63,-24.04,1.40,0.21
-2481.39,0.00,10.94,0.00,-1926.57,65.63,1.49,1.64,10.00,0.00,4.96,0.00,-16.35,-28.54,2.35,0.20
-2476.20,0.00,13.41,0.00,-1933.34,51.32,2.79,1.73,11.28,0.00,5.20,0.00,-12.73,-31.68,3.09,0.19
-2470.34,0.00,16.01,0.00,-1937.65,38.46,4.12,1.81,12.54,0.00,5.37,0.00,-9.60,-33.73,3.61,0.18
-2464.90,0.00,18.26,0.00,-1941.85,17.00,6.56,1.91,13.59,0.00,5.49,0.00,-4.64,-36.07,4.28,0.17
-2457.73,0.00,21.04,0.00,-1943.00,1.58,8.45,1.99,14.84,0.00,5.59,0.00,-1.21,-37.04,4.63,0.17
-2451.80,0.00,23.21,0.00,-1942.47,-17.39,10.90,2.07,15.78,0.00,5.64,0.00,2.81,-37.66,4.96,0.16
-2444.65,0.00,25.69,0.00,-1939.40,-39.35,13.88,2.16,16.82,0.00,5.69,0.00,7.23,-37.69,5.24,0.16
-2429.45,0.00,30.57,0.00,-1939.40,-39.35,13.88,2.16,18.78,0.00,5.75,0.00,7.23,-37.69,5.24,0.16
-2418.87,0.00,33.70,0.00,-1934.71,-58.35,16.59,2.24,19.99,0.00,5.78,0.00,10.85,-37.17,5.41,0.15
-2409.04,0.00,36.47,0.00,-1927.87,-77.88,19.51,2.32,21.01,0.00,5.79,0.00,14.37,-36.18,5.54,0.15
-2398.71,0.00,39.25,0.00,-1918.49,-98.24,22.73,2.41,22.01,0.00,5.81,0.00,17.82,-34.70,5.63,0.14
-2388.67,0.00,41.84,0.00,-1909.62,-113.87,25.35,2.47,22.91,0.00,5.81,0.00,20.32,-33.23,5.69,0.14
-2377.16,0.00,44.70,0.00,-1901.42,-126.33,27.53,2.53,23.86,0.00,5.82,0.00,22.20,-31.86,5.72,0.14
-2366.78,0.00,47.19,0.00,-1888.86,-142.75,30.60,2.60,24.66,0.00,5.82,0.00,24.53,-29.81,5.76,0.13
-2354.64,0.00,50.00,0.00,-1877.25,-156.46,33.48,2.67,25.54,0.00,5.83,0.00,22.17,-25.65,5.78,0.13
-2338.94,0.00,53.50,0.00,-1866.56,-168.62,36.46,2.74,26.59,0.00,5.83,0.00,19.60,-22.11,5.79,0.14
-2326.24,0.00,56.24,0.00,-1857.08,-179.30,39.50,2.81,27.37,0.00,5.83,0.00,16.92,-19.15,5.81,0.14
-2311.29,0.00,59.37,0.00,-1850.34,-187.03,41.99,2.87,28.22,0.00,5.83,0.00,14.66,-17.14,5.81,0.14
-2295.04,0.00,62.67,0.00,-1843.69,-194.84,45.11,2.93,29.08,0.00,5.83,0.00,10.46,-12.81,5.82,0.08
-2279.92,0.00,65.66,0.00,-1838.55,-200.49,48.48,2.94,29.82,0.00,5.83,0.00,7.42,-7.56,5.82,-0.05
-2265.64,0.00,68.42,0.00,-1835.60,-203.33,51.46,2.90,30.47,0.00,5.83,0.00,4.43,-3.98,5.83,-0.13
-2249.92,0.00,71.39,0.00,-1834.15,-204.40,54.31,2.82,31.14,0.00,5.83,0.00,1.81,-0.68,5.83,-0.17
-2233.84,0.00,74.37,0.00,-1834.68,-204.23,57.49,2.75,31.78,0.00,5.83,0.00,-3.20,1.24,5.83,-0.11
-2216.83,0.00,77.46,0.00,-1837.67,-203.88,60.60,2.72,32.41,0.00,5.83,0.00,-7.56,0.16,5.83,0.01
-2203.16,0.00,79.90,0.00,-1842.64,-204.15,63.56,2.75,32.88,0.00,5.83,0.00,-11.56,-1.16,5.83,0.10
-2188.56,0.00,82.47,0.00,-1850.22,-205.32,66.78,2.82,33.36,0.00,5.83,0.00,-15.47,-2.98,5.83,0.15
-2172.99,0.00,85.17,0.00,-1858.04,-205.89,69.56,2.86,33.84,0.00,5.83,0.00,-17.27,0.29,5.83,0.02
-2156.57,0.00,87.98,0.00,-1867.56,-204.60,72.58,2.84,34.31,0.00,5.83,0.00,-19.21,4.39,5.83,-0.08
-2139.37,0.00,90.88,0.00,-1876.99,-201.42,75.34,2.79,34.78,0.00,5.83,0.00,-20.50,8.74,5.83,-0.13
-2123.00,0.00,93.61,0.00,-1886.60,-196.30,78.01,2.73,35.19,0.00,5.83,0.00,-21.21,13.14,5.83,-0.13
-2104.82,0.00,96.60,0.00,-1898.30,-188.80,80.99,2.68,35.62,0.00,5.83,0.00,-24.32,15.87,5.83,-0.07
-2085.45,0.00,99.75,0.00,-1912.91,-179.12,84.25,2.64,36.04,0.00,5.83,0.00,-27.63,18.50,5.83,-0.05
-2069.69,0.00,102.29,0.00,-1932.23,-167.78,88.03,2.65,36.37,0.00,5.83,0.00,-31.79,16.32,5.83,0.08
-2051.41,0.00,105.20,0.00,-1951.49,-158.37,91.33,2.69,36.72,0.00,5.83,0.00,-35.71,16.87,5.83,0.05
-2033.32,0.00,108.06,0.00,-1968.09,-149.90,94.03,2.69,37.05,0.00,5.83,0.00,-35.90,19.70,5.83,-0.05
-2014.20,0.00,111.06,0.00,-1985.86,-138.89,96.95,2.65,37.38,0.00,5.83,0.00,-35.08,23.99,5.83,-0.10
-1995.66,0.00,113.94,0.00,-2001.81,-126.74,99.65,2.60,37.67,0.00,5.83,0.00,-33.82,27.97,5.83,-0.11
-1976.60,0.00,116.88,0.00,-2019.41,-110.57,102.77,2.54,37.95,0.00,5.83,0.00,-32.16,31.99,5.83,-0.11
-1958.55,0.00,119.64,0.00,-2037.07,-91.30,106.08,2.47,38.20,0.00,5.83,0.00,-30.36,35.56,5.83,-0.11
-1936.36,0.00,123.02,0.00,-2051.28,-73.47,108.89,2.42,38.49,0.00,5.83,0.00,-28.78,38.19,5.83,-0.11
-1917.59,0.00,125.85,0.00,-2064.97,-54.01,111.76,2.37,38.71,0.00,5.83,0.00,-27.02,40.62,5.83,-0.11
-1897.81,0.00,128.82,0.00,-2078.39,-32.18,114.79,2.31,38.94,0.00,5.83,0.00,-24.78,43.03,5.83,-0.12
-1882.67,0.00,131.08,0.00,-2088.93,-11.51,117.63,2.25,39.10,0.00,5.83,0.00,-19.18,41.99,5.83,-0.13
-1861.18,0.00,134.28,0.00,-2095.98,8.97,120.52,2.17,39.31,0.00,5.83,0.00,-10.31,40.66,5.83,-0.18
-1840.11,0.00,137.40,0.00,-2099.00,29.54,123.58,2.07,39.51,0.00,5.83,0.00,-2.21,37.72,5.83,-0.19
-1818.15,0.00,140.63,0.00,-2098.09,47.52,126.53,1.97,39.70,0.00,5.83,0.00,4.88,33.67,5.83,-0.21
-1797.56,0.00,143.65,0.00,-2093.25,64.82,129.82,1.85,39.86,0.00,5.83,0.00,11.41,28.02,5.83,-0.22
-1780.86,0.00,146.09,0.00,-2084.85,79.04,133.22,1.72,39.99,0.00,5.83,0.00,16.62,21.23,5.83,-0.23
-1759.89,0.00,149.14,0.00,-2074.41,88.78,136.50,1.59,40.14,0.00,5.83,0.00,20.04,14.10,5.83,-0.24
-1739.74,0.00,152.06,0.00,-2064.97,93.65,139.12,1.47,40.27,0.00,5.83,0.00,21.61,8.12,5.83,-0.26
-1716.13,0.00,155.48,0.00,-2052.95,95.90,142.31,1.33,40.42,0.00,5.83,0.00,22.04,0.80,5.83,-0.27
-1696.05,0.00,158.37,0.00,-2042.39,94.57,145.17,1.20,40.53,0.00,5.83,0.00,21.02,-5.59,5.83,-0.28
-1676.14,0.00,161.23,0.00,-2033.57,90.77,147.75,1.07,40.64,0.00,5.83,0.00,18.95,-10.99,5.83,-0.30
-1655.31,0.00,164.22,0.00,-2025.67,84.45,150.44,0.93,40.75,0.00,5.83,0.00,15.40,-15.74,5.83,-0.29
-1631.37,0.00,167.64,0.00,-2019.54,76.04,153.21,0.80,40.86,0.00,5.83,0.00,10.81,-19.15,5.83,-0.26
-1611.34,0.00,170.49,0.00,-2015.39,65.10,156.33,0.67,40.94,0.00,5.83,0.00,5.29,-21.40,5.83,-0.24
-1593.63,0.00,173.01,0.00,-2014.15,53.40,159.44,0.55,41.02,0.00,5.83,0.00,-0.07,-22.26,5.83,-0.22
-1572.72,0.00,175.98,0.00,-2015.37,42.75,162.24,0.45,41.10,0.00,5.83,0.00,-4.52,-22.12,5.83,-0.20
-1550.85,0.00,179.08,0.00,-2019.16,31.09,165.39,0.35,41.18,0.00,5.83,0.00,-8.93,-21.05,5.83,-0.18
-1525.36,0.00,182.69,0.00,-2023.48,22.73,167.78,0.28,41.26,0.00,5.83,0.00,-11.83,-19.95,5.83,-0.17
-1505.14,0.00,185.55,0.00,-2029.28,12.86,170.90,0.19,41.32,0.00,5.83,0.00,-10.00,-17.43,5.83,-0.17
-1486.80,0.00,188.13,0.00,-2033.89,4.27,173.95,0.10,41.38,0.00,5.83,0.00,-7.85,-15.75,5.83,-0.17
-1462.79,0.00,191.52,0.00,-2037.06,-2.92,176.71,0.02,41.44,0.00,5.83,0.00,-5.72,-14.81,5.83,-0.18
-1442.40,0.00,194.38,0.00,-2038.73,-9.11,179.41,-0.05,41.49,0.00,5.83,0.00,-1.80,-12.46,5.83,-0.12
-1422.25,0.00,197.21,0.00,-2038.78,-13.83,182.04,-0.08,41.54,0.00,5.83,0.00,1.38,-8.98,5.83,-0.01
-1401.98,0.00,200.06,0.00,-2037.15,-17.28,184.81,-0.07,41.59,0.00,5.83,0.00,5.14,-5.91,5.83,0.08
-1383.60,0.00,202.64,0.00,-2034.26,-19.13,187.23,-0.02,41.62,0.00,5.83,0.00,8.45,-3.22,5.83,0.14
-1362.54,0.00,205.58,0.00,-2029.62,-19.80,189.85,0.05,41.67,0.00,5.83,0.00,11.81,-0.05,5.83,0.16
-1343.97,0.00,208.18,0.00,-2022.57,-19.50,192.68,0.11,41.70,0.00,5.83,0.00,16.75,1.19,5.83,0.09
-1326.16,0.00,210.67,0.00,-2013.21,-19.41,195.58,0.12,41.73,0.00,5.83,0.00,20.49,-0.74,5.83,-0.02
-1304.83,0.00,213.65,0.00,-2000.27,-20.78,198.90,0.08,41.76,0.00,5.83,0.00,24.52,-3.95,5.83,-0.11
-1281.01,0.00,216.98,0.00,-1987.42,-23.57,201.75,0.03,41.80,0.00,5.83,0.00,27.54,-7.11,5.83,-0.13
-1264.31,0.00,219.31,0.00,-1973.25,-27.05,204.53,-0.02,41.82,0.00,5.83,0.00,31.68,-7.46,5.83,-0.07
-1238.40,0.00,222.92,0.00,-1956.13,-30.08,207.52,-0.03,41.86,0.00,5.83,0.00,34.81,-4.47,5.83,0.04
-1219.91,0.00,225.50,0.00,-1934.61,-31.18,210.94,0.02,41.88,0.00,5.83,0.00,38.21,0.47,5.83,0.11
-1198.81,0.00,228.43,0.00,-1915.78,-30.51,213.66,0.05,41.91,0.00,5.83,0.00,42.07,2.12,5.83,0.06
-1176.49,0.00,231.54,0.00,-1889.74,-28.76,217.07,0.08,41.93,0.00,5.83,0.00,46.55,3.66,5.83,0.04
-1156.99,0.00,234.25,0.00,-1865.07,-27.57,220.07,0.08,41.95,0.00,5.83,0.00,48.93,0.84,5.83,-0.06
-1134.48,0.00,237.38,0.00,-1833.60,-28.87,223.72,0.02,41.97,0.00,5.83,0.00,51.36,-4.59,5.83,-0.10
-1117.47,0.00,239.74,0.00,-1806.60,-31.58,226.69,-0.02,41.99,0.00,5.83,0.00,54.45,-5.79,5.83,-0.05
-1099.61,0.00,242.22,0.00,-1778.57,-33.76,229.65,-0.02,42.00,0.00,5.83,0.00,55.96,-2.73,5.83,0.05
-1079.10,0.00,245.07,0.00,-1750.23,-33.83,232.56,0.02,42.02,0.00,5.83,0.00,57.27,2.19,5.83,0.10
-1056.47,0.00,248.21,0.00,-1716.42,-31.77,235.91,0.06,42.04,0.00,5.83,0.00,60.20,4.49,5.83,0.04
-1019.40,0.00,252.99,0.00,-1716.42,-31.77,235.91,0.06,42.06,0.00,4.33,0.00,60.20,4.49,5.83,0.04
-996.60,0.00,254.88,0.00,-1684.07,-29.02,238.97,0.08,42.07,0.00,2.83,0.00,62.62,5.79,5.83,0.03
-975.39,0.00,255.97,0.00,-1648.46,-26.73,242.26,0.07,42.09,0.00,1.66,0.00,63.63,2.07,5.83,-0.07
-954.83,0.00,256.50,0.00,-1619.51,-26.92,244.90,0.03,42.10,0.00,0.64,0.00,64.25,-2.50,5.83,-0.09
-930.93,0.00,256.51,0.00,-1588.59,-28.56,247.66,-0.00,42.11,0.00,-0.50,0.00,66.03,-4.05,5.83,-0.05
-910.31,0.00,256.01,0.00,-1553.92,-30.93,250.68,-0.02,42.12,0.00,-1.45,0.00,67.81,-4.95,5.83,-0.03
-910.31,0.00,256.01,0.00,-1494.47,-32.33,255.78,0.01,42.12,0.00,-1.45,0.00,67.99,2.50,5.83,0.09
-888.74,0.00,255.00,0.00,-1461.80,-29.69,258.13,0.06,42.13,0.00,-2.37,0.00,67.68,7.93,4.15,0.09
-871.71,0.00,253.90,0.00,-1428.91,-25.32,259.76,0.09,42.14,0.00,-3.01,0.00,68.86,9.79,2.83,0.04
-851.19,0.00,252.25,0.00,-1391.77,-19.74,260.90,0.11,42.14,0.00,-3.67,0.00,70.08,10.90,1.59,0.03
-804.72,0.00,247.55,0.00,-1391.77,-19.74,260.90,0.11,42.16,0.00,-4.71,0.00,70.08,10.90,1.59,0.03
-804.72,0.00,247.55,0.00,-1321.75,-12.91,261.41,0.06,42.16,0.00,-4.71,0.00,70.22,1.91,-0.44,-0.09
-784.87,0.00,245.71,0.00,-1285.74,-12.57,260.91,0.03,42.17,0.00,-3.31,0.00,71.41,-0.11,-1.43,-0.04
-760.03,0.00,244.23,0.00,-1254.78,-12.86,260.11,0.01,42.17,0.00,-1.89,0.00,72.27,-1.06,-2.21,-0.03
-737.25,0.00,243.56,0.00,-1219.80,-13.58,258.83,0.00,42.18,0.00,-0.74,0.00,73.11,-1.81,-2.99,-0.02
-714.98,0.00,243.47,0.00,-1178.38,-13.47,256.88,0.02,42.18,0.00,0.32,0.00,72.30,2.43,-3.75,0.07
-693.46,0.00,243.92,0.00,-1144.58,-11.83,255.01,0.04,42.19,0.00,1.32,0.00,72.98,4.26,-4.25,0.04
-675.54,0.00,244.66,0.00,-1103.89,-9.04,252.51,0.06,42.19,0.00,2.10,0.00,73.68,5.56,-4.70,0.03
-652.22,0.00,246.10,0.00,-1068.87,-6.19,250.20,0.07,42.20,0.00,2.99,0.00,74.18,6.35,-5.00,0.02
-631.28,0.00,247.77,0.00,-1038.10,-4.12,248.07,0.06,42.20,0.00,3.67,0.00,73.56,3.51,-5.20,-0.06
-610.05,0.00,249.78,0.00,-1011.65,-3.59,246.44,0.04,42.21,0.00,4.22,0.00,73.03,-0.31,-4.01,-0.09
-589.91,0.00,251.90,0.00,-978.07,-4.23,244.92,0.01,42.21,0.00,4.62,0.00,73.57,-2.08,-2.78,-0.04
-566.90,0.00,253.93,0.00,-942.05,-5.54,243.87,-0.01,42.21,0.00,3.05,0.00,74.05,-3.10,-1.65,-0.03
-540.84,0.00,255.30,0.00,-901.24,-7.49,243.31,-0.02,42.22,0.00,1.60,0.00,74.46,-3.87,-0.51,-0.02
-518.13,0.00,255.83,0.00,-866.01,-9.45,243.32,-0.03,42.22,0.00,0.48,0.00,74.74,-4.35,0.44,-0.02
-499.27,0.00,255.83,0.00,-828.67,-10.72,243.82,-0.01,42.22,0.00,-0.41,0.00,73.63,-0.54,1.42,0.07
-479.98,0.00,255.41,0.00,-789.91,-10.38,244.84,0.01,42.23,0.00,-1.31,0.00,74.01,1.41,2.36,0.04
-457.37,0.00,254.42,0.00,-750.94,-9.29,246.32,0.03,42.23,0.00,-2.28,0.00,74.28,2.56,3.18,0.02
-435.14,0.00,252.98,0.00,-712.16,-7.71,248.17,0.04,42.23,0.00,-3.11,0.00,74.49,3.39,3.85,0.02
-412.09,0.00,251.06,0.00,-674.88,-5.84,250.24,0.05,42.23,0.00,-3.82,0.00,74.64,4.01,4.35,0.01
-392.20,0.00,249.13,0.00,-640.13,-3.84,252.37,0.05,42.23,0.00,-4.31,0.00,74.74,4.49,4.72,0.01
-370.64,0.00,247.35,0.00,-600.80,-1.34,254.38,0.06,42.24,0.00,-2.88,0.00,74.81,4.96,3.17,0.01
-350.63,0.00,246.27,0.00,-563.03,1.27,255.64,0.06,42.24,0.00,-1.78,0.00,74.84,5.34,1.96,0.01
-326.44,0.00,245.64,0.00,-529.29,2.85,256.28,0.05,42.24,0.00,-0.58,0.00,73.59,1.54,0.98,-0.07
-305.35,0.00,245.63,0.00,-490.94,1.25,256.49,-0.01,42.24,0.00,0.42,0.00,66.60,-6.52,-0.13,-0.12
-280.55,0.00,246.25,0.00,-462.01,-2.57,256.20,-0.05,42.24,0.00,1.56,0.00,59.69,-9.48,-1.04,-0.08
-260.90,0.00,247.19,0.00,-441.55,-6.31,255.69,-0.08,42.24,0.00,2.39,0.00,54.67,-11.09,-1.72,-0.08
-239.17,0.00,248.65,0.00,-418.40,-11.72,254.72,-0.11,42.25,0.00,3.19,0.00,48.73,-12.71,-2.50,-0.08
-213.70,0.00,250.83,0.00,-390.54,-20.31,252.81,-0.17,42.25,0.00,3.95,0.00,40.98,-14.41,-3.44,-0.08
-196.81,0.00,252.17,0.00,-372.97,-24.79,251.12,-0.15,42.25,0.00,2.87,0.00,37.23,-5.79,-3.98,0.15
-175.96,0.00,253.26,0.00,-355.45,-24.68,249.50,-0.06,42.25,0.00,1.72,0.00,32.77,5.01,-2.64,0.20
-153.78,0.00,253.84,0.00,-340.23,-19.59,248.48,0.04,42.25,0.00,0.62,0.00,26.93,13.50,-1.48,0.21
-133.20,0.00,253.88,0.00,-327.11,-9.93,248.01,0.16,42.25,0.00,-0.36,0.00,19.64,19.21,-0.30,0.21
-109.66,0.00,253.35,0.00,-316.61,-1.49,248.14,0.22,42.25,0.00,-1.45,0.00,22.11,14.95,0.70,0.02
-88.54,0.00,252.37,0.00,-305.15,4.72,248.73,0.21,42.25,0.00,-2.34,0.00,25.15,11.13,1.63,-0.08
-69.73,0.00,251.16,0.00,-290.94,9.27,249.86,0.15,42.25,0.00,-3.05,0.00,28.42,6.54,2.55,-0.13
-46.71,0.00,249.27,0.00,-274.81,11.33,251.47,0.08,42.25,0.00,-3.77,0.00,31.25,1.56,3.35,-0.13
-24.66,0.00,247.71,0.00,-259.13,10.44,252.86,0.01,42.25,0.00,-2.42,0.00,28.44,-4.26,2.06,-0.14
-1.51,0.00,246.75,0.00,-246.01,7.48,253.54,-0.06,42.25,0.00,-1.21,0.00,29.75,-8.45,1.09,-0.14
17.16,0.00,246.44,0.00,-231.15,2.32,253.80,-0.12,42.25,0.00,-0.30,0.00,30.98,-12.23,0.10,-0.13
40.69,0.00,246.61,0.00,-212.64,-3.85,253.50,-0.15,42.26,0.00,0.81,0.00,33.55,-9.36,-1.04,0.02
63.05,0.00,247.34,0.00,-196.28,-7.30,252.79,-0.12,42.26,0.00,1.81,0.00,35.84,-5.55,-1.92,0.10
86.43,0.00,248.63,0.00,-180.48,-8.69,251.79,-0.07,42.26,0.00,2.75,0.00,37.69,-1.29,-2.64,0.12
86.43,0.00,248.63,0.00,-142.47,-5.00,248.53,0.05,42.26,0.00,2.75,0.00,40.45,8.25,-3.95,0.12
107.99,0.00,250.25,0.00,-118.55,-0.93,246.75,0.07,42.26,0.00,3.48,0.00,42.33,5.70,-2.43,-0.03
153.39,0.00,252.52,0.00,-118.55,-0.93,246.75,0.07,42.26,0.00,0.99,0.00,42.33,5.70,-2.43,-0.03
153.39,0.00,252.52,0.00,-78.90,0.63,245.50,-0.00,42.26,0.00,0.99,0.00,45.23,-2.35,-0.49,-0.11
173.81,0.00,252.73,0.00,-58.14,-0.84,245.50,-0.04,42.26,0.00,0.01,0.00,47.62,-3.95,0.40,-0.06
196.72,0.00,252.41,0.00,-38.16,-2.10,245.85,-0.04,42.26,0.00,-1.07,0.00,48.64,-2.04,1.21,0.03
218.19,0.00,251.61,0.00,-12.39,-1.96,246.76,-0.01,42.26,0.00,-2.01,0.00,49.81,2.39,2.17,0.09
241.37,0.00,250.22,0.00,19.23,0.21,248.44,0.03,42.26,0.00,-2.92,0.00,52.69,4.24,3.15,0.04
260.79,0.00,248.72,0.00,46.68,2.65,250.23,0.05,42.26,0.00,-3.56,0.00,54.86,5.18,3.81,0.03
281.40,0.00,247.32,0.00,72.14,4.35,251.68,0.04,42.26,0.00,-2.32,0.00,55.41,2.15,2.60,-0.06
300.66,0.00,246.52,0.00,101.47,3.92,252.69,-0.00,42.26,0.00,-1.31,0.00,55.78,-3.42,1.41,-0.10
321.21,0.00,246.15,0.00,128.15,0.90,253.11,-0.05,42.26,0.00,-0.32,0.00,55.67,-8.58,0.42,-0.11
343.58,0.00,246.29,0.00,155.36,-3.65,253.06,-0.09,42.26,0.00,0.74,0.00,57.21,-10.01,-0.54,-0.05
362.70,0.00,246.84,0.00,184.80,-7.66,252.45,-0.08,42.26,0.00,1.61,0.00,52.77,-4.85,-1.58,0.09
384.28,0.00,247.92,0.00,206.18,-7.91,251.61,-0.03,42.26,0.00,2.50,0.00,48.48,3.00,-2.33,0.15
403.54,0.00,249.24,0.00,229.35,-3.75,250.18,0.06,42.26,0.00,3.20,0.00,42.35,11.94,-3.14,0.17
425.55,0.00,251.10,0.00,253.16,2.14,248.85,0.09,42.26,0.00,3.86,0.00,43.77,9.25,-1.82,-0.01
445.05,0.00,252.56,0.00,274.62,5.58,248.25,0.07,42.26,0.00,2.64,0.00,45.33,5.27,-0.80,-0.09
467.13,0.00,253.60,0.00,296.40,6.86,248.12,0.02,42.26,0.00,1.46,0.00,46.65,0.52,0.15,-0.11
490.66,0.00,254.06,0.00,317.62,5.94,248.40,-0.02,42.26,0.00,0.31,0.00,47.54,-4.11,1.04,-0.11
512.72,0.00,253.92,0.00,340.24,3.56,249.11,-0.06,42.26,0.00,-0.73,0.00,49.71,-5.81,1.91,-0.06
534.44,0.00,253.26,0.00,367.45,1.16,250.42,-0.06,42.26,0.00,-1.71,0.00,50.79,-2.91,2.82,0.06
555.25,0.00,252.18,0.00,390.76,0.86,251.87,-0.03,42.26,0.00,-2.57,0.00,51.61,1.32,3.46,0.10
576.59,0.00,250.67,0.00,415.18,2.79,253.23,0.02,42.26,0.00,-3.32,0.00,48.03,6.00,2.24,0.10
599.41,0.00,248.68,0.00,440.59,7.53,254.10,0.08,42.26,0.00,-3.98,0.00,43.89,10.47,1.03,0.11
616.55,0.00,247.31,0.00,459.18,12.88,254.33,0.13,42.26,0.00,-2.88,0.00,40.58,13.36,0.13,0.11
639.16,0.00,246.14,0.00,474.36,16.65,254.21,0.13,42.26,0.00,-1.64,0.00,36.97,6.11,-0.65,-0.12
664.99,0.00,245.57,0.00,490.92,17.07,253.66,0.05,42.26,0.00,-0.37,0.00,32.97,-3.39,-1.57,-0.19
684.12,0.00,245.63,0.00,507.05,12.04,252.51,-0.06,42.26,0.00,0.53,0.00,26.39,-13.45,-2.53,-0.22
705.39,0.00,246.17,0.00,519.38,3.35,250.91,-0.17,42.26,0.00,1.51,0.00,20.30,-18.20,-3.33,-0.20
728.42,0.00,247.29,0.00,530.85,-7.23,248.86,-0.26,42.26,0.00,2.47,0.00,21.13,-19.88,-4.01,-0.15
751.62,0.00,248.90,0.00,541.96,-15.92,247.26,-0.30,42.26,0.00,3.31,0.00,23.99,-15.99,-2.69,0.01
773.08,0.00,250.76,0.00,554.46,-22.52,246.18,-0.26,42.26,0.00,3.93,0.00,22.90,-9.33,-1.47,0.13
798.51,0.00,252.59,0.00,566.95,-25.60,245.72,-0.17,42.26,0.00,2.36,0.00,21.35,-2.31,-0.31,0.16
819.07,0.00,253.45,0.00,576.15,-25.36,245.80,-0.10,42.26,0.00,1.29,0.00,19.52,2.80,0.59,0.17
837.64,0.00,253.79,0.00,585.17,-22.69,246.36,-0.01,42.26,0.00,0.39,0.00,16.98,7.34,1.55,0.17
857.81,0.00,253.73,0.00,592.67,-18.89,247.19,0.06,42.26,0.00,-0.57,0.00,18.39,10.34,2.30,0.16
877.84,0.00,253.22,0.00,602.94,-13.61,248.58,0.12,42.26,0.00,-1.49,0.00,22.10,10.62,3.10,0.09
896.13,0.00,252.39,0.00,614.33,-9.18,250.25,0.13,42.26,0.00,-2.27,0.00,24.80,7.89,3.74,-0.03
919.42,0.00,250.87,0.00,628.63,-6.04,252.44,0.09,42.26,0.00,-3.13,0.00,27.98,3.97,4.31,-0.11
939.48,0.00,249.21,0.00,643.70,-5.21,254.22,0.03,42.26,0.00,-3.76,0.00,30.71,-0.35,2.88,-0.12
955.61,0.00,247.99,0.00,660.80,-5.83,255.37,-0.01,42.26,0.00,-2.75,0.00,34.61,-1.81,1.67,-0.06
979.29,0.00,246.86,0.00,677.51,-6.17,255.90,-0.02,42.26,0.00,-1.47,0.00,36.59,0.44,0.69,0.04
997.06,0.00,246.44,0.00,699.91,-4.43,255.92,0.03,42.26,0.00,-0.60,0.00,38.76,5.19,-0.49,0.11
1020.20,0.00,246.45,0.00,718.63,-1.66,255.46,0.06,42.26,0.00,0.50,0.00,41.68,6.48,-1.40,0.06
1039.16,0.00,246.89,0.00,743.49,1.22,254.31,0.06,42.26,0.00,1.37,0.00,43.79,3.33,-2.44,-0.06
1063.64,0.00,248.02,0.00,765.84,1.67,252.88,0.02,42.26,0.00,2.41,0.00,45.45,-1.22,-3.20,-0.10
1081.96,0.00,249.23,0.00,788.52,0.62,251.16,-0.02,42.26,0.00,3.09,0.00,48.20,-2.83,-3.82,-0.05
1103.41,0.00,250.99,0.00,811.88,-0.99,249.23,-0.04,42.26,0.00,3.76,0.00,50.69,-3.86,-4.31,-0.04
1128.42,0.00,252.70,0.00,836.52,-2.21,247.53,-0.03,42.26,0.00,2.24,0.00,51.77,-1.09,-2.96,0.06
1150.05,0.00,253.53,0.00,862.25,-1.54,246.39,0.01,42.26,0.00,1.13,0.00,52.69,3.49,-1.80,0.10
1172.87,0.00,253.81,0.00,887.49,0.55,245.80,0.04,42.26,0.00,0.03,0.00,54.75,5.10,-0.81,0.05
1193.35,0.00,253.57,0.00,914.47,2.44,245.67,0.04,42.26,0.00,-0.93,0.00,55.51,2.47,0.17,-0.05
1216.64,0.00,252.74,0.00,942.54,2.42,246.03,0.00,42.26,0.00,-1.97,0.00,56.17,-2.30,1.16,-0.09
1237.37,0.00,251.55,0.00,970.37,0.77,246.84,-0.03,42.26,0.00,-2.79,0.00,58.04,-4.07,2.06,-0.05
1254.65,0.00,250.27,0.00,1003.69,-1.92,248.29,-0.05,42.26,0.00,-3.38,0.00,60.00,-5.29,2.98,-0.03
1273.80,0.00,248.60,0.00,1034.50,-3.82,250.02,-0.04,42.26,0.00,-3.93,0.00,60.30,-1.97,3.67,0.07
1292.67,0.00,247.15,0.00,1064.35,-3.41,251.48,-0.00,42.26,0.00,-2.74,0.00,60.38,3.22,2.41,0.10
1314.73,0.00,246.07,0.00,1090.34,-0.95,252.29,0.04,42.26,0.00,-1.54,0.00,60.16,7.69,1.44,0.10
1337.23,0.00,245.57,0.00,1122.85,3.68,252.73,0.08,42.26,0.00,-0.44,0.00,61.56,9.25,0.35,0.05
1361.34,0.00,245.68,0.00,1153.00,7.42,252.64,0.07,42.26,0.00,0.70,0.00,61.60,5.90,-0.63,-0.06
1380.26,0.00,246.21,0.00,1185.00,8.77,252.02,0.03,42.26,0.00,1.56,0.00,61.48,-0.28,-1.63,-0.10
1402.07,0.00,247.27,0.00,1218.91,6.18,250.74,-0.04,42.26,0.00,2.47,0.00,55.64,-7.70,-2.64,-0.12
1422.83,0.00,248.70,0.00,1244.76,0.72,249.24,-0.10,42.26,0.00,3.22,0.00,50.03,-13.69,-3.37,-0.13
1446.59,0.00,250.74,0.00,1269.42,-5.40,247.92,-0.13,42.26,0.00,3.93,0.00,50.83,-11.20,-2.16,0.01
1467.78,0.00,252.33,0.00,1299.28,-10.29,247.07,-0.09,42.26,0.00,2.60,0.00,52.21,-5.91,-0.91,0.10
1485.88,0.00,253.21,0.00,1326.59,-11.76,246.90,-0.04,42.26,0.00,1.62,0.00,53.13,-0.26,0.13,0.11
1524.36,0.00,253.78,0.00,1326.59,-11.76,246.90,-0.04,42.26,0.00,-0.24,0.00,53.13,-0.26,0.13,0.11
1524.36,0.00,253.78,0.00,1368.68,-4.22,247.83,0.10,42.26,0.00,-0.24,0.00,41.21,16.18,1.85,0.19
1546.51,0.00,253.36,0.00,1389.31,3.01,248.98,0.14,42.26,0.00,-1.27,0.00,42.46,13.20,2.69,0.01
1562.43,0.00,252.73,0.00,1412.64,8.78,250.66,0.12,42.26,0.00,-1.97,0.00,44.41,8.57,3.47,-0.09
1599.61,0.00,250.33,0.00,1412.64,8.78,250.66,0.12,42.26,0.00,-3.35,0.00,44.41,8.57,3.47,-0.09
1618.87,0.00,248.66,0.00,1434.05,9.92,252.07,0.04,42.26,0.00,-3.91,0.00,39.25,-3.11,2.19,-0.19
1638.26,0.00,247.18,0.00,1451.01,5.97,252.83,-0.05,42.26,0.00,-2.69,0.00,33.38,-12.35,1.16,-0.20
1657.37,0.00,246.23,0.00,1466.19,-2.59,253.13,-0.16,42.26,0.00,-1.65,0.00,25.82,-19.41,0.11,-0.21
1680.22,0.00,245.67,0.00,1475.74,-11.50,252.96,-0.24,42.26,0.00,-0.53,0.00,18.38,-20.74,-0.77,-0.19
1698.60,0.00,245.65,0.00,1483.78,-19.18,252.38,-0.28,42.26,0.00,0.34,0.00,16.66,-13.26,-1.66,0.05
1720.02,0.00,246.10,0.00,1491.45,-23.75,251.36,-0.22,42.26,0.00,1.34,0.00,15.62,-6.63,-2.49,0.16
1739.05,0.00,246.91,0.00,1497.96,-25.35,250.11,-0.15,42.26,0.00,2.16,0.00,14.31,-1.27,-3.16,0.19
1760.95,0.00,248.27,0.00,1504.45,-24.54,248.39,-0.05,42.26,0.00,2.99,0.00,12.20,3.94,-3.80,0.19
1780.96,0.00,249.86,0.00,1510.28,-21.03,246.13,0.05,42.26,0.00,3.64,0.00,9.27,8.28,-4.36,0.19
1802.56,0.00,251.89,0.00,1516.00,-15.34,244.20,0.15,42.26,0.00,4.20,0.00,11.01,11.73,-2.81,0.18
1825.81,0.00,253.73,0.00,1521.89,-10.48,243.16,0.20,42.26,0.00,2.70,0.00,13.75,9.15,-1.71,0.03
1844.81,0.00,254.68,0.00,1530.56,-6.39,242.57,0.18,42.26,0.00,1.67,0.00,17.44,5.92,-0.56,-0.09
1865.11,0.00,255.22,0.00,1539.72,-4.44,242.55,0.13,42.26,0.00,0.66,0.00,20.58,2.50,0.39,-0.13
1884.83,0.00,255.29,0.00,1549.11,-4.17,242.92,0.07,42.26,0.00,-0.27,0.00,23.10,-0.93,1.23,-0.14
1905.90,0.00,254.88,0.00,1559.69,-5.42,243.65,0.01,42.26,0.00,-1.25,0.00,25.31,-4.46,2.03,-0.14
1926.87,0.00,254.01,0.00,1574.34,-8.13,244.99,-0.04,42.26,0.00,-2.16,0.00,29.40,-5.57,2.91,-0.07
1946.52,0.00,252.80,0.00,1589.51,-10.27,246.62,-0.05,42.26,0.00,-2.92,0.00,31.85,-3.11,3.59,0.04
1965.51,0.00,251.33,0.00,1607.61,-10.76,248.76,-0.01,42.26,0.00,-3.54,0.00,34.45,1.13,4.20,0.11
1987.98,0.00,249.27,0.00,1624.04,-9.90,250.76,0.03,42.26,0.00,-4.15,0.00,37.73,2.45,4.59,0.06
2012.22,0.00,247.39,0.00,1644.89,-8.27,252.72,0.05,42.26,0.00,-2.60,0.00,41.33,3.60,3.07,0.04
2030.87,0.00,246.49,0.00,1663.49,-6.52,253.80,0.07,42.26,0.00,-1.60,0.00,44.13,4.40,2.03,0.03
2051.90,0.00,245.98,0.00,1686.36,-4.09,254.51,0.08,42.26,0.00,-0.56,0.00,47.15,5.23,0.96,0.02
2074.30,0.00,246.00,0.00,1710.89,-2.21,254.71,0.07,42.26,0.00,0.50,0.00,48.78,2.04,-0.07,-0.07
2095.72,0.00,246.53,0.00,1740.82,-2.82,254.28,0.02,42.26,0.00,1.48,0.00,50.37,-3.60,-1.26,-0.10
2117.03,0.00,247.53,0.00,1765.36,-4.94,253.45,-0.02,42.26,0.00,2.38,0.00,52.72,-5.01,-2.13,-0.05
2134.08,0.00,248.63,0.00,1793.85,-6.83,252.05,-0.02,42.26,0.00,3.02,0.00,53.76,-1.92,-3.00,0.06
2155.67,0.00,250.38,0.00,1822.39,-6.39,250.26,0.02,42.26,0.00,3.71,0.00,54.58,3.26,-3.70,0.10
2174.39,0.00,251.73,0.00,1851.50,-4.06,248.72,0.06,42.26,0.00,2.56,0.00,56.76,5.26,-2.36,0.05
2196.27,0.00,252.72,0.00,1886.02,-1.88,247.74,0.05,42.26,0.00,1.39,0.00,57.58,1.65,-1.04,-0.07
2219.38,0.00,253.14,0.00,1917.72,-2.59,247.51,0.01,42.26,0.00,0.27,0.00,58.14,-3.80,0.06,-0.10
2242.37,0.00,252.96,0.00,1947.94,-5.06,247.83,-0.03,42.26,0.00,-0.81,0.00,59.93,-5.45,1.08,-0.05
2263.90,0.00,252.27,0.00,1982.14,-7.22,248.77,-0.02,42.26,0.00,-1.78,0.00,60.31,-1.95,2.13,0.06
2282.51,0.00,251.30,0.00,2007.71,-7.07,249.84,0.01,42.26,0.00,-2.55,0.00,60.49,2.34,2.82,0.09
2304.69,0.00,249.73,0.00,2038.19,-4.37,250.93,0.06,42.26,0.00,-3.33,0.00,60.31,7.78,1.66,0.10
2321.06,0.00,248.65,0.00,2068.51,0.02,251.47,0.09,42.26,0.00,-2.37,0.00,61.64,9.52,0.62,0.05
2340.71,0.00,247.81,0.00,2097.48,3.86,251.52,0.09,42.26,0.00,-1.34,0.00,61.82,6.70,-0.32,-0.05
2362.73,0.00,247.43,0.00,2132.16,5.84,251.00,0.05,42.26,0.00,-0.27,0.00,62.03,0.72,-1.42,-0.10
2381.70,0.00,247.53,0.00,2159.36,4.94,250.18,0.00,42.26,0.00,0.63,0.00,61.84,-4.28,-2.21,-0.10
2405.08,0.00,248.20,0.00,2193.95,0.75,248.65,-0.05,42.26,0.00,1.69,0.00,61.25,-9.93,-3.10,-0.10
2424.46,0.00,249.18,0.00,2224.86,-3.71,247.43,-0.07,42.26,0.00,2.49,0.00,61.24,-7.48,-1.90,0.03
2446.61,0.00,250.72,0.00,2255.17,-6.19,246.78,-0.04,42.26,0.00,3.29,0.00,61.43,-2.76,-0.85,0.09
2465.29,0.00,251.91,0.00,2290.63,-5.75,246.66,0.01,42.26,0.00,2.20,0.00,61.32,3.65,0.31,0.10
2482.45,0.00,252.60,0.00,2319.02,-3.56,247.03,0.05,42.26,0.00,1.31,0.00,62.44,5.49,1.21,0.05
2506.07,0.00,252.98,0.00,2348.47,-1.52,247.83,0.05,42.26,0.00,0.17,0.00,62.33,2.95,2.08,-0.05
2526.73,0.00,252.79,0.00,2380.77,-1.40,249.16,0.01,42.26,0.00,-0.81,0.00,62.17,-2.16,2.93,-0.09
2545.24,0.00,252.24,0.00,2414.64,-3.21,250.97,-0.02,42.26,0.00,-1.65,0.00,63.40,-4.11,3.67,-0.04
2569.12,0.00,251.00,0.00,2444.51,-5.39,252.82,-0.04,42.26,0.00,-2.63,0.00,64.36,-5.05,4.18,-0.03
2593.22,0.00,249.23,0.00,2474.26,-7.09,254.47,-0.04,42.26,0.00,-3.46,0.00,60.10,-1.93,2.86,0.06
2612.76,0.00,247.93,0.00,2505.18,-6.60,255.63,0.01,42.26,0.00,-2.30,0.00,55.66,3.32,1.62,0.09
2633.59,0.00,247.10,0.00,2535.02,-3.07,256.17,0.06,42.26,0.00,-1.22,0.00,51.02,8.55,0.45,0.10
2656.42,0.00,246.77,0.00,2556.16,1.43,256.16,0.11,42.26,0.00,-0.12,0.00,47.46,11.92,-0.41,0.10
2675.15,0.00,246.93,0.00,2576.42,7.48,255.76,0.15,42.26,0.00,0.77,0.00,43.81,14.82,-1.28,0.11
2694.72,0.00,247.51,0.00,2597.20,15.62,254.87,0.21,42.26,0.00,1.65,0.00,39.79,17.44,-2.20,0.11
2717.05,0.00,248.66,0.00,2616.80,25.38,253.47,0.27,42.26,0.00,2.57,0.00,35.68,19.60,-3.03,0.11
2734.96,0.00,249.90,0.00,2632.57,34.96,251.89,0.32,42.26,0.00,3.21,0.00,32.09,21.11,-3.66,0.11
2755.29,0.00,251.62,0.00,2648.43,46.56,249.77,0.38,42.26,0.00,3.83,0.00,28.11,22.42,-4.24,0.12
2780.05,0.00,253.36,0.00,2660.53,57.11,248.15,0.44,42.26,0.00,2.32,0.00,24.73,23.25,-2.96,0.12
2802.60,0.00,254.24,0.00,2672.45,69.53,246.96,0.50,42.26,0.00,1.15,0.00,20.98,23.87,-1.72,0.12
2820.88,0.00,254.53,0.00,2682.59,82.43,246.37,0.57,42.26,0.00,0.26,0.00,17.27,24.18,-0.60,0.13
2845.77,0.00,254.30,0.00,2691.35,91.81,246.34,0.56,42.26,0.00,-0.91,0.00,17.89,14.21,0.40,-0.15
2867.85,0.00,253.54,0.00,2701.09,96.21,246.86,0.45,42.26,0.00,-1.89,0.00,18.34,3.34,1.44,-0.23
2889.25,0.00,252.34,0.00,2710.86,94.94,247.98,0.32,42.26,0.00,-2.75,0.00,16.29,-6.54,2.44,-0.24
2908.28,0.00,250.94,0.00,2718.37,89.46,249.52,0.19,42.26,0.00,-3.40,0.00,12.19,-13.17,3.25,-0.25
2930.71,0.00,248.94,0.00,2723.12,81.83,250.79,0.07,42.26,0.00,-4.04,0.00,7.28,-16.89,2.04,-0.25
2949.55,0.00,247.45,0.00,2725.28,73.40,251.49,-0.05,42.26,0.00,-2.82,0.00,2.34,-18.51,1.02,-0.26
2970.92,0.00,246.35,0.00,2725.08,64.05,251.72,-0.18,42.26,0.00,-1.65,0.00,-2.64,-18.52,0.01,-0.26
2991.16,0.00,245.82,0.00,2722.53,55.05,251.44,-0.30,42.26,0.00,-0.65,0.00,-6.96,-17.13,-1.00,-0.25
3000.00,0.00,246.14,0.00,2722.53,55.05,251.44,-0.30,42.26,0.00,1.22,0.00,-6.96,-17.13,-1.00,-0.25
3000.00,0.00,246.85,0.00,2719.07,46.09,250.62,-0.43,42.26,0.00,2.01,0.00,-6.14,-16.73,-1.99,-0.23
3000.00,0.00,248.03,0.00,2715.85,36.03,249.08,-0.56,42.26,0.00,2.81,0.00,-4.66,-16.77,-2.98,-0.20
3000.00,0.00,249.69,0.00,2714.76,28.47,247.36,-0.62,42.26,0.00,3.54,0.00,-0.01,-13.58,-3.67,-0.04
3000.00,0.00,251.59,0.00,2715.68,23.20,246.08,-0.62,42.26,0.00,4.10,0.00,4.00,-11.88,-2.59,0.06
3000.00,0.00,253.22,0.00,2719.03,17.77,245.10,-0.56,42.26,0.00,2.78,0.00,8.83,-9.85,-1.45,0.14
3000.00,0.00,254.27,0.00,2723.24,14.41,244.67,-0.49,42.26,0.00,1.66,0.00,9.35,-5.23,-0.50,0.18
3000.00,0.00,254.74,0.00,2728.16,13.14,244.71,-0.39,42.26,0.00,0.82,0.00,9.18,-0.11,0.55,0.19
3000.00,0.00,254.89,0.00,2732.72,14.41,245.30,-0.29,42.26,0.00,-0.08,0.00,8.08,4.40,1.57,0.19
3000.00,0.00,254.56,0.00,2737.49,17.28,246.34,-0.20,42.26,0.00,-1.09,0.00,10.71,6.87,2.45,0.19
3000.00,0.00,253.78,0.00,2743.66,21.46,247.82,-0.11,42.26,0.00,-2.01,0.00,13.00,9.15,3.24,0.18
3000.00,0.00,252.43,0.00,2750.36,24.90,249.55,-0.06,42.26,0.00,-2.89,0.00,14.81,5.52,3.85,0.02
3000.00,0.00,250.76,0.00,2756.74,26.57,251.48,-0.08,42.26,0.00,-3.60,0.00,12.68,1.93,4.33,-0.09
3000.00,0.00,248.84,0.00,2762.93,26.28,253.39,-0.15,42.26,0.00,-4.15,0.00,9.87,-2.53,2.79,-0.17
3000.00,0.00,247.12,0.00,2767.30,23.70,254.53,-0.25,42.26,0.00,-2.75,0.00,6.50,-6.47,1.55,-0.19
3000.00,0.00,246.00,0.00,2769.46,20.22,254.99,-0.33,42.26,0.00,-1.49,0.00,3.46,-8.83,0.62,-0.19
3000.00,0.00,245.52,0.00,2771.29,15.14,255.03,-0.42,42.26,0.00,-0.32,0.00,4.09,-12.04,-0.34,-0.19
3000.00,0.00,245.67,0.00,2773.14,9.56,254.70,-0.50,42.26,0.00,0.77,0.00,4.69,-14.42,-1.16,-0.17
3000.00,0.00,246.33,0.00,2776.89,2.30,253.76,-0.55,42.26,0.00,1.74,0.00,8.72,-12.44,-2.16,-0.01
3000.00,0.00,247.30,0.00,2781.36,-2.70,252.44,-0.52,42.26,0.00,2.51,0.00,9.05,-7.88,-2.98,0.11
3000.00,0.00,248.62,0.00,2785.48,-5.09,250.95,-0.46,42.26,0.00,3.21,0.00,9.21,-3.22,-3.59,0.17
3000.00,0.00,250.71,0.00,2790.15,-5.12,248.90,-0.36,42.26,0.00,3.93,0.00,8.57,2.49,-4.18,0.21
3000.00,0.00,252.28,0.00,2794.13,-2.68,247.18,-0.26,42.26,0.00,2.62,0.00,7.06,6.55,-2.78,0.20
3000.00,0.00,253.28,0.00,2798.91,1.82,246.01,-0.15,42.26,0.00,1.48,0.00,9.49,9.08,-1.49,0.19
3000.00,0.00,253.75,0.00,2804.85,7.53,245.54,-0.04,42.26,0.00,0.35,0.00,11.53,11.17,-0.34,0.18
3000.00,0.00,253.63,0.00,2811.08,12.53,245.62,0.02,42.26,0.00,-0.69,0.00,14.81,10.31,0.60,0.10
3000.00,0.00,253.13,0.00,2817.22,15.48,246.17,0.01,42.26,0.00,-1.53,0.00,10.90,2.56,1.54,-0.15
3000.00,0.00,252.02,0.00,2821.46,14.53,247.19,-0.09,42.26,0.00,-2.48,0.00,6.18,-5.43,2.43,-0.26
3000.00,0.00,250.65,0.00,2822.85,10.17,248.58,-0.23,42.26,0.00,-3.20,0.00,-0.09,-11.44,3.18,-0.30
3000.00,0.00,248.94,0.00,2820.13,2.53,250.61,-0.41,42.26,0.00,-3.82,0.00,-8.82,-14.56,3.90,-0.33
3000.00,0.00,247.64,0.00,2814.19,-4.07,252.09,-0.56,42.26,0.00,-2.75,0.00,-15.96,-13.51,2.67,-0.31
3000.00,0.00,246.64,0.00,2804.32,-9.17,253.12,-0.70,42.26,0.00,-1.68,0.00,-21.86,-7.03,1.51,-0.24
3000.00,0.00,246.08,0.00,2791.90,-10.75,253.59,-0.82,42.26,0.00,-0.57,0.00,-25.87,0.21,0.45,-0.21
3000.00,0.00,246.04,0.00,2779.99,-7.55,253.52,-0.85,42.26,0.00,0.32,0.00,-20.44,9.81,-0.61,0.08
3000.00,0.00,246.31,0.00,2770.01,-1.15,252.92,-0.78,42.26,0.00,1.05,0.00,-18.48,14.09,-1.61,0.17
3000.00,0.00,247.08,0.00,2760.54,6.95,251.81,-0.69,42.26,0.00,1.97,0.00,-18.08,16.77,-2.52,0.17
3000.00,0.00,248.20,0.00,2751.99,15.31,250.44,-0.62,42.26,0.00,2.75,0.00,-18.28,18.57,-3.24,0.16
3000.00,0.00,249.97,0.00,2743.71,24.26,248.64,-0.54,42.26,0.00,3.54,0.00,-15.27,17.50,-3.87,0.15
