-2500.00,0.00,0.00,0.00,-1855.66,105.90,3.30,0.75,0.00,0.00,0.00,0.00,0.00,0.00,0.00,0.00
-2499.43,0.00,0.28,0.00,-1856.51,106.15,3.01,0.77,2.03,0.00,1.01,0.00,-2.98,0.83,-1.03,0.10
-2498.03,0.00,0.97,0.00,-1858.66,106.66,2.27,0.83,3.87,0.00,1.88,0.00,-5.71,1.16,-1.93,0.15
-2495.63,0.00,2.11,0.00,-1862.05,107.15,1.15,0.91,5.80,0.00,2.70,0.00,-8.25,0.86,-2.73,0.17
-2493.41,0.00,3.12,0.00,-1866.54,107.34,0.14,0.99,7.14,0.00,3.21,0.00,-10.48,-0.05,-1.64,0.18
-2489.65,0.00,4.76,0.00,-1874.05,106.72,0.00,1.11,8.94,0.00,3.80,0.00,-17.68,-2.71,-0.57,0.27
-2485.11,0.00,6.62,0.00,-1884.33,103.93,0.00,1.25,10.70,0.00,4.28,0.00,-21.73,-7.98,0.45,0.27
-2480.04,0.00,8.58,0.00,-1895.32,98.43,0.48,1.38,12.36,0.00,4.64,0.00,-22.68,-13.97,1.40,0.25
-2473.52,0.00,10.94,0.00,-1906.94,89.24,1.49,1.50,14.18,0.00,4.96,0.00,-21.46,-20.38,2.35,0.23
-2466.17,0.00,13.41,0.00,-1916.38,78.29,2.79,1.61,15.95,0.00,5.20,0.00,-18.69,-25.41,3.09,0.22
-2457.89,0.00,16.01,0.00,-1923.08,67.56,4.12,1.69,17.69,0.00,5.37,0.00,-15.80,-28.95,3.61,0.21
-2450.23,0.00,18.26,0.00,-1931.04,48.30,6.56,1.82,19.13,0.00,5.49,0.00,-10.67,-33.39,4.28,0.20
-2440.16,0.00,21.04,0.00,-1934.64,33.72,8.45,1.90,20.83,0.00,5.59,0.00,-6.85,-35.61,4.63,0.19
-2431.84,0.00,23.21,0.00,-1936.81,15.10,10.90,1.99,22.09,0.00,5.64,0.00,-2.19,-37.50,4.96,0.18
-2421.84,0.00,25.69,0.00,-1936.37,-7.15,13.88,2.10,23.49,0.00,5.69,0.00,3.12,-38.69,5.24,0.18
-2400.68,0.00,30.57,0.00,-1936.37,-7.15,13.88,2.10,26.08,0.00,5.75,0.00,3.12,-38.69,5.24,0.18
-2386.04,0.00,33.70,0.00,-1933.53,-26.88,16.59,2.19,27.64,0.00,5.78,0.00,7.59,-38.93,5.41,0.17
-2372.46,0.00,36.47,0.00,-1928.17,-47.52,19.51,2.28,28.95,0.00,5.79,0.00,12.02,-38.51,5.54,0.17
-2358.25,0.00,39.25,0.00,-1919.83,-69.34,22.73,2.37,30.22,0.00,5.81,0.00,16.43,-37.39,5.63,0.16
-2344.50,0.00,41.84,0.00,-1911.41,-86.25,25.35,2.44,31.34,0.00,5.81,0.00,19.65,-36.04,5.69,0.16
-2328.79,0.00,44.70,0.00,-1903.35,-99.79,27.53,2.50,32.52,0.00,5.82,0.00,22.09,-34.67,5.72,0.15
-2314.66,0.00,47.19,0.00,-1890.64,-117.70,30.60,2.58,33.50,0.00,5.82,0.00,25.11,-32.54,5.76,0.15
-2298.20,0.00,50.00,0.00,-1877.41,-133.33,33.48,2.65,34.56,0.00,5.83,0.00,27.56,-30.29,5.78,0.14
-2277.02,0.00,53.50,0.00,-1862.60,-148.22,36.46,2.72,35.80,0.00,5.83,0.00,29.70,-27.81,5.79,0.14
-2259.95,0.00,56.24,0.00,-1846.54,-161.99,39.50,2.80,36.72,0.00,5.83,0.00,31.49,-25.18,5.81,0.14
-2239.94,0.00,59.37,0.00,-1832.72,-172.28,41.99,2.85,37.70,0.00,5.83,0.00,32.68,-22.95,5.81,0.13
-2218.30,0.00,62.67,0.00,-1817.70,-183.08,45.11,2.92,38.67,0.00,5.83,0.00,24.37,-18.24,5.82,0.14
-2198.23,0.00,65.66,0.00,-1806.33,-192.52,48.48,3.00,39.50,0.00,5.83,0.00,15.78,-14.97,5.82,0.15
-2179.36,0.00,68.42,0.00,-1800.33,-199.69,51.46,3.08,40.22,0.00,5.83,0.00,8.46,-13.44,5.83,0.16
-2158.65,0.00,71.39,0.00,-1798.44,-205.53,54.31,3.14,40.94,0.00,5.83,0.00,0.02,-11.07,5.83,0.11
-2137.56,0.00,74.37,0.00,-1800.85,-210.32,57.49,3.17,41.62,0.00,5.83,0.00,-8.16,-7.06,5.83,-0.02
-2115.33,0.00,77.46,0.00,-1807.60,-212.95,60.60,3.13,42.28,0.00,5.83,0.00,-16.24,-3.08,5.83,-0.12
-2097.52,0.00,79.90,0.00,-1817.85,-213.24,63.56,3.06,42.77,0.00,5.83,0.00,-23.27,1.63,5.83,-0.14
-2078.56,0.00,82.47,0.00,-1832.68,-210.57,66.78,2.99,43.25,0.00,5.83,0.00,-29.77,7.61,5.83,-0.14
-2058.41,0.00,85.17,0.00,-1848.12,-205.54,69.56,2.92,43.73,0.00,5.83,0.00,-34.43,12.98,5.83,-0.13
-2037.23,0.00,87.98,0.00,-1867.18,-197.20,72.58,2.86,44.20,0.00,5.83,0.00,-38.57,18.58,5.83,-0.12
-2015.12,0.00,90.88,0.00,-1886.20,-187.19,75.34,2.81,44.65,0.00,5.83,0.00,-41.57,23.30,5.83,-0.11
-1994.13,0.00,93.61,0.00,-1905.83,-175.39,78.01,2.76,45.05,0.00,5.83,0.00,-43.70,27.64,5.83,-0.11
-1970.89,0.00,96.60,0.00,-1925.37,-159.93,80.99,2.68,45.46,0.00,5.83,0.00,-33.76,32.13,5.83,-0.18
-1946.21,0.00,99.75,0.00,-1941.04,-142.15,84.25,2.58,45.85,0.00,5.83,0.00,-23.58,31.34,5.83,-0.16
-1926.19,0.00,102.29,0.00,-1952.43,-122.64,88.03,2.48,46.15,0.00,5.83,0.00,-12.83,28.92,5.83,-0.17
-1903.04,0.00,105.20,0.00,-1956.97,-107.21,91.33,2.38,46.47,0.00,5.83,0.00,-4.17,25.64,5.83,-0.18
-1880.17,0.00,108.06,0.00,-1957.23,-96.23,94.03,2.29,46.76,0.00,5.83,0.00,2.33,22.08,5.83,-0.20
-1856.08,0.00,111.06,0.00,-1953.94,-85.78,96.95,2.17,47.05,0.00,5.83,0.00,9.93,19.54,5.83,-0.26
-1832.78,0.00,113.94,0.00,-1947.82,-77.74,99.65,2.04,47.30,0.00,5.83,0.00,15.73,15.31,5.83,-0.29
-1808.87,0.00,116.88,0.00,-1937.88,-71.40,102.77,1.89,47.54,0.00,5.83,0.00,20.67,8.81,5.83,-0.31
-1786.29,0.00,119.64,0.00,-1925.17,-68.91,106.08,1.71,47.75,0.00,5.83,0.00,23.45,0.58,5.83,-0.32
-1758.58,0.00,123.02,0.00,-1913.92,-70.53,108.89,1.56,47.99,0.00,5.83,0.00,22.99,-6.53,5.83,-0.29
-1735.22,0.00,125.85,0.00,-1903.21,-75.52,111.76,1.42,48.17,0.00,5.83,0.00,20.58,-12.95,5.83,-0.27
-1710.63,0.00,128.82,0.00,-1893.57,-83.88,114.79,1.29,48.35,0.00,5.83,0.00,16.74,-18.49,5.83,-0.24
-1691.85,0.00,131.08,0.00,-1886.56,-93.98,117.63,1.17,48.48,0.00,5.83,0.00,12.48,-22.49,5.83,-0.23
-1665.23,0.00,134.28,0.00,-1881.64,-105.95,120.52,1.07,48.64,0.00,5.83,0.00,7.86,-25.47,5.83,-0.21
-1639.19,0.00,137.40,0.00,-1878.95,-119.97,123.58,0.96,48.79,0.00,5.83,0.00,2.91,-27.57,5.83,-0.20
-1612.09,0.00,140.63,0.00,-1878.78,-134.23,126.53,0.86,48.94,0.00,5.83,0.00,-1.71,-28.67,5.83,-0.19
-1586.74,0.00,143.65,0.00,-1881.28,-150.56,129.82,0.76,49.06,0.00,5.83,0.00,-6.57,-29.04,5.83,-0.18
-1566.20,0.00,146.09,0.00,-1886.62,-167.39,133.22,0.66,49.15,0.00,5.83,0.00,-11.18,-28.62,5.83,-0.17
-1540.46,0.00,149.14,0.00,-1894.13,-183.14,136.50,0.57,49.26,0.00,5.83,0.00,-15.14,-27.59,5.83,-0.16
-1515.74,0.00,152.06,0.00,-1901.65,-195.26,139.12,0.50,49.35,0.00,5.83,0.00,-17.96,-26.40,5.83,-0.15
-1486.83,0.00,155.48,0.00,-1912.41,-209.19,142.31,0.42,49.46,0.00,5.83,0.00,-20.98,-24.67,5.83,-0.15
-1462.27,0.00,158.37,0.00,-1923.33,-220.78,145.17,0.35,49.53,0.00,5.83,0.00,-23.31,-22.89,5.83,-0.14
-1437.97,0.00,161.23,0.00,-1932.02,-229.85,147.75,0.29,49.61,0.00,5.83,0.00,-16.68,-18.79,5.83,-0.14
-1412.55,0.00,164.22,0.00,-1937.91,-237.72,150.44,0.22,49.68,0.00,5.83,0.00,-9.51,-15.80,5.83,-0.15
-1383.38,0.00,167.64,0.00,-1940.43,-244.70,153.21,0.14,49.75,0.00,5.83,0.00,-1.89,-14.05,5.83,-0.17
-1359.02,0.00,170.49,0.00,-1938.84,-252.04,156.33,0.05,49.81,0.00,5.83,0.00,6.94,-13.69,5.83,-0.19
-1337.48,0.00,173.01,0.00,-1932.43,-257.94,159.44,-0.01,49.85,0.00,5.83,0.00,16.38,-9.14,5.83,-0.03
-1312.07,0.00,175.98,0.00,-1922.20,-261.37,162.24,0.00,49.91,0.00,5.83,0.00,25.39,-5.48,5.83,0.07
-1285.53,0.00,179.08,0.00,-1905.44,-262.83,165.39,0.05,49.95,0.00,5.83,0.00,35.37,-0.22,5.83,0.12
-1254.62,0.00,182.69,0.00,-1889.40,-261.88,167.78,0.10,50.01,0.00,5.83,0.00,42.33,4.46,5.83,0.12
-1230.13,0.00,185.55,0.00,-1863.71,-258.47,170.90,0.14,50.04,0.00,5.83,0.00,52.58,7.82,5.83,0.05
-1207.92,0.00,188.13,0.00,-1833.55,-253.57,173.95,0.17,50.08,0.00,5.83,0.00,61.71,10.59,5.83,0.03
-1178.88,0.00,191.52,0.00,-1802.54,-248.90,176.71,0.16,50.11,0.00,5.83,0.00,68.43,8.79,5.83,-0.06
-1154.23,0.00,194.38,0.00,-1769.34,-245.78,179.41,0.13,50.14,0.00,5.83,0.00,74.45,4.92,5.83,-0.09
-1129.89,0.00,197.21,0.00,-1734.19,-243.84,182.04,0.10,50.17,0.00,5.83,0.00,80.61,3.97,5.83,-0.04
-1105.42,0.00,200.06,0.00,-1694.43,-242.07,184.81,0.08,50.20,0.00,5.83,0.00,86.11,3.57,5.83,-0.03
-1083.23,0.00,202.64,0.00,-1657.77,-240.64,187.23,0.07,50.22,0.00,5.83,0.00,90.27,3.35,5.83,-0.02
-1057.84,0.00,205.58,0.00,-1616.22,-239.18,189.85,0.06,50.24,0.00,5.83,0.00,94.17,3.17,5.83,-0.02
-1035.44,0.00,208.18,0.00,-1570.09,-236.73,192.68,0.08,50.26,0.00,5.83,0.00,96.06,7.19,5.83,0.06
-1013.99,0.00,210.67,0.00,-1521.42,-232.40,195.58,0.10,50.28,0.00,5.83,0.00,99.02,9.69,5.83,0.03
-988.30,0.00,213.65,0.00,-1464.18,-226.31,198.90,0.11,50.29,0.00,5.83,0.00,101.89,11.45,5.83,0.02
-959.61,0.00,216.98,0.00,-1413.74,-220.39,201.75,0.12,50.31,0.00,5.83,0.00,103.77,12.56,5.83,0.01
-939.52,0.00,219.31,0.00,-1364.35,-215.23,204.53,0.11,50.33,0.00,5.83,0.00,104.12,8.85,5.83,-0.06
-908.35,0.00,222.92,0.00,-1310.49,-211.32,207.52,0.09,50.34,0.00,5.83,0.00,105.68,6.89,5.83,-0.03
-886.11,0.00,225.50,0.00,-1248.23,-207.68,210.94,0.07,50.35,0.00,5.83,0.00,106.65,5.73,5.83,-0.02
-860.75,0.00,228.43,0.00,-1198.30,-205.17,213.66,0.07,50.37,0.00,5.83,0.00,107.19,5.11,5.83,-0.01
-833.93,0.00,231.54,0.00,-1135.56,-202.39,217.07,0.06,50.38,0.00,5.83,0.00,107.56,4.50,5.83,-0.01
-810.50,0.00,234.25,0.00,-1080.13,-200.20,220.07,0.05,50.39,0.00,5.83,0.00,107.55,4.06,5.83,-0.01
-783.47,0.00,237.38,0.00,-1012.96,-197.83,223.72,0.05,50.40,0.00,5.83,0.00,107.32,3.60,5.83,-0.01
-763.05,0.00,239.74,0.00,-958.49,-196.09,226.69,0.04,50.41,0.00,5.83,0.00,106.87,3.27,5.83,-0.01
-741.61,0.00,242.22,0.00,-904.47,-194.52,229.65,0.04,50.41,0.00,5.83,0.00,106.30,2.97,5.83,-0.01
-717.00,0.00,245.07,0.00,-851.52,-193.11,232.56,0.04,50.42,0.00,5.83,0.00,105.65,2.70,5.83,-0.01
-689.85,0.00,248.21,0.00,-791.73,-190.13,235.91,0.06,50.43,0.00,5.83,0.00,102.98,7.95,5.83,0.07
-645.38,0.00,252.99,0.00,-791.73,-190.13,235.91,0.06,50.44,0.00,4.33,0.00,102.98,7.95,5.83,0.07
-618.05,0.00,254.88,0.00,-737.80,-185.15,238.97,0.08,50.45,0.00,2.83,0.00,102.33,10.38,5.83,0.03
-592.62,0.00,255.97,0.00,-680.34,-178.87,242.26,0.10,50.45,0.00,1.66,0.00,101.64,11.65,5.83,0.02
-567.98,0.00,256.50,0.00,-634.76,-174.37,244.90,0.09,50.46,0.00,0.64,0.00,100.13,8.03,5.83,-0.06
-539.34,0.00,256.51,0.00,-587.67,-172.11,247.66,0.05,50.46,0.00,-0.50,0.00,98.70,2.02,5.83,-0.08
-514.62,0.00,256.01,0.00,-537.10,-172.86,250.68,0.01,50.46,0.00,-1.45,0.00,97.02,-4.19,5.83,-0.08
-514.62,0.00,256.01,0.00,-452.56,-177.06,255.78,-0.01,50.46,0.00,-1.45,0.00,95.74,-2.88,5.83,0.05
-488.79,0.00,255.00,0.00,-406.79,-176.97,258.13,0.02,50.47,0.00,-2.37,0.00,94.53,2.89,4.15,0.08
-468.39,0.00,253.90,0.00,-361.62,-173.94,259.76,0.06,50.47,0.00,-3.01,0.00,93.20,9.06,2.83,0.08
-443.81,0.00,252.25,0.00,-311.74,-168.31,260.90,0.09,50.47,0.00,-3.67,0.00,93.61,11.41,1.59,0.03
-388.17,0.00,247.55,0.00,-311.74,-168.31,260.90,0.09,50.48,0.00,-4.71,0.00,93.61,11.41,1.59,0.03
-388.17,0.00,247.55,0.00,-221.90,-160.99,261.41,0.05,50.48,0.00,-4.71,0.00,82.94,3.76,-0.44,-0.05
-364.39,0.00,245.71,0.00,-182.13,-159.84,260.91,0.03,50.48,0.00,-3.31,0.00,74.65,1.11,-1.43,-0.04
-334.66,0.00,244.23,0.00,-151.50,-159.82,260.11,0.01,50.49,0.00,-1.89,0.00,68.32,-0.77,-2.21,-0.04
-307.39,0.00,243.56,0.00,-120.38,-160.68,258.83,-0.01,50.49,0.00,-0.74,0.00,61.86,-2.58,-2.99,-0.04
-280.73,0.00,243.47,0.00,-87.34,-162.73,256.88,-0.03,50.49,0.00,0.32,0.00,54.89,-4.39,-3.75,-0.05
-254.97,0.00,243.92,0.00,-63.17,-165.10,255.01,-0.05,50.49,0.00,1.32,0.00,49.65,-5.63,-4.25,-0.05
-233.54,0.00,244.66,0.00,-37.42,-168.61,252.51,-0.08,50.49,0.00,2.10,0.00,43.83,-6.86,-4.70,-0.05
-205.62,0.00,246.10,0.00,-17.89,-172.08,250.20,-0.10,50.49,0.00,2.99,0.00,39.18,-7.70,-5.00,-0.05
-180.57,0.00,247.77,0.00,-2.46,-175.43,248.07,-0.13,50.50,0.00,3.67,0.00,35.29,-8.29,-5.20,-0.05
-155.17,0.00,249.78,0.00,9.63,-178.51,246.44,-0.14,50.50,0.00,4.22,0.00,32.05,-8.69,-4.01,-0.05
-131.07,0.00,251.90,0.00,23.30,-182.59,244.92,-0.17,50.50,0.00,4.62,0.00,28.09,-9.07,-2.78,-0.06
-103.55,0.00,253.93,0.00,35.91,-187.08,243.87,-0.20,50.50,0.00,3.05,0.00,24.03,-9.29,-1.65,-0.06
-72.38,0.00,255.30,0.00,47.78,-192.21,243.31,-0.23,50.50,0.00,1.60,0.00,19.64,-9.34,-0.51,-0.06
-45.21,0.00,255.83,0.00,56.36,-194.45,243.32,-0.20,50.50,0.00,0.48,0.00,17.01,-0.77,0.44,0.18
-22.65,0.00,255.83,0.00,64.12,-192.63,243.82,-0.10,50.50,0.00,-0.41,0.00,13.82,7.04,1.42,0.23
0.42,0.00,255.41,0.00,70.29,-187.46,244.84,0.02,50.50,0.00,-1.31,0.00,9.93,11.87,2.36,0.22
27.46,0.00,254.42,0.00,74.47,-180.58,246.32,0.12,50.50,0.00,-2.28,0.00,6.32,13.93,3.18,0.20
54.05,0.00,252.98,0.00,79.71,-173.42,248.17,0.20,50.50,0.00,-3.11,0.00,13.20,13.75,3.85,0.11
81.61,0.00,251.06,0.00,87.92,-167.30,250.24,0.22,50.51,0.00,-3.82,0.00,19.13,11.06,4.35,-0.02
105.40,0.00,249.13,0.00,98.26,-162.88,252.37,0.19,50.51,0.00,-4.31,0.00,24.76,8.09,4.72,-0.11
131.19,0.00,247.35,0.00,113.04,-159.84,254.38,0.13,50.51,0.00,-2.88,0.00,30.74,3.74,3.17,-0.13
155.11,0.00,246.27,0.00,129.99,-159.27,255.64,0.06,50.51,0.00,-1.78,0.00,35.80,-1.06,1.96,-0.13
184.04,0.00,245.64,0.00,147.30,-160.84,256.28,0.00,50.51,0.00,-0.58,0.00,39.77,-5.40,0.98,-0.12
209.25,0.00,245.63,0.00,170.47,-165.30,256.49,-0.06,50.51,0.00,0.42,0.00,43.97,-10.27,-0.13,-0.12
238.90,0.00,246.25,0.00,191.98,-170.34,256.20,-0.10,50.51,0.00,1.56,0.00,48.82,-11.38,-1.04,-0.06
262.40,0.00,247.19,0.00,210.10,-174.09,255.69,-0.11,50.51,0.00,2.39,0.00,51.71,-9.55,-1.72,0.02
288.39,0.00,248.65,0.00,234.31,-177.52,254.72,-0.08,50.51,0.00,3.19,0.00,55.36,-5.76,-2.50,0.09
318.84,0.00,250.83,0.00,270.61,-178.83,252.81,-0.02,50.51,0.00,3.95,0.00,59.78,1.04,-3.44,0.10
339.02,0.00,252.17,0.00,298.32,-177.12,251.12,0.02,50.51,0.00,2.87,0.00,62.33,5.98,-3.98,0.10
363.96,0.00,253.26,0.00,330.72,-173.55,249.50,0.06,50.51,0.00,1.72,0.00,66.33,7.82,-2.64,0.05
390.47,0.00,253.84,0.00,365.46,-170.26,248.48,0.06,50.51,0.00,0.62,0.00,68.83,4.79,-1.48,-0.06
415.08,0.00,253.88,0.00,405.56,-169.40,248.01,0.01,50.51,0.00,-0.36,0.00,71.23,-1.42,-0.30,-0.09
443.22,0.00,253.35,0.00,441.84,-171.71,248.14,-0.04,50.51,0.00,-1.45,0.00,72.76,-7.13,0.70,-0.09
468.47,0.00,252.37,0.00,477.66,-175.70,248.73,-0.07,50.51,0.00,-2.34,0.00,75.47,-8.99,1.63,-0.04
490.96,0.00,251.16,0.00,517.84,-179.59,249.86,-0.06,50.51,0.00,-3.05,0.00,76.99,-5.51,2.55,0.06
518.48,0.00,249.27,0.00,559.61,-180.72,251.47,-0.02,50.51,0.00,-3.77,0.00,78.35,0.86,3.35,0.09
544.83,0.00,247.71,0.00,601.14,-178.39,252.86,0.03,50.51,0.00,-2.42,0.00,79.14,7.26,2.06,0.09
572.52,0.00,246.75,0.00,636.81,-173.92,253.54,0.07,50.51,0.00,-1.21,0.00,79.49,12.06,1.09,0.09
594.83,0.00,246.44,0.00,675.83,-168.51,253.80,0.08,50.51,0.00,-0.30,0.00,80.44,9.75,0.10,-0.03
622.95,0.00,246.61,0.00,722.24,-165.01,253.50,0.04,50.51,0.00,0.81,0.00,81.46,2.73,-1.04,-0.09
649.69,0.00,247.34,0.00,758.57,-166.12,252.79,-0.01,50.51,0.00,1.81,0.00,73.95,-6.47,-1.92,-0.13
677.64,0.00,248.63,0.00,788.40,-170.99,251.79,-0.07,50.51,0.00,2.75,0.00,66.10,-15.08,-2.64,-0.15
677.64,0.00,248.63,0.00,842.46,-189.75,248.53,-0.20,50.51,0.00,2.75,0.00,47.09,-22.34,-3.95,-0.14
703.41,0.00,250.25,0.00,866.30,-203.39,246.75,-0.29,50.51,0.00,3.48,0.00,36.63,-24.48,-2.43,-0.15
757.67,0.00,252.52,0.00,866.30,-203.39,246.75,-0.29,50.51,0.00,0.99,0.00,36.63,-24.48,-2.43,-0.15
757.67,0.00,252.52,0.00,897.19,-216.99,245.50,-0.22,50.51,0.00,0.99,0.00,32.29,-5.79,-0.49,0.19
782.09,0.00,252.73,0.00,910.91,-217.33,245.50,-0.14,50.51,0.00,0.01,0.00,29.36,3.16,0.40,0.20
809.47,0.00,252.41,0.00,922.32,-214.55,245.85,-0.06,50.51,0.00,-1.07,0.00,25.89,9.38,1.21,0.20
835.13,0.00,251.61,0.00,934.52,-208.13,246.76,0.04,50.51,0.00,-2.01,0.00,21.15,14.35,2.17,0.19
862.84,0.00,250.22,0.00,945.75,-198.27,248.44,0.16,50.51,0.00,-2.92,0.00,15.88,17.18,3.15,0.18
886.05,0.00,248.72,0.00,952.79,-189.30,250.23,0.25,50.51,0.00,-3.56,0.00,12.17,17.91,3.81,0.17
910.69,0.00,247.32,0.00,959.95,-181.04,251.68,0.30,50.51,0.00,-2.32,0.00,18.29,18.04,2.60,0.09
933.71,0.00,246.52,0.00,971.45,-172.30,252.69,0.32,50.51,0.00,-1.31,0.00,24.79,15.41,1.41,-0.04
958.27,0.00,246.15,0.00,984.89,-165.73,253.11,0.28,50.51,0.00,-0.32,0.00,30.76,12.26,0.42,-0.11
985.02,0.00,246.29,0.00,999.42,-161.31,253.06,0.22,50.51,0.00,0.74,0.00,29.63,6.65,-0.54,-0.13
1007.87,0.00,246.84,0.00,1017.12,-159.13,252.45,0.15,50.51,0.00,1.61,0.00,35.43,1.84,-1.58,-0.13
1033.66,0.00,247.92,0.00,1033.08,-159.26,251.61,0.09,50.51,0.00,2.50,0.00,39.41,-2.04,-2.33,-0.13
1056.69,0.00,249.24,0.00,1054.51,-161.55,250.18,0.03,50.51,0.00,3.20,0.00,43.60,-6.43,-3.14,-0.12
1082.99,0.00,251.10,0.00,1079.85,-166.41,248.85,-0.04,50.51,0.00,3.86,0.00,47.54,-10.64,-1.82,-0.11
1106.29,0.00,252.56,0.00,1103.99,-171.69,248.25,-0.07,50.51,0.00,2.64,0.00,52.36,-11.20,-0.80,-0.06
1132.69,0.00,253.60,0.00,1129.65,-176.28,248.12,-0.08,50.51,0.00,1.46,0.00,55.88,-8.22,0.15,0.05
1160.82,0.00,254.06,0.00,1155.61,-178.93,248.40,-0.04,50.51,0.00,0.31,0.00,59.13,-3.83,1.04,0.09
1187.18,0.00,253.92,0.00,1183.80,-179.39,249.11,0.00,50.51,0.00,-0.73,0.00,62.01,1.40,1.91,0.10
1213.14,0.00,253.26,0.00,1218.17,-176.79,250.42,0.05,50.51,0.00,-1.71,0.00,64.68,7.53,2.82,0.10
1238.02,0.00,252.18,0.00,1248.43,-172.84,251.87,0.08,50.51,0.00,-2.57,0.00,68.02,9.44,3.46,0.05
1263.52,0.00,250.67,0.00,1282.47,-168.84,253.23,0.08,50.51,0.00,-3.32,0.00,70.24,6.61,2.24,-0.06
1290.80,0.00,248.68,0.00,1322.20,-166.95,254.10,0.04,50.51,0.00,-3.98,0.00,72.49,0.52,1.03,-0.09
1311.29,0.00,247.31,0.00,1354.55,-167.98,254.33,-0.00,50.51,0.00,-2.88,0.00,73.80,-4.62,0.13,-0.09
1338.31,0.00,246.14,0.00,1383.85,-170.72,254.21,-0.04,50.51,0.00,-1.64,0.00,74.67,-8.80,-0.65,-0.09
1369.19,0.00,245.57,0.00,1419.96,-175.34,253.66,-0.07,50.51,0.00,-0.37,0.00,77.11,-10.27,-1.57,-0.04
1392.05,0.00,245.63,0.00,1462.56,-179.95,252.51,-0.06,50.51,0.00,0.53,0.00,78.54,-6.30,-2.53,0.07
1417.47,0.00,246.17,0.00,1504.90,-181.42,250.91,-0.02,50.51,0.00,1.51,0.00,79.72,0.30,-3.33,0.09
1445.00,0.00,247.29,0.00,1549.22,-179.08,248.86,0.03,50.51,0.00,2.47,0.00,80.33,7.39,-4.01,0.09
1472.73,0.00,248.90,0.00,1588.70,-173.90,247.26,0.08,50.51,0.00,3.31,0.00,80.44,13.01,-2.69,0.09
1498.38,0.00,250.76,0.00,1632.32,-166.41,246.18,0.11,50.51,0.00,3.93,0.00,82.52,14.57,-1.47,0.04
1528.77,0.00,252.59,0.00,1676.13,-161.56,245.72,0.07,50.51,0.00,2.36,0.00,73.69,2.69,-0.31,-0.14
1553.35,0.00,253.45,0.00,1707.33,-162.29,245.80,0.02,50.51,0.00,1.29,0.00,65.45,-4.82,0.59,-0.12
1575.55,0.00,253.79,0.00,1737.38,-166.45,246.36,-0.04,50.51,0.00,0.39,0.00,56.62,-11.00,1.55,-0.12
1599.65,0.00,253.73,0.00,1759.57,-172.04,247.19,-0.10,50.51,0.00,-0.57,0.00,49.35,-14.92,2.30,-0.13
1623.59,0.00,253.22,0.00,1782.07,-180.53,248.58,-0.16,50.51,0.00,-1.49,0.00,40.92,-18.29,3.10,-0.14
1645.45,0.00,252.39,0.00,1799.77,-189.99,250.25,-0.23,50.51,0.00,-2.27,0.00,33.09,-20.42,3.74,-0.14
1673.30,0.00,250.87,0.00,1815.07,-201.40,252.44,-0.31,50.51,0.00,-3.13,0.00,24.65,-21.69,4.31,-0.15
1697.27,0.00,249.21,0.00,1827.04,-209.64,254.22,-0.31,50.51,0.00,-3.76,0.00,22.73,-11.55,2.88,0.14
1716.54,0.00,247.99,0.00,1838.39,-212.76,255.37,-0.22,50.51,0.00,-2.75,0.00,20.86,-1.44,1.67,0.21
1744.85,0.00,246.86,0.00,1847.50,-211.51,255.90,-0.12,50.51,0.00,-1.47,0.00,18.14,5.86,0.69,0.21
1766.09,0.00,246.44,0.00,1856.83,-205.90,255.92,0.01,50.51,0.00,-0.60,0.00,13.63,12.05,-0.49,0.21
1793.74,0.00,246.45,0.00,1862.25,-199.65,255.46,0.10,50.51,0.00,0.50,0.00,10.07,14.49,-1.40,0.20
1816.41,0.00,246.89,0.00,1866.80,-190.82,254.31,0.21,50.51,0.00,1.37,0.00,6.03,15.67,-2.44,0.19
1845.67,0.00,248.02,0.00,1871.63,-183.03,252.88,0.28,50.51,0.00,2.41,0.00,12.70,15.71,-3.20,0.10
1867.57,0.00,249.23,0.00,1879.34,-176.08,251.16,0.30,50.51,0.00,3.09,0.00,18.71,13.41,-3.82,-0.02
1893.21,0.00,250.99,0.00,1889.71,-170.41,249.23,0.27,50.51,0.00,3.76,0.00,24.72,10.78,-4.31,-0.11
1923.09,0.00,252.70,0.00,1903.16,-166.14,247.53,0.21,50.51,0.00,2.24,0.00,30.58,7.23,-2.96,-0.13
1948.94,0.00,253.53,0.00,1919.70,-163.73,246.39,0.15,50.51,0.00,1.13,0.00,36.01,2.92,-1.80,-0.13
1976.22,0.00,253.81,0.00,1937.78,-163.47,245.80,0.09,50.51,0.00,0.03,0.00,40.57,-1.39,-0.81,-0.12
2000.71,0.00,253.57,0.00,1958.77,-165.31,245.67,0.03,50.51,0.00,-0.93,0.00,44.72,-5.67,0.17,-0.12
2028.54,0.00,252.74,0.00,1982.28,-169.27,246.03,-0.03,50.51,0.00,-1.97,0.00,48.46,-9.66,1.16,-0.11
2053.31,0.00,251.55,0.00,2007.19,-174.19,246.84,-0.07,50.51,0.00,-2.79,0.00,53.41,-10.40,2.06,-0.05
2073.97,0.00,250.27,0.00,2038.58,-179.02,248.29,-0.07,50.51,0.00,-3.38,0.00,57.59,-6.69,2.98,0.06
2096.86,0.00,248.60,0.00,2069.08,-181.00,250.02,-0.02,50.51,0.00,-3.93,0.00,61.09,-1.35,3.67,0.10
2119.42,0.00,247.15,0.00,2100.06,-180.12,251.48,0.03,50.51,0.00,-2.74,0.00,63.85,4.34,2.41,0.10
2145.78,0.00,246.07,0.00,2128.41,-177.74,252.29,0.06,50.51,0.00,-1.54,0.00,67.24,6.31,1.44,0.05
2172.67,0.00,245.57,0.00,2165.41,-173.90,252.73,0.08,50.51,0.00,-0.44,0.00,71.05,7.82,0.35,0.03
2201.49,0.00,245.68,0.00,2200.75,-170.79,252.64,0.07,50.51,0.00,0.70,0.00,73.01,4.66,-0.63,-0.06
2224.11,0.00,246.21,0.00,2239.22,-169.98,252.02,0.03,50.51,0.00,1.56,0.00,74.78,-1.10,-1.63,-0.09
2250.17,0.00,247.27,0.00,2283.19,-172.70,250.74,-0.02,50.51,0.00,2.47,0.00,76.11,-7.50,-2.64,-0.09
2274.99,0.00,248.70,0.00,2321.27,-176.87,249.24,-0.06,50.51,0.00,3.22,0.00,78.52,-9.07,-3.37,-0.04
2303.38,0.00,250.74,0.00,2359.97,-180.54,247.92,-0.05,50.51,0.00,3.93,0.00,79.58,-5.71,-2.16,0.06
2328.71,0.00,252.33,0.00,2406.40,-181.68,247.07,-0.01,50.51,0.00,2.60,0.00,80.65,1.30,-0.91,0.09
2350.35,0.00,253.21,0.00,2448.29,-179.11,246.90,0.04,50.51,0.00,1.62,0.00,81.07,7.89,0.13,0.09
2396.33,0.00,253.78,0.00,2448.29,-179.11,246.90,0.04,50.51,0.00,-0.24,0.00,81.07,7.89,0.13,0.09
2396.33,0.00,253.78,0.00,2520.49,-167.63,247.83,0.12,50.51,0.00,-0.24,0.00,81.11,17.06,1.85,0.09
2422.81,0.00,253.36,0.00,2558.56,-160.89,248.98,0.12,50.51,0.00,-1.27,0.00,74.18,10.04,2.69,-0.10
2441.84,0.00,252.73,0.00,2595.98,-159.59,250.66,0.04,50.51,0.00,-1.97,0.00,66.12,-3.77,3.47,-0.16
2486.28,0.00,250.33,0.00,2595.98,-159.59,250.66,0.04,50.51,0.00,-3.35,0.00,66.12,-3.77,3.47,-0.16
2509.30,0.00,248.66,0.00,2627.73,-164.43,252.07,-0.04,50.51,0.00,-3.91,0.00,58.18,-13.48,2.19,-0.16
2532.47,0.00,247.18,0.00,2652.99,-172.62,252.83,-0.12,50.51,0.00,-2.69,0.00,50.15,-20.31,1.16,-0.18
2555.31,0.00,246.23,0.00,2676.18,-183.88,253.13,-0.20,50.51,0.00,-1.65,0.00,40.42,-22.70,0.11,-0.15
2582.62,0.00,245.67,0.00,2692.06,-194.20,252.96,-0.27,50.51,0.00,-0.53,0.00,32.53,-23.97,-0.77,-0.16
2604.59,0.00,245.65,0.00,2706.51,-202.96,252.38,-0.28,50.51,0.00,0.34,0.00,30.21,-14.63,-1.66,0.11
2630.19,0.00,246.10,0.00,2720.45,-207.51,251.36,-0.20,50.51,0.00,1.34,0.00,28.37,-5.43,-2.49,0.19
2652.93,0.00,246.91,0.00,2732.28,-208.10,250.11,-0.12,50.51,0.00,2.16,0.00,26.04,1.88,-3.16,0.19
2679.11,0.00,248.27,0.00,2744.20,-205.41,248.39,-0.03,50.51,0.00,2.99,0.00,22.71,8.18,-3.80,0.18
2703.03,0.00,249.86,0.00,2755.44,-199.51,246.13,0.07,50.51,0.00,3.64,0.00,18.68,12.66,-4.36,0.18
2728.85,0.00,251.89,0.00,2764.64,-191.65,244.20,0.16,50.51,0.00,4.20,0.00,14.74,15.13,-2.81,0.17
2756.63,0.00,253.73,0.00,2772.65,-183.89,243.16,0.24,50.51,0.00,2.70,0.00,18.71,17.53,-1.71,0.15
2779.34,0.00,254.68,0.00,2784.85,-175.09,242.57,0.27,50.51,0.00,1.67,0.00,25.13,14.77,-0.56,-0.01
2803.61,0.00,255.22,0.00,2798.35,-168.79,242.55,0.25,50.51,0.00,0.66,0.00,30.91,11.79,0.39,-0.10
2827.18,0.00,255.29,0.00,2812.72,-164.56,242.92,0.20,50.51,0.00,-0.27,0.00,35.84,8.30,1.23,-0.12
2852.36,0.00,254.88,0.00,2829.40,-161.91,243.65,0.15,50.51,0.00,-1.25,0.00,40.38,4.20,2.03,-0.13
2877.43,0.00,254.01,0.00,2852.30,-161.21,244.99,0.08,50.51,0.00,-2.16,0.00,45.18,-1.07,2.91,-0.12
2900.91,0.00,252.80,0.00,2875.65,-163.01,246.62,0.02,50.51,0.00,-2.92,0.00,48.93,-5.70,3.59,-0.11
2923.62,0.00,251.33,0.00,2903.32,-167.49,248.76,-0.04,50.51,0.00,-3.54,0.00,52.46,-10.25,4.20,-0.11
2950.47,0.00,249.27,0.00,2928.14,-172.34,250.76,-0.07,50.51,0.00,-4.15,0.00,56.67,-11.02,4.59,-0.05
2979.44,0.00,247.39,0.00,2958.89,-177.25,252.72,-0.07,50.51,0.00,-2.60,0.00,60.19,-7.62,3.07,0.06
3000.00,0.00,246.49,0.00,2985.67,-179.53,253.80,-0.04,50.51,0.00,-1.60,0.00,62.96,-3.16,2.03,0.09
3000.00,0.00,245.98,0.00,2994.71,-178.15,254.51,0.01,50.51,0.00,-0.56,0.00,65.62,2.63,0.96,0.10
3000.00,0.00,246.00,0.00,2994.99,-173.22,254.71,0.06,50.51,0.00,0.50,0.00,67.71,8.38,-0.07,0.10
3000.00,0.00,246.53,0.00,2995.38,-166.50,254.28,0.07,50.51,0.00,1.48,0.00,70.34,5.73,-1.26,-0.05
3000.00,0.00,247.53,0.00,2995.56,-163.22,253.45,0.03,50.51,0.00,2.38,0.00,72.20,0.62,-2.13,-0.09
3000.00,0.00,248.63,0.00,2995.59,-162.64,252.05,-0.02,50.51,0.00,3.02,0.00,73.69,-5.71,-3.00,-0.09
3000.00,0.00,250.38,0.00,2995.45,-165.13,250.26,-0.07,50.51,0.00,3.71,0.00,74.63,-11.30,-3.70,-0.09
3000.00,0.00,251.73,0.00,2995.22,-169.27,248.72,-0.10,50.51,0.00,2.56,0.00,77.18,-12.80,-2.36,-0.04
3000.00,0.00,252.72,0.00,2995.01,-173.00,247.74,-0.09,50.51,0.00,1.39,0.00,78.78,-8.33,-1.04,0.07
3000.00,0.00,253.14,0.00,2995.00,-173.12,247.51,-0.04,50.51,0.00,0.27,0.00,80.10,-1.80,0.06,0.09
3000.00,0.00,252.96,0.00,2995.18,-169.98,247.83,0.00,50.51,0.00,-0.81,0.00,80.87,4.29,1.08,0.09
3000.00,0.00,252.27,0.00,2995.50,-164.23,248.77,0.04,50.51,0.00,-1.78,0.00,83.09,6.41,2.13,0.04
3000.00,0.00,251.30,0.00,2995.72,-160.20,249.84,0.03,50.51,0.00,-2.55,0.00,83.39,3.62,2.82,-0.05
3000.00,0.00,249.73,0.00,2995.85,-157.77,250.93,-0.01,50.51,0.00,-3.33,0.00,83.59,-2.40,1.66,-0.09
3000.00,0.00,248.65,0.00,2995.81,-158.47,251.47,-0.05,50.51,0.00,-2.37,0.00,83.40,-8.59,0.62,-0.09
3000.00,0.00,247.81,0.00,2995.64,-161.74,251.52,-0.09,50.51,0.00,-1.34,0.00,82.97,-13.75,-0.32,-0.09
3000.00,0.00,247.43,0.00,2995.33,-167.39,251.00,-0.12,50.51,0.00,-0.27,0.00,84.49,-15.39,-1.42,-0.04
3000.00,0.00,247.53,0.00,2995.10,-171.37,250.18,-0.12,50.51,0.00,0.63,0.00,84.88,-12.33,-2.21,0.05
3000.00,0.00,248.20,0.00,2994.98,-173.52,248.65,-0.08,50.51,0.00,1.69,0.00,85.56,-5.63,-3.10,0.09
3000.00,0.00,249.18,0.00,2995.06,-172.11,247.43,-0.03,50.51,0.00,2.49,0.00,85.85,0.69,-1.90,0.09
3000.00,0.00,250.72,0.00,2995.25,-168.73,246.78,-0.01,50.51,0.00,3.29,0.00,87.29,2.72,-0.85,0.04
3000.00,0.00,251.91,0.00,2995.44,-165.43,246.66,-0.01,50.51,0.00,2.20,0.00,87.09,-1.31,0.31,-0.07
3000.00,0.00,252.60,0.00,2995.45,-165.20,247.03,-0.05,50.51,0.00,1.31,0.00,86.70,-6.81,1.21,-0.08
3000.00,0.00,252.98,0.00,2995.36,-166.77,247.83,-0.08,50.51,0.00,0.17,0.00,87.74,-9.06,2.08,-0.04
3000.00,0.00,252.79,0.00,2995.22,-169.28,249.16,-0.09,50.51,0.00,-0.81,0.00,88.81,-10.40,2.93,-0.02
3000.00,0.00,252.24,0.00,2995.12,-171.12,250.97,-0.08,50.51,0.00,-1.65,0.00,88.70,-6.27,3.67,0.07
3000.00,0.00,251.00,0.00,2995.16,-170.27,252.82,-0.04,50.51,0.00,-2.63,0.00,88.63,-0.64,4.18,0.08
3000.00,0.00,249.23,0.00,2995.32,-167.57,254.47,-0.02,50.51,0.00,-3.46,0.00,89.70,1.41,2.86,0.04
3000.00,0.00,247.93,0.00,2995.46,-165.03,255.63,-0.02,50.51,0.00,-2.30,0.00,89.14,-2.18,1.62,-0.06
3000.00,0.00,247.10,0.00,2995.43,-165.54,256.17,-0.07,50.51,0.00,-1.22,0.00,88.27,-8.88,0.45,-0.08
3000.00,0.00,246.77,0.00,2995.31,-167.76,256.16,-0.09,50.51,0.00,-0.12,0.00,88.99,-10.94,-0.41,-0.04
3000.00,0.00,246.93,0.00,2995.19,-169.86,255.76,-0.09,50.51,0.00,0.77,0.00,88.81,-8.29,-1.28,0.05
3000.00,0.00,247.51,0.00,2995.18,-169.96,254.87,-0.06,50.51,0.00,1.65,0.00,88.78,-2.53,-2.20,0.08
3000.00,0.00,248.66,0.00,2995.30,-167.91,253.47,-0.03,50.51,0.00,2.57,0.00,89.97,-0.24,-3.03,0.04
3000.00,0.00,249.90,0.00,2995.44,-165.41,251.89,-0.01,50.51,0.00,3.21,0.00,90.85,0.82,-3.66,0.02
3000.00,0.00,251.62,0.00,2995.55,-163.34,249.77,-0.03,50.51,0.00,3.83,0.00,90.07,-3.22,-4.24,-0.07
3000.00,0.00,253.36,0.00,2995.52,-163.96,248.15,-0.06,50.51,0.00,2.32,0.00,89.20,-8.77,-2.96,-0.08
3000.00,0.00,254.24,0.00,2995.36,-166.70,246.96,-0.09,50.51,0.00,1.15,0.00,89.94,-11.07,-1.72,-0.04
3000.00,0.00,254.53,0.00,2995.17,-170.24,246.37,-0.11,50.51,0.00,0.26,0.00,90.70,-12.24,-0.60,-0.02
3000.00,0.00,254.30,0.00,2995.02,-172.82,246.34,-0.09,50.51,0.00,-0.91,0.00,90.36,-8.30,0.40,0.07
3000.00,0.00,253.54,0.00,2995.03,-172.56,246.86,-0.05,50.51,0.00,-1.89,0.00,90.11,-1.68,1.44,0.08
3000.00,0.00,252.34,0.00,2995.26,-168.63,247.98,-0.01,50.51,0.00,-2.75,0.00,89.55,4.86,2.44,0.08
3000.00,0.00,250.94,0.00,2995.51,-164.01,249.52,0.00,50.51,0.00,-3.40,0.00,89.04,2.32,3.25,-0.04
3000.00,0.00,248.94,0.00,2995.62,-161.98,250.79,-0.03,50.51,0.00,-4.04,0.00,88.52,-3.42,2.04,-0.08
3000.00,0.00,247.45,0.00,2995.58,-162.88,251.49,-0.07,50.51,0.00,-2.82,0.00,87.75,-9.36,1.02,-0.09
3000.00,0.00,246.35,0.00,2995.41,-165.83,251.72,-0.10,50.51,0.00,-1.65,0.00,88.62,-11.62,0.01,-0.04
3000.00,0.00,245.82,0.00,2995.21,-169.49,251.44,-0.11,50.51,0.00,-0.65,0.00,89.48,-12.78,-1.00,-0.02
3000.00,0.00,246.14,0.00,2995.21,-169.49,251.44,-0.11,50.51,0.00,1.22,0.00,89.48,-12.78,-1.00,-0.02
3000.00,0.00,246.85,0.00,2995.04,-172.50,250.62,-0.10,50.51,0.00,2.01,0.00,89.31,-8.57,-1.99,0.07
3000.00,0.00,248.03,0.00,2995.06,-172.11,249.08,-0.05,50.51,0.00,2.81,0.00,89.19,-1.06,-2.98,0.09
3000.00,0.00,249.69,0.00,2995.27,-168.44,247.36,-0.01,50.51,0.00,3.54,0.00,88.79,4.78,-3.67,0.08
3000.00,0.00,251.59,0.00,2995.48,-164.69,246.08,0.00,50.51,0.00,4.10,0.00,88.44,3.10,-2.59,-0.02
3000.00,0.00,253.22,0.00,2995.62,-162.11,245.10,-0.02,50.51,0.00,2.78,0.00,88.04,-2.23,-1.45,-0.08
3000.00,0.00,254.27,0.00,2995.60,-162.41,244.67,-0.06,50.51,0.00,1.66,0.00,87.42,-8.04,-0.50,-0.09
3000.00,0.00,254.74,0.00,2995.41,-165.92,244.71,-0.11,50.51,0.00,0.82,0.00,86.44,-14.21,0.55,-0.09
3000.00,0.00,254.89,0.00,2995.16,-170.32,245.30,-0.12,50.51,0.00,-0.08,0.00,86.47,-11.80,1.57,0.04
3000.00,0.00,254.56,0.00,2995.05,-172.24,246.34,-0.08,50.51,0.00,-1.09,0.00,86.86,-6.13,2.45,0.08
3000.00,0.00,253.78,0.00,2995.12,-171.02,247.82,-0.04,50.51,0.00,-2.01,0.00,87.01,0.26,3.24,0.09
3000.00,0.00,252.43,0.00,2995.30,-167.94,249.55,-0.01,50.51,0.00,-2.89,0.00,88.27,2.24,3.85,0.04
3000.00,0.00,250.76,0.00,2995.45,-165.24,251.48,-0.02,50.51,0.00,-3.60,0.00,87.97,-0.70,4.33,-0.05
3000.00,0.00,248.84,0.00,2995.47,-164.87,253.39,-0.06,50.51,0.00,-4.15,0.00,87.39,-7.19,2.79,-0.08
3000.00,0.00,247.12,0.00,2995.35,-166.95,254.53,-0.09,50.51,0.00,-2.75,0.00,88.46,-9.69,1.55,-0.04
3000.00,0.00,246.00,0.00,2995.22,-169.30,254.99,-0.10,50.51,0.00,-1.49,0.00,89.29,-10.80,0.62,-0.02
3000.00,0.00,245.52,0.00,2995.11,-171.25,255.03,-0.09,50.51,0.00,-0.32,0.00,89.13,-7.29,-0.34,0.06
3000.00,0.00,245.67,0.00,2995.12,-171.04,254.70,-0.06,50.51,0.00,0.77,0.00,89.06,-2.31,-1.16,0.08
3000.00,0.00,246.33,0.00,2995.31,-167.64,253.76,-0.01,50.51,0.00,1.74,0.00,88.70,4.08,-2.16,0.08
3000.00,0.00,247.30,0.00,2995.54,-163.61,252.44,-0.00,50.51,0.00,2.51,0.00,88.31,1.81,-2.98,-0.04
3000.00,0.00,248.62,0.00,2995.63,-161.84,250.95,-0.03,50.51,0.00,3.21,0.00,87.91,-3.20,-3.59,-0.08
3000.00,0.00,250.71,0.00,2995.57,-162.91,248.90,-0.07,50.51,0.00,3.93,0.00,87.13,-9.75,-4.18,-0.09
3000.00,0.00,252.28,0.00,2995.40,-166.12,247.18,-0.10,50.51,0.00,2.62,0.00,88.08,-12.02,-2.78,-0.04
3000.00,0.00,253.28,0.00,2995.15,-170.48,246.01,-0.12,50.51,0.00,1.48,0.00,89.10,-13.30,-1.49,-0.02
3000.00,0.00,253.75,0.00,2994.96,-173.81,245.54,-0.10,50.51,0.00,0.35,0.00,89.01,-8.71,-0.34,0.07
3000.00,0.00,253.63,0.00,2994.95,-173.96,245.62,-0.07,50.51,0.00,-0.69,0.00,89.00,-2.81,0.60,0.09
3000.00,0.00,253.13,0.00,2995.11,-171.29,246.17,-0.02,50.51,0.00,-1.53,0.00,88.72,2.98,1.54,0.09
3000.00,0.00,252.02,0.00,2995.36,-166.76,247.19,0.00,50.51,0.00,-2.48,0.00,89.75,4.68,2.43,0.04
3000.00,0.00,250.65,0.00,2995.57,-162.89,248.58,-0.00,50.51,0.00,-3.20,0.00,89.26,1.26,3.18,-0.06
3000.00,0.00,248.94,0.00,2995.65,-161.57,250.61,-0.04,50.51,0.00,-3.82,0.00,88.52,-5.64,3.90,-0.09
3000.00,0.00,247.64,0.00,2995.55,-163.42,252.09,-0.08,50.51,0.00,-2.75,0.00,87.66,-11.34,2.67,-0.09
3000.00,0.00,246.64,0.00,2995.33,-167.35,253.12,-0.11,50.51,0.00,-1.68,0.00,88.49,-13.45,1.51,-0.04
3000.00,0.00,246.08,0.00,2995.13,-170.83,253.59,-0.11,50.51,0.00,-0.57,0.00,88.41,-9.89,0.45,0.06
3000.00,0.00,246.04,0.00,2995.09,-171.54,253.52,-0.07,50.51,0.00,0.32,0.00,88.50,-3.46,-0.61,0.08
3000.00,0.00,246.31,0.00,2995.24,-168.94,252.92,-0.02,50.51,0.00,1.05,0.00,88.30,2.79,-1.61,0.09
3000.00,0.00,247.08,0.00,2995.49,-164.35,251.81,0.01,50.51,0.00,1.97,0.00,89.41,4.66,-2.52,0.04
3000.00,0.00,248.20,0.00,2995.70,-160.63,250.44,0.00,50.51,0.00,2.75,0.00,88.94,1.36,-3.24,-0.06
3000.00,0.00,249.97,0.00,2995.77,-159.24,248.64,-0.03,50.51,0.00,3.54,0.00,88.32,-4.76,-3.87,-0.09
